2 2 0.254428735776 0.000448105006791
2 3 0.255272048386 0.00062912499087
2 4 0.256059961549 0.000832568649701
2 5 0.256761677321 0.00103599991876
2 6 0.257137689071 0.00115529924639
2 7 0.257368876911 0.00121823781446
2 8 0.257519081024 0.00125163941179
2 9 0.257498766802 0.00122017787685
2 10 0.257452024971 0.0011855569448
2 11 0.25724593444 0.00109928447051
2 12 0.257108516673 0.00104078192664
2 13 0.25690690673 0.000970322575087
2 14 0.256691435381 0.000904359050453
2 15 0.256507579531 0.000851996949172
2 16 0.256377839238 0.000823374709127
2 17 0.256294252944 0.000805995522282
2 18 0.256342353354 0.000830353377729
2 19 0.256403248336 0.000863982744361
2 20 0.25658284131 0.000935375382019
3 2 0.253442811792 0.000275169339896
3 3 0.254216531272 0.000407997129745
3 4 0.254803899932 0.000524725094532
3 5 0.255340665746 0.000643824680718
3 6 0.255839485102 0.000767862696246
3 7 0.256285863907 0.000888230165307
3 8 0.256605235346 0.000982690423063
3 9 0.25681123274 0.00104372645414
3 10 0.25701694301 0.00110012222726
3 11 0.257114521564 0.00112540489192
3 12 0.257237031625 0.00115436322873
3 13 0.257236125646 0.001141342921
3 14 0.257268553237 0.0011414408079
3 15 0.257263599131 0.00112725360179
3 16 0.257205096747 0.00109948952623
3 17 0.257163170245 0.00107918107609
3 18 0.257062140713 0.00103802383883
3 19 0.256959693121 0.000999480433389
3 20 0.256857690585 0.000964154247061
4 2 0.252725013668 0.000171937729115
4 3 0.253486974244 0.000281470024494
4 4 0.254035811872 0.000374899334289
4 5 0.254521401915 0.000466147795472
4 6 0.254952692967 0.000554393379276
4 7 0.255280860243 0.000630046564679
4 8 0.255671139782 0.000722458462004
4 9 0.255994078072 0.000805680904649
4 10 0.256249721739 0.000877426363669
4 11 0.256459466455 0.000937045805542
4 12 0.256615899116 0.000981663767426
4 13 0.256815068065 0.00103457357856
4 14 0.256885818264 0.00105209382121
4 15 0.256994794907 0.00108164391066
4 16 0.257050270076 0.0010923739752
4 17 0.25709337288 0.00109882817964
4 18 0.257157796981 0.00111408889619
4 19 0.257147443062 0.00110288512506
4 20 0.257169951821 0.00110467845255
5 2 0.252262148972 0.000116327495454
5 3 0.253035135216 0.000211989302629
5 4 0.253518083564 0.000285660759868
5 5 0.254008082383 0.000367738589112
5 6 0.254303725203 0.000423336012582
5 7 0.254670810257 0.000495019646638
5 8 0.254980425169 0.000559558948532
5 9 0.255253708145 0.000621369099825
5 10 0.255530140261 0.000686652215338
5 11 0.255800543186 0.000752728453824
5 12 0.255999768805 0.00080643287348
5 13 0.256234442118 0.00086645450436
5 14 0.256377263348 0.000908074081318
5 15 0.256501748448 0.00094299737981
5 16 0.256639062274 0.000980552517952
5 17 0.256700285694 0.000996959116756
5 18 0.256842375485 0.00103494342317
5 19 0.256896311337 0.00104683707611
5 20 0.256983526023 0.00107016693474
6 2 0.251947780508 8.53350948407e-05
6 3 0.252531524918 0.000145590205171
6 4 0.25306537322 0.000215498002714
6 5 0.253483002674 0.000278468756375
6 6 0.253947585178 0.000355554685213
6 7 0.254248692696 0.000410630426073
6 8 0.254525744842 0.000463264347973
6 9 0.254757770785 0.000511066865392
6 10 0.254981611666 0.000559137281287
6 11 0.255258422634 0.000619043411581
6 12 0.25542145468 0.00065932186474
6 13 0.255650863492 0.000713703178598
6 14 0.255837853367 0.000760859137634
6 15 0.255991527242 0.000801657703076
6 16 0.25615633568 0.000844575273421
6 17 0.256293314808 0.000882094728166
6 18 0.256449711585 0.000921866045734
6 19 0.256566201079 0.000953480150604
6 20 0.256635473141 0.00097190595962
7 2 0.251751604831 6.86289024254e-05
7 3 0.252294741135 0.000118042318633
7 4 0.252779559754 0.000175184644427
7 5 0.253166554857 0.000228768281747
7 6 0.253527581289 0.000284232442216
7 7 0.253849375709 0.000337412314073
7 8 0.254086013009 0.00037981891612
7 9 0.2543286506 0.000424874755117
7 10 0.254553729815 0.00046887856858
7 11 0.254785711843 0.000515672291117
7 12 0.254978705415 0.000556979661356
7 13 0.255147304629 0.000595071656091
7 14 0.255365326963 0.000643694440326
7 15 0.25551032613 0.000679433114989
7 16 0.255708947841 0.000726156961954
7 17 0.255843670849 0.000761050596624
7 18 0.256022419554 0.000804580170091
7 19 0.256107363528 0.000829455452626
7 20 0.256241521158 0.000863624291616
8 2 0.251512143456 5.09158658403e-05
8 3 0.252039149853 9.22667233669e-05
8 4 0.252440473615 0.000132832822899
8 5 0.252933161926 0.000194341947177
8 6 0.253282681121 0.000244450882263
8 7 0.253465106491 0.000273113052562
8 8 0.253773900403 0.000323610479437
8 9 0.254024554949 0.000367309087342
8 10 0.254297156311 0.000416459309465
8 11 0.254465528329 0.000449157585381
8 12 0.2546764199 0.000490536589231
8 13 0.254757469706 0.000509785413238
8 14 0.254971008717 0.000553979550678
8 15 0.255126580839 0.000588543461473
8 16 0.255314995888 0.000630031378387
8 17 0.255490738192 0.000669936123396
8 18 0.255582837971 0.000694579732063
8 19 0.255735175869 0.000730995361017
8 20 0.255866133582 0.000763491371661
9 2 0.251400354996 4.41237320419e-05
9 3 0.25183991298 7.49329628558e-05
9 4 0.252233819143 0.000110153492537
9 5 0.252612220709 0.000152139402049
9 6 0.252904311183 0.000190025951559
9 7 0.253194340963 0.000230389961577
9 8 0.2535754944 0.000289176985773
9 9 0.253722056496 0.000313549219289
9 10 0.254045626427 0.000368546603305
9 11 0.254137886371 0.000386593164523
9 12 0.254310095051 0.000418689596329
9 13 0.254473413927 0.000450561165829
9 14 0.254645538288 0.00048454269038
9 15 0.254804011651 0.00051711548024
9 16 0.254914473293 0.000541812946387
9 17 0.255067400522 0.000574788789956
9 18 0.255237369066 0.00061189183838
9 19 0.255393931921 0.000646979201364
9 20 0.255468683066 0.000666836420031
10 2 0.251332992257 3.99889210202e-05
10 3 0.251691043734 6.32550469277e-05
10 4 0.252071203798 9.45021035529e-05
10 5 0.252440005335 0.000131982501507
10 6 0.252737741481 0.000167251834116
10 7 0.252962183875 0.000196445636013
10 8 0.253225548447 0.000234091841833
10 9 0.253490580609 0.00027429961018
10 10 0.253659289236 0.000302180987862
10 11 0.253885560151 0.000340142762006
10 12 0.254104980281 0.000378641133932
10 13 0.254225252434 0.000401294268554
10 14 0.254350511027 0.000425468832292
10 15 0.254531394985 0.000460090955521
10 16 0.254674591392 0.000489268647581
10 17 0.254812082932 0.0005174661064
10 18 0.254906563811 0.000538624747446
10 19 0.255078077737 0.000574529739499
10 20 0.255214472702 0.000604417099075
11 2 0.251244218615 3.52326109318e-05
11 3 0.251630196077 5.88758564824e-05
11 4 0.25193324539 8.21807043134e-05
11 5 0.252293722064 0.000115733768489
11 6 0.2524951102 0.000137293249607
11 7 0.252759020906 0.000168572620178
11 8 0.253053075955 0.000208018392467
11 9 0.253275061596 0.000240051842839
11 10 0.253480367547 0.000271621071986
11 11 0.253677324316 0.000303640094217
11 12 0.253834171106 0.000330313511723
11 13 0.254004070115 0.000359946292244
11 14 0.25411758711 0.000380821460829
11 15 0.254309071406 0.000415721618571
11 16 0.254456561992 0.00044380375333
11 17 0.254517022208 0.000457042788029
11 18 0.254709710302 0.000494497623882
11 19 0.254806090002 0.000515210145312
11 20 0.254918681049 0.000539154752223
12 2 0.251152503392 3.02991001865e-05
12 3 0.251517702758 5.14854355248e-05
12 4 0.251843113036 7.48175567792e-05
12 5 0.252062377544 9.30486311038e-05
12 6 0.252401284261 0.000126313496767
12 7 0.25260246751 0.000148841706136
12 8 0.252839588758 0.000178656265574
12 9 0.253069002799 0.000208865150681
12 10 0.253290888039 0.000241147877108
12 11 0.253478664113 0.000270421799603
12 12 0.253647507391 0.000297406991752
12 13 0.253750470983 0.000315036581581
12 14 0.253950158164 0.000348941551441
12 15 0.25409518978 0.000374931492099
12 16 0.254179278607 0.000390842249027
12 17 0.254319596783 0.000417075755619
12 18 0.254445529 0.000441056657505
12 19 0.254558826768 0.000463958235192
12 20 0.254673832535 0.000486811222319
13 2 0.251093830787 2.75494098204e-05
13 3 0.251375596664 4.19955063955e-05
13 4 0.251691686903 6.29911077102e-05
13 5 0.251963866073 8.4118736452e-05
13 6 0.252217369757 0.000107305019963
13 7 0.25246076725 0.000132326462699
13 8 0.252707178833 0.000160860963006
13 9 0.252937933803 0.000190434565857
13 10 0.253080398665 0.000210089999988
13 11 0.253272658538 0.000237920561976
13 12 0.253415581623 0.000259666008193
13 13 0.25354908351 0.000281108813559
13 14 0.253777462947 0.000317769248176
13 15 0.25389709479 0.000338808227162
13 16 0.2540333363 0.000362715957705
13 17 0.254126675995 0.00037990806528
13 18 0.254229413882 0.000398789949361
13 19 0.254357063687 0.000423365770475
13 20 0.254460067276 0.000443179715595
14 2 0.251033033864 2.45085934904e-05
14 3 0.25137490585 4.23030201114e-05
14 4 0.251667426581 6.17926208587e-05
14 5 0.251831929105 7.31547199954e-05
14 6 0.2520352291 8.93822055066e-05
14 7 0.252354578624 0.000120517705663
14 8 0.252529398638 0.000139508736835
14 9 0.252776453403 0.000168995975815
14 10 0.252929250982 0.000188476010359
14 11 0.253085733461 0.000209954192334
14 12 0.253226367656 0.000229809548495
14 13 0.253397378461 0.000255911912512
14 14 0.253541800319 0.000278898431169
14 15 0.25369625946 0.000303587565763
14 16 0.253851981016 0.000329770693451
14 17 0.253953816961 0.000347958511593
14 18 0.254046986522 0.000364566422035
14 19 0.254260409044 0.000402243610557
14 20 0.254291979455 0.000409354329901
15 2 0.250977433993 2.21883134276e-05
15 3 0.251284492115 3.69065490397e-05
15 4 0.251566404058 5.47018229739e-05
15 5 0.251783194557 6.98774197787e-05
15 6 0.251970534213 8.37859181531e-05
15 7 0.252176728396 0.000102808995567
15 8 0.252340128553 0.000118169675131
15 9 0.252597020654 0.000146851370495
15 10 0.252812388341 0.000172495735254
15 11 0.252954937365 0.000191615362802
15 12 0.253130243784 0.000215627081819
15 13 0.253313010898 0.000241812283145
15 14 0.253426864273 0.000259093200711
15 15 0.253574942636 0.000282775447299
15 16 0.253672437563 0.000298886138874
15 17 0.253808947405 0.000321365731731
15 18 0.253921711422 0.000341043485988
15 19 0.253989590218 0.000352956287393
15 20 0.254084978683 0.000370465021612
16 2 0.250916477788 1.93160999256e-05
16 3 0.251267685555 3.63477060459e-05
16 4 0.25147353694 4.87054134177e-05
16 5 0.251749791291 6.72771301068e-05
16 6 0.251953950291 8.28058931759e-05
16 7 0.252162454456 0.000101037566323
16 8 0.252303085945 0.000114852127141
16 9 0.25249561971 0.000135185587431
16 10 0.252669481562 0.000154823964301
16 11 0.252807846929 0.000171937819177
16 12 0.253008472734 0.000197777160323
16 13 0.25315988765 0.000219194952576
16 14 0.253281969653 0.000236389014156
16 15 0.253370216686 0.000249985951103
16 16 0.253547593476 0.00027717815647
16 17 0.25363815375 0.0002923591111
16 18 0.253727173448 0.000306917275854
16 19 0.253902967669 0.000336519433039
16 20 0.253992843083 0.000352680750422
17 2 0.250918102868 1.97604330514e-05
17 3 0.251140187478 2.95023527228e-05
17 4 0.251436452641 4.58778557918e-05
17 5 0.251613164667 5.68817267371e-05
17 6 0.251825026353 7.29031322078e-05
17 7 0.252017764935 8.81785504516e-05
17 8 0.252159096188 0.000100197703736
17 9 0.25237359103 0.000121883960893
17 10 0.252559876446 0.000141405613679
17 11 0.252679313894 0.000155581900657
17 12 0.25281908807 0.00017269745013
17 13 0.252945786931 0.000188994648515
17 14 0.25318148856 0.000221447338665
17 15 0.253265367031 0.00023348436066
17 16 0.253339803792 0.000245123970941
17 17 0.253489130616 0.000267412023293
17 18 0.253612403471 0.000287091761216
17 19 0.253754435751 0.000310106670336
17 20 0.253836279267 0.000324357349599
18 2 0.250837105745 1.62714430762e-05
18 3 0.251148901178 3.03638851133e-05
18 4 0.251353175226 4.06241261354e-05
18 5 0.251584725471 5.55636301732e-05
18 6 0.251760766702 6.76415634673e-05
18 7 0.251919891166 7.97116392187e-05
18 8 0.25213371535 9.82710819651e-05
18 9 0.25228331005 0.000112131853448
18 10 0.252483517961 0.000133267418061
18 11 0.25260490575 0.000146014647601
18 12 0.252740863051 0.000161782941579
18 13 0.252862148588 0.000177323990388
18 14 0.252991412606 0.00019453489329
18 15 0.253145307029 0.000215519849617
18 16 0.253282204914 0.000235261300658
18 17 0.25339677395 0.000252167639755
18 18 0.253473719168 0.000264458160128
18 19 0.253584827096 0.000281792855474
18 20 0.253634094012 0.000289908493657
19 2 0.250847926515 1.71229894339e-05
19 3 0.251107279456 2.82943556682e-05
19 4 0.251333242194 3.99270490765e-05
19 5 0.251555391641 5.37804632429e-05
19 6 0.251712598681 6.43279307741e-05
19 7 0.251824762099 7.18470387687e-05
19 8 0.252011484304 8.72006877898e-05
19 9 0.252171131075 0.000101110785504
19 10 0.252313740064 0.000114795092742
19 11 0.252526261584 0.000137162689894
19 12 0.252595542034 0.000144490433106
19 13 0.252813426855 0.000170888165783
19 14 0.252923956497 0.000184644655826
19 15 0.252989519684 0.000193101093641
19 16 0.253158639356 0.000216371056842
19 17 0.253240374278 0.00022829827912
19 18 0.253356548416 0.000246279074772
19 19 0.253514694097 0.000269601916594
19 20 0.253603123999 0.00028367672452
