#index	date	close	open	high	low	volume	dVolume	percent_change	dollar_change	spread	var	entropy	slope	concavity	answer
40	2014-11-14	115.099998	115.059998	115.389999	113.349998	29849000	-0.519826906680823	0.0003476447131522308	0.04000000000000625	0.017726807746381815	26.869690954	1.44340532311	5.6166701666666325	38.029164166666625	0
41	2014-11-17	114.25	115.440002	115.629997	113.129997	22573000	-0.24376025997520856	-0.010308402454809441	-1.1900020000000069	0.021768470357712826	14.301424834	1.46522691049	-2.981665666666629	-19.92917241666665	0
42	2014-11-18	110.809998	114.330002	114.379997	110.410004	41098000	0.820670712798476	-0.030788104070880715	-3.520004	0.03526688282846231	9.0950111256	1.50498328443	-5.228338666666697	-1.0908422499998853	0
43	2014-11-19	108.82	109.830002	110.68	107.220001	46841000	0.13973916005645043	-0.00919604827103618	-1.010002	0.03164874427945362	8.932063956	1.53328278287	0.08167333333336539	10.550023000000124	1
44	2014-11-20	109.82	107.809998	112.440002	107.260002	36489000	-0.22100296748574966	0.01864392948045505	2.010002	0.04760373154072268	10.122588606	1.55153153223	3.0083303333333524	2.2383125000000255	1
45	2014-11-21	110.730003	113.209999	113.5	110.434998	27432000	-0.2482117898544767	-0.02190615689343836	-2.479996	0.02737342120770372	11.020721476	1.56048735338	-0.16166049999997747	-7.404981916666581	1
46	2014-11-24	113.919998	112.0	113.93	111.550003	20646000	-0.2473753280839895	0.017142839285714345	1.9199980000000068	0.021069378727597215	7.7043752074	1.56048735338	5.119987333333351	9.645799666666656	0
47	2014-11-25	113.470001	114.940002	115.169998	112.330002	23485000	0.13750847621815362	-0.01278928984184297	-1.4700010000000105	0.02486752736481522	7.4998978008	1.52507070729	-4.2433210000000186	-17.15911791666686	0
48	2014-11-26	112.669998	113.330002	113.739998	112.330002	11794700	-0.49777730466255055	-0.005823735889460114	-0.6600039999999865	0.012477840707964661	4.4965571688	1.51948914146	0.1216560000000347	11.382452500000113	0
49	2014-11-28	111.639999	113.139999	113.230003	111.110001	8077800	-0.3151330682425157	-0.013257910670478263	-1.5	0.01886290612032125	3.884078927	1.50241750238	-1.1049936666666582	-3.0157973333333907	0
50	2014-12-01	105.989998	110.019997	110.050003	103.896004	38464200	3.7617172992646513	-0.03662969559979177	-4.029999000000004	0.056978835632119695	5.92927666	1.51374410483	-9.423337333333345	-13.144189333333353	1
51	2014-12-02	109.889999	107.349998	110.0	106.610001	18651700	-0.5150893558165774	0.023660931973189265	2.5400010000000037	0.031209713191075055	4.9910044012	1.48975031885	13.39833666666668	40.733348500000055	1
52	2014-12-03	110.639999	110.400002	111.68	108.797997	16221100	-0.13031519915074766	0.00217388583018325	0.23999700000000246	0.026076755220427378	4.992449425	1.45302843577	-5.058334833333319	-40.48084375000004	0
53	2014-12-04	109.169998	110.099998	110.5	108.910004	10779300	-0.33547663228757607	-0.00844686663845346	-0.9299999999999926	0.014502631723493982	4.8677451096	1.50682195793	-2.270001499999973	11.204168416666732	0
54	2014-12-05	107.900002	109.599998	110.349998	107.760002	12148100	0.12698412698412698	-0.015510912691804964	-1.6999959999999987	0.023816055172413787	5.57353576	1.44691343343	-0.36332483333333226	3.9858498333332855	0
55	2014-12-08	105.07	105.970001	107.400002	104.209999	19217300	0.581918160041488	-0.008492979064895953	-0.9000010000000032	0.030231264072065698	8.3118427776	1.47080847632	-4.196675333333327	-7.151699249999997	1
56	2014-12-09	107.480003	102.269997	107.949997	101.199997	24866800	0.2939799035244285	0.050943640880325755	5.210005999999993	0.06436233611442194	7.0418744112	1.48653953432	7.296675833333367	19.886702833333345	0
57	2014-12-10	103.879997	107.089996	107.379997	103.510002	18466700	-0.25737529557482264	-0.029974779343534538	-3.2099989999999963	0.03668763453009171	7.4974005602	1.49496191896	-10.355015166666675	-33.805879250000054	1
58	2014-12-11	104.970001	104.440002	106.839996	104.290001	15684300	-0.1506712081747145	0.005074674357053243	0.5299989999999895	0.024354089713660865	6.3085209464	1.48653953432	7.001681999999978	35.51089258333318	1
59	2014-12-12	105.110001	104.699997	107.449997	104.179001	14537600	-0.07311132788839796	0.003915988650887933	0.4100040000000007	0.031180554131648164	4.95223997	1.46007870938	-2.215006666666677	-21.56838158333331	0
60	2014-12-15	104.699997	106.389999	107.769997	103.699997	16521800	0.13648745322474137	-0.015884970541263064	-1.6900020000000069	0.03856175164265016	5.3651698706	1.51471090606	-0.5516726666666614	5.386675500000062	1
61	2014-12-16	105.769997	103.75	107.68	103.699997	21700600	0.31345252938541807	0.019469850602409675	2.0199970000000036	0.037991629028135306	4.413450727	1.53402652844	2.486671333333362	5.004186000000042	1
62	2014-12-17	109.019997	107.110001	109.190002	106.279999	17311100	-0.2022755131194529	0.01783209767685472	1.9099960000000067	0.026928265645012436	3.29824180381	1.53402652844	4.573331999999979	1.6608183333333386	1
63	2014-12-18	109.25	110.580002	111.199997	108.260002	22788100	0.31638659588356605	-0.01202750927785291	-1.3300019999999932	0.026747895858182238	3.344626957	1.53402652844	-3.013327833333335	-13.628320916666572	1
64	2014-12-19	110.650002	109.93	110.650002	108.040001	14857800	-0.3480018079611727	0.006549640680432946	0.7200019999999938	0.02366489234141903	4.897003332	1.53402652844	3.381666833333341	13.96748858333342	0
65	2014-12-22	108.769997	110.629997	110.980003	108.529999	13041200	-0.12226574593816043	-0.016812799877414797	-1.8599999999999994	0.022333674266189752	5.00430261601	1.52507070729	-5.003343833333328	-15.650014833333367	0
66	2014-12-23	105.519997	108.300003	108.470001	103.879997	19096300	0.4643054320154587	-0.025669491440364966	-2.780006	0.04293334580488255	5.1462066192	1.48454253288	-3.2983268333333435	6.370033499999939	1
67	2014-12-24	105.949997	105.68	107.209999	105.599998	5870400	-0.692589663966318	0.0025548542770627305	0.2699969999999894	0.015215243801189458	4.3378709568	1.47558671172	3.953331666666666	11.608312750000096	0
68	2014-12-26	105.949997	105.989998	106.940002	105.5	6529100	0.1122070046334151	-0.0003774035357563053	-0.04000100000000373	0.013588770727299552	4.0321123224	1.50682195793	-1.5849999999999653	-12.936662083333184	1
69	2014-12-29	105.980003	105.949997	107.660004	105.639999	8068600	0.2357905377463969	0.00028320906889690807	0.0300060000000002	0.01906294531213134	3.75936733921	1.47852245949	0.1983443333333478	4.679184166666725	0
70	2014-12-30	105.75	105.639999	106.709999	105.129997	10205700	0.264866271720001	0.0010412817213297863	0.1100009999999969	0.014948692061822597	3.34283113861	1.54170516751	-0.4566791666666745	-1.2375432500000443	0
71	2014-12-31	103.940002	106.459999	106.470001	103.690002	10283400	0.007613392515946971	-0.02367083433844471	-2.5199969999999894	0.026425845882006336	4.18993562281	1.541171731	-3.03999083333332	-3.844121083333486	0
72	2015-01-02	103.599998	104.239998	104.720001	102.519997	12303400	0.19643308633331388	-0.006139677784721375	-0.6400000000000006	0.02117016976847895	4.72868542041	1.56606891921	1.4116559999999605	8.525793416666565	0
73	2015-01-05	101.0	102.760002	103.019997	99.900002	18337000	0.4904010273582912	-0.0171273060115355	-1.760002	0.030624214461874643	6.37620926541	1.27942086112	-4.9733243333333235	-12.204960916666627	1
74	2015-01-06	103.32	101.25	103.849998	100.110001	15720400	-0.14269509734416752	0.020444444444444376	2.069999999999993	0.03656447181893731	3.9712329704	1.33786067784	7.173329666666665	22.100805000000037	0
75	2015-01-07	102.129997	104.589996	104.739998	102.029999	11052200	-0.2969517315081041	-0.02352040437978405	-2.4599989999999963	0.026219031460590233	2.9035237592	1.37468130401	-5.755004833333288	-26.249164249999865	1
76	2015-01-08	105.029999	102.949997	105.339996	102.68	12942100	0.17099762943124447	0.020204002531442593	2.0800020000000075	0.025579344659666138	2.806945271	1.38600790646	7.478340499999983	26.384187916666615	0
77	2015-01-09	103.019997	105.239998	105.300003	102.889999	10222200	-0.21015909319198584	-0.021094650723957598	-2.2200009999999963	0.02314418570882997	2.5921776188	1.54959411564	-7.4650069999999955	-29.12669525000001	0
78	2015-01-12	101.620003	103.199997	103.360001	101.209999	7997200	-0.2176635166598188	-0.01531001982490367	-1.5799939999999992	0.020994063079777373	2.5666303078	1.55995391687	0.7450139999999882	19.440039249999966	0
79	2015-01-13	100.769997	102.589996	102.849998	100.010002	11294400	0.41229430300605213	-0.017740511462735566	-1.8199989999999957	0.027930724800919907	2.4660767752	1.47852245949	-0.5950186666666563	-4.625061333333254	0
80	2015-01-14	99.580002	99.279999	100.18	98.059998	17808000	0.5767105822354441	0.0030217868958680146	0.3000029999999896	0.021321552744033363	2.520987783	1.47852245949	-1.6566485000000408	-1.9907599166667562	0
81	2015-01-15	96.309998	99.669998	100.139999	96.019997	18260100	0.025387466307277628	-0.03371124779193849	-3.3600000000000136	0.04204512791193239	5.4119952304	1.42903846393	-4.890015166666672	-4.5992350833331175	1
82	2015-01-16	96.889999	96.089996	97.800003	95.519997	13327900	-0.2701080497916222	0.008325559717996074	0.8000030000000038	0.023629454441637852	6.8311608912	1.47852245949	4.481674833333382	16.81088350000012	1
83	2015-01-20	100.040001	98.300003	100.209999	97.589996	12105600	-0.09170987177274739	0.01770089467850779	1.739998	0.026419309742476325	6.9077685714	1.48523429734	4.008334500000004	-5.319186166666668	1
84	2015-01-21	103.290001	100.75	103.860001	100.32	15186900	0.2545350911974623	0.02521092803970227	2.5400010000000037	0.03469908824397627	6.8931560516	1.46816265826	2.476664666666698	-3.460837416666626	1
85	2015-01-22	104.0	104.599998	104.919998	103.099998	11433000	-0.24718013551152637	-0.005736118656522339	-0.5999979999999994	0.017449664596832906	7.679865921	1.47521293187	-1.440001166666666	-5.33582966666675	0
86	2015-01-23	103.110001	104.019997	105.199997	103.019997	9873800	-0.13637715385288202	-0.008748279429387088	-0.9099960000000067	0.021049582591122246	6.4852430886	1.47521293187	-1.376663666666687	2.62167349999991	1
87	2015-01-26	103.989998	104.400002	105.129997	103.330002	10664900	0.08012112864348073	-0.003927241304075844	-0.4100040000000007	0.017275253131148423	6.988382132	1.47521293187	2.8883263333333247	7.367481749999986	0
88	2015-01-27	102.940002	102.889999	103.57	100.580002	15659900	0.46835882192988215	0.0004859850372824262	0.050003000000003794	0.02905308249986356	7.3194385544	1.46816265826	-3.2483221666666586	-12.110799750000032	0
89	2015-01-28	98.449997	100.300003	101.489998	97.790001	42144700	1.6912496248379618	-0.01844472527084578	-1.8500060000000076	0.03723267421383644	7.9532639	1.50498328443	-6.713348166666695	-2.9425497500001256	0
90	2015-01-29	89.809998	90.529999	90.739998	87.360001	76561400	0.8166317472896948	-0.007953175830699065	-0.7200010000000105	0.0374847183789185	19.045148855	1.23738863483	-10.951657666666634	-4.126617249999849	0
91	2015-01-30	89.080002	89.599998	92.0	88.110001	36806900	-0.5192499092231856	-0.005803526915257365	-0.5199960000000061	0.04354151555854044	28.91626196	1.2868726304	7.245004500000007	31.675816833333386	1
92	2015-02-02	90.129997	91.129997	91.660004	88.610001	18865300	-0.4874520809956829	-0.01097333515768688	-1.0	0.03365334989473743	36.0980905184	1.29819923285	-0.1033468333333379	-21.024195916666656	1
93	2015-02-03	90.610001	91.650002	91.650002	89.900002	13512300	-0.28374846941209525	-0.011347528393943774	-1.0400010000000037	0.019203335577691175	41.1667130666	1.2868726304	-0.5883188333333417	0.5450544999999162	0
94	2015-02-04	90.0	90.989998	91.879997	89.480003	14643600	0.08372371838991141	-0.01088029477701494	-0.9899979999999999	0.026520736245325627	41.7820378536	1.45390030804	-1.3283414999999887	0.06745166666680309	0
95	2015-02-05	87.0	89.580002	89.839996	86.099998	28926200	0.9753475921221557	-0.02880109335116998	-2.5800019999999932	0.04236038008426345	41.3128364936	1.18856487378	-4.628330833333337	-4.404974666666732	0
96	2015-02-06	85.68	87.110001	87.400002	85.419998	17587600	-0.39198373792617075	-0.016416037005900046	-1.43000099999999	0.022918039105746562	38.682646031	1.34791009821	0.8766663333333374	10.672492583333375	1
97	2015-02-09	86.0	85.830002	86.75	85.470001	12109500	-0.311475130205372	0.00198063609505691	0.16999800000000675	0.014898434325805383	27.43710044	1.39539709233	1.1266666666666272	-2.1674990833334298	1
98	2015-02-10	87.260002	87.010002	87.470001	86.519997	12043300	-0.0054667822783764815	0.002873232895684797	0.25	0.010902668023121096	12.0267892272	1.43207872066	1.496670333333346	-0.36499416666659573	0
99	2015-02-11	86.0	87.580002	87.699997	85.82	12391900	0.028945554789800137	-0.018040670974179624	-1.5800019999999932	0.021661446921748546	3.447499656	1.45948187387	-3.673339333333331	-8.510017333333357	1
100	2015-02-12	87.099998	85.599998	88.300003	85.550003	15177800	0.2248162105891752	0.01752336489540572	1.5	0.03184713449559084	3.21254374	1.45390030804	3.906665999999992	14.885013166666681	1
101	2015-02-13	89.050003	88.199997	89.300003	87.650002	14665200	-0.033773010581243657	0.009637256563625593	0.8500060000000076	0.018617782792665762	3.2054609614	1.46816265826	1.87167749999999	-6.517483250000017	0
102	2015-02-17	86.849998	88.779999	88.989998	86.699997	15191700	0.03590131740446772	-0.021739141943446116	-1.9300010000000043	0.026077561226628087	2.699686854	1.47521293187	-5.9416823333333655	-12.349215666666689	0
103	2015-02-18	86.739998	87.099998	87.43	86.5	7422300	-0.511424001263848	-0.004133180347489784	-0.35999999999999943	0.010699494033582547	1.6830374916	1.45025234466	3.015007500000015	18.633382666666648	1
104	2015-02-19	86.889999	86.809998	87.870003	86.709999	7604100	0.02449375530495938	0.0009215643571378724	0.08000100000000998	0.01335640782998978	0.792022422803	1.44691343343	-0.32999983333333677	-8.967520416666522	0
105	2015-02-20	86.639999	87.25	87.290001	86.379997	7821700	0.028616141292197632	-0.006991415472779334	-0.6100009999999969	0.010466432862536283	0.793390444603	1.43682866896	-0.6700011666666702	0.01249883333332491	0
106	2015-02-23	85.470001	86.510002	86.68	85.25	9367900	0.19768081107687588	-0.0120217428731536	-1.0400010000000037	0.01662984038905973	0.845281166003	1.36552308602	-1.803329333333347	-1.3116570833333487	0
107	2015-02-24	84.690002	85.529999	85.529999	83.879997	15846400	0.6915637442756648	-0.009821080437519902	-0.8399969999999968	0.01938669945137646	1.209329322	1.32659747438	-0.1483338333333156	3.3774905000000124	1
108	2015-02-25	86.190002	84.379997	86.830002	84.360001	13645700	-0.13887696890145396	0.02145064072472062	1.8100050000000039	0.028961728492476527	1.185895894	1.304775887	3.269999499999978	4.701668416666517	0
109	2015-02-26	85.370003	86.919998	87.160004	85.199997	8763300	-0.35779769451182425	-0.017832432531809418	-1.5499950000000098	0.022752417303660056	1.2924282166	1.27480609652	-3.5133311666666884	-12.86916183333338	0
110	2015-02-27	85.120003	85.949997	86.559998	85.0	8377200	-0.044058744993324434	-0.009656707725074142	-0.8299939999999992	0.018238124744256658	1.4072679464	1.23574148704	0.9983321666666853	10.325826666666728	0
111	2015-03-02	84.0	85.0	85.019997	83.75	11213400	0.3385618106288497	-0.011764705882352941	-1.0	0.01502955029585803	0.926001802003	1.15956979674	-2.0350051666666644	-6.279171666666666	0
112	2015-03-03	81.580002	82.949997	83.25	80.029999	39246100	2.4999286567856314	-0.016515913798043937	-1.369995000000003	0.03914181024215525	2.3146464858	1.27220005972	-3.2133261666666804	-0.8041445000000635	1
113	2015-03-04	85.489998	80.269997	85.825996	80.169998	36607200	-0.06723980217142594	0.06503053687668627	5.220000999999996	0.06824322117046391	2.0875222108	1.25395131036	9.61832266666668	21.34829891666671	1
114	2015-03-05	86.099998	85.75	86.269997	84.010002	18514800	-0.4942306431521668	0.004081609329446056	0.34999799999999937	0.026301949680558084	1.867823304	1.21726968203	-4.24999466666668	-28.751633416666664	0
115	2015-03-06	84.400002	85.739998	86.0	84.050003	10673700	-0.42350443969149004	-0.015628598451798415	-1.3399959999999993	0.022922264017867594	1.6138078458	1.18054779895	-2.5249939999999973	8.414994833333367	0
116	2015-03-09	82.529999	84.349998	84.349998	81.480003	17616500	0.6504586038580811	-0.0215767521417131	-1.8199989999999957	0.03439591384939925	2.0218807114	1.12946482256	-1.2416768333333106	3.02413858333342	1
117	2015-03-10	82.970001	81.089996	83.150002	80.650002	13817000	-0.2156784832401442	0.023184179217372227	1.880004999999997	0.030476655439656015	2.238944614	1.12173420238	2.4216751666666503	5.101704749999944	0
118	2015-03-11	81.989998	83.0	83.379997	81.190002	12768700	-0.07587030469711226	-0.012168698795180724	-1.010002	0.026547003170458806	2.301945178	1.11008580118	-2.9333421666666575	-10.84253516666674	0
119	2015-03-12	81.919998	82.099998	82.900002	81.529999	11232000	-0.12034897836114875	-0.00219244828727027	-0.1799999999999926	0.016705316832223274	2.396820074	1.48594269881	1.1616708333333368	8.79502750000008	0
120	2015-03-13	81.860001	81.800003	81.919998	80.769997	12663300	0.12743055555555555	0.0007334718557405567	0.05999799999999311	0.01405353747883329	2.3687826224	1.48594269881	-0.35499550000000113	-3.8508376666667536	1
121	2015-03-16	84.0	82.010002	85.199997	81.940002	16905700	0.33501535934551024	0.02426530851688066	1.989998	0.039274681774896784	2.3687826224	1.48594269881	3.969994666666674	7.222482583333412	1
122	2015-03-17	84.5	84.010002	85.099998	83.510002	17639000	0.04337590280201352	0.005832615026006069	0.48999799999999993	0.018871235904442032	2.141023596	1.47080847632	-1.5999978333333378	-11.007483000000102	1
123	2015-03-18	84.589996	83.870003	85.949997	83.300003	35663000	1.0218266341629345	0.008584630669442117	0.7199930000000023	0.03146140348724557	1.8694034244	1.52507070729	0.29499233333333547	5.4674818333333235	1
124	2015-03-19	85.739998	85.110001	87.040001	85.0	30454700	-0.1460421164792642	0.007402150071646727	0.629997000000003	0.02388060886087572	1.692859518	1.43131050214	2.170008333333328	2.7500297499999817	0
125	2015-03-20	85.199997	86.330002	86.800003	85.089996	21181500	-0.30449158914715957	-0.013089366081562203	-1.130004999999997	0.019938284964369467	1.90245828	1.42426022853	-2.3016721666666626	-8.308362749999938	0
126	2015-03-23	84.25	85.25	85.529999	84.209999	11184000	-0.47199206855038595	-0.011730205278592375	-1.0	0.01557522123893814	1.8247144584	1.45255972696	-0.7283259999999672	4.564192333333419	0
127	2015-03-24	83.629997	84.349998	84.5	82.389999	14545100	0.300527539341917	-0.00853587453552751	-0.7200009999999963	0.025122050991845748	1.767294846	1.47080847632	-0.20834266666667625	0.5749684166666782	1
128	2015-03-25	83.75	83.940002	84.480003	82.669998	13507200	-0.07135736433575568	-0.0022635453356315964	-0.1900020000000069	0.02158751241472333	1.4202225924	1.47558671172	0.6266766666666589	0.8475381666666237	1
129	2015-03-26	84.169998	83.199997	84.995003	82.959999	12208000	-0.09618573797678276	0.011658666285769344	0.9700010000000105	0.024317429178390075	0.965047277403	1.47976429747	0.42332516666668124	-0.9192037499999136	1
130	2015-03-27	84.580002	84.779999	85.150002	83.339996	9703800	-0.20512778505897772	-0.0023590115871552487	-0.19999700000001042	0.021374657408038174	0.374808556403	1.47080847632	0.30167733333331626	-0.20079616666680522	0
131	2015-03-30	83.900002	85.029999	85.150002	83.75	10020500	0.03263669902512418	-0.013289392135592087	-1.129997000000003	0.01657493626605733	0.384528320004	1.49081586317	-1.5850053333333183	-2.8758665833332393	0
132	2015-03-31	83.239998	83.639999	84.449997	83.199997	11812900	0.17887330971508408	-0.0047824127783646095	-0.40000100000000316	0.014980824813893063	0.510024494004	1.51727668811	-0.2800059999999907	3.1375051666665663	0
133	2015-04-01	82.360001	83.370003	83.720001	82.18	14896400	0.2610281979869465	-0.01211469309890753	-1.010002	0.018584456197804588	0.830475020803	1.51056485026	-1.069989833333338	-1.6974719166666716	0
134	2015-04-02	82.279999	82.879997	83.0	81.25	19868200	0.3337584919846406	-0.007239358370150512	-0.5999979999999994	0.02119157232239216	0.760583629203	1.47852245949	0.659991500000018	2.974961916666691	0
135	2015-04-06	81.82	82.050003	82.589996	81.613998	12810500	-0.3552259389375988	-0.0028032052600901257	-0.23000300000001062	0.011911856741712565	0.799116304803	1.57084715461	-1.0433281666666734	-3.5766373333333945	1
136	2015-04-07	82.209999	81.940002	82.949997	81.879997	9443000	-0.2628703017056321	0.0032950572786169734	0.2699969999999894	0.01303685645423777	0.826044379203	1.56048735338	1.22499633333337	4.28914775000005	1
137	2015-04-08	85.389999	83.300003	85.540001	83.066002	26161500	1.7704648946309436	0.025089987091597096	2.0899959999999993	0.029331898401424007	1.258300272	1.56606891921	5.221668166666642	5.38084466666668	1
138	2015-04-09	86.139999	87.029999	87.690002	85.199997	27800400	0.06264549051086521	-0.010226358844379632	-0.8900000000000006	0.028757926069849702	1.9540288614	1.56606891921	-2.2050003333333357	-14.213338000000002	0
139	2015-04-10	84.580002	86.68	86.690002	84.150002	18300300	-0.34172529891656234	-0.024227018920166283	-2.0999980000000136	0.029662501113365707	2.015160466	1.56048735338	-2.674994500000011	2.7050096666666454	0
140	2015-04-13	84.279999	85.160004	85.709999	83.82	15797100	-0.13678464287470699	-0.010333548129001932	-0.880004999999997	0.022308769671114833	1.967459956	1.55570911798	1.5199910000000187	7.992474000000101	1
141	2015-04-14	85.0	84.629997	85.129997	83.529999	11819000	-0.25182470200226625	0.004372007717310884	0.370002999999997	0.0188645643848004	2.137959932	1.56048735338	1.1500063333333277	-2.71246858333339	0
142	2015-04-15	84.669998	85.080002	85.360001	84.160004	12225800	0.034419155596920215	-0.004819040789397096	-0.4100039999999865	0.014138403534609675	2.1818604744	1.52366672721	-1.5450058333333203	-4.797525583333244	0
143	2015-04-16	84.059998	85.150002	85.400002	83.889999	12048600	-0.014493939046933534	-0.012800986193752615	-1.0900040000000075	0.01784768039713962	1.9275409402	1.50241750238	-0.49333066666668896	3.0933513333332505	0
144	2015-04-17	81.900002	83.080002	83.25	81.610001	22653200	0.8801520508606809	-0.014203177318170897	-1.1799999999999926	0.019881185116227818	2.0745237	1.47274589291	-3.3583266666666227	-4.689996749999845	1
145	2015-04-20	82.199997	82.25	82.690002	81.519997	13471000	-0.4053378772094009	-0.0006079392097264899	-0.050003000000003794	0.014229310080194204	1.9214608362	1.46903453053	2.866652833333324	11.309964249999894	1
146	2015-04-21	82.419998	82.860001	82.919998	82.139999	10056000	-0.25350753470417936	-0.005310197860123007	-0.44000299999999015	0.009438516514027854	1.8484441524	1.46903453053	-0.6666576666666278	-8.62411999999992	0
147	2015-04-22	82.050003	82.779999	82.839996	81.519997	13316900	0.32427406523468577	-0.008818506992250626	-0.7299959999999999	0.01601648952233824	1.966678942	1.40354444021	-0.8349936666666906	0.7608197499999013	1
148	2015-04-23	82.279999	81.879997	82.75	81.620003	11483300	-0.13768970255840324	0.0048852224554917925	0.40000200000000063	0.01376702031596057	1.4471234052	1.40354444021	0.9266538333333187	3.348301249999944	1
149	2015-04-24	84.57	82.879997	84.989998	82.800003	21058400	0.8338282549441363	0.020390963575927616	1.6900029999999902	0.02615700255879964	1.4446599096	1.41477229957	3.8066748333333416	3.767543749999921	1
150	2015-04-27	84.900002	85.529999	86.269997	84.650002	17434200	-0.1721023439577556	-0.007365801559286853	-0.629997000000003	0.019010678759545426	1.595444757	1.41848366195	-1.9899988333332885	-11.003352833333233	1
151	2015-04-28	85.080002	85.540001	85.57	83.82	11110500	-0.36271810579206387	-0.005377589368978503	-0.4599990000000105	0.02051342127804323	1.6215414286	1.41059471382	0.70833133333331	7.004162583333216	0
152	2015-04-29	82.449997	84.059998	84.400002	81.639999	21098000	0.8989244408442464	-0.019152998314370614	-1.610000999999997	0.03315119912171035	1.5069904204	1.41059471382	-4.92167516666666	-9.567507999999995	0
153	2015-04-30	81.290001	82.220001	82.650002	80.440002	14209700	-0.3264906626220495	-0.011311116379091173	-0.9299999999999926	0.027031985480619025	1.7161254432	1.57224732055	1.001679833333365	12.111705250000076	0
154	2015-05-01	81.169998	81.029999	82.25	80.110001	17910500	0.2604418108756694	0.0017277428326267544	0.1399990000000031	0.02638716448311652	1.9121315026	1.53328278287	0.25665483333333344	-3.7075504999999302	0
155	2015-05-04	80.589996	81.169998	81.559998	80.120003	21551500	0.20328857374165993	-0.0071455219205500955	-0.5800020000000075	0.01780409314307957	2.35182379001	1.46157894712	-1.3099988333333386	-2.9408023333334747	0
156	2015-05-05	79.540001	80.440002	80.900002	77.769997	32661900	0.5155279214903835	-0.011188475604463599	-0.9000010000000032	0.039129953010439644	3.2480790004	1.4964621567	-1.2883228333333392	0.8858445000000378	1
157	2015-05-06	80.0	79.650002	80.849998	79.510002	24953500	-0.23600586616210326	0.004394199513014442	0.34999799999999937	0.01678667063217449	3.7665240416	1.541171731	1.8749916666666735	5.3141302499999385	1
158	2015-05-07	86.0	88.830002	89.290001	84.910004	69448800	1.783128619231771	-0.03185862812431315	-2.8300019999999932	0.05010578218720153	5.0811722834	1.55570911798	10.113336166666665	11.449193000000028	1
159	2015-05-08	87.059998	87.82	88.269997	86.889999	30140600	-0.5660025803181624	-0.00865408790708267	-0.7600020000000001	0.01578222799384982	6.640657732	1.37377408764	-4.90333733333335	-28.72084750000002	0
160	2015-05-11	86.720001	86.699997	87.669998	86.059998	19776900	-0.34384517892809036	0.00023072665158223863	0.020004000000000133	0.018567639471429514	7.700261896	1.40715705949	0.14000783333335676	14.99168783333345	1
161	2015-05-12	86.769997	87.050003	87.5	86.139999	16077800	-0.18704144734513498	-0.0032166110321673416	-0.2800060000000002	0.015648383385111	8.6637281638	1.36996646761	0.8416551666666502	0.5757969166666044	1
162	2015-05-13	87.529999	87.080002	88.470001	87.0	19015900	0.1827426637972857	0.005167627350307255	0.4499970000000104	0.016837534981744787	10.2659597786	1.43876608555	1.2216760000000069	-0.3174580833332736	1
163	2015-05-14	88.400002	87.739998	88.480003	87.529999	12087900	-0.36432669502889686	0.007522270515666079	0.6600040000000007	0.010786919495855488	11.4355582848	1.5789591584	0.725001833333342	-1.3333538333332058	1
164	2015-05-15	88.459999	88.510002	88.959999	88.050003	13424600	0.11058165603620149	-0.000564941801718678	-0.050003000000003794	0.010284183701846647	11.5412622058	1.59349654538	-0.6516749999999973	-2.0233481666667594	0
165	2015-05-18	87.110001	87.610001	87.93	86.610001	13490200	0.004886551554608704	-0.005707110995239003	-0.5	0.015109878490042713	9.4770272536	1.59827478078	-2.25499183333334	-1.7166341666667602	1
166	2015-05-19	88.209999	86.989998	88.800003	86.470001	20727700	0.5365005707847178	0.014024612346812518	1.2200009999999963	0.026598196802480625	5.4584837008	1.59349654538	3.611659666666668	10.398302000000001	1
167	2015-05-20	90.699997	88.139999	90.800003	87.300003	29812300	0.43828307048056464	0.029044679249429002	2.559997999999993	0.03914113261331095	1.5829427544	1.45255972696	2.8316659999999985	-4.179984083333295	1
168	2015-05-21	93.879997	91.349998	94.769997	90.919998	40729400	0.3661944901936449	0.027695665630994362	2.5299990000000037	0.04156993039923147	4.49854062	1.43131050214	3.2916683333333716	0.32000216666677755	0
169	2015-05-22	93.269997	94.279999	95.059998	93.190002	22183300	-0.4553492072065879	-0.010712791797971912	-1.010002	0.019941306743616098	6.200699545	1.49346168123	-3.9983340000000234	-11.735005666666675	0
170	2015-05-26	92.519997	93.650002	93.919998	91.550003	15674900	-0.29339187587058735	-0.012066257083475524	-1.130004999999997	0.025460546948813195	6.461699713	1.53445989315	0.3966666666666659	10.962501833333334	1
171	2015-05-27	92.599998	92.220001	92.989998	91.599998	9519300	-0.3927042596762978	0.004120548643238499	0.379997000000003	0.015041662239160607	6.1218094304	1.55995391687	0.8183351666666567	-0.6566637499998933	0
172	2015-05-28	90.949997	91.690002	91.93	90.580002	14213000	0.49307196957759497	-0.008070727275150574	-0.7400050000000107	0.014783158206215426	5.301693568	1.57224732055	-3.3683363333333367	-7.525841999999936	0
173	2015-05-29	89.32	91.349998	91.5	89.32	13893200	-0.02250052768592134	-0.022222200814936047	-2.029998000000006	0.02413239634839656	4.9712307832	1.57224732055	-1.0366596666666368	5.720851583333418	1
174	2015-06-01	90.779999	90.089996	90.989998	89.489998	9905900	-0.28699651628134626	0.007659041299102781	0.6900030000000044	0.016586499048667522	4.4153591544	1.5812031417	4.028327666666702	7.369975166666791	0
175	2015-06-02	90.510002	90.550003	91.540001	90.190002	9865300	-0.00409856752036665	-0.0004417559213112751	-0.04000100000000373	0.014912172348608926	2.8554409056	1.5812031417	-2.741659000000027	-13.782473333333371	1
176	2015-06-03	90.790001	90.510002	91.040001	89.900002	9428000	-0.04432708584635034	0.003093569702937402	0.27999900000000366	0.012575829907735888	1.87349297	1.55995391687	1.3149943333333454	9.338306666666654	0
177	2015-06-04	90.589996	90.709999	91.410004	90.269997	8689000	-0.07838353839626644	-0.0013229302317597533	-0.12000299999999697	0.012575918714173127	1.8928861892	1.54728673334	-0.7833403333333328	-4.544163333333434	1
178	2015-06-05	90.709999	90.459999	91.599998	90.459999	11353900	0.30669812406490965	0.0027636524736198596	0.25	0.012584854143454846	1.3016818792	1.52569907275	0.5466776666666485	2.7975309999999545	0
179	2015-06-08	88.290001	90.650002	91.599998	88.242996	15603000	0.3742414500744238	-0.026034207919818874	-2.360000999999997	0.037520978470085245	1.47598154	1.48594269881	-4.643334833333327	-8.755029249999922	0
180	2015-06-09	87.580002	88.040001	88.18	86.120003	16081800	0.030686406460296096	-0.005224886355919174	-0.4599990000000105	0.023459708060704337	1.880072884	1.45390030804	1.5616671666666615	12.477507249999945	1
181	2015-06-10	88.900002	87.699997	88.989998	87.199997	12551300	-0.2195338830230447	0.013683067742864399	1.2000050000000044	0.020271812119319478	1.3450532404	1.38259472509	2.4416661666666784	-1.252500999999891	0
182	2015-06-11	87.209999	89.029999	89.480003	87.099998	13716200	0.0928111032323345	-0.02044254768552797	-1.8200000000000074	0.027008681650121182	1.7751545064	1.28212268209	-4.875005166666668	-12.963340166666768	0
183	2015-06-12	86.629997	87.419998	87.790001	86.480003	9977100	-0.2726046572665899	-0.009036845322279734	-0.7900010000000037	0.01505312309833743	2.5060291016	1.26087345726	1.3483331666666676	13.626677166666724	0
184	2015-06-15	86.120003	86.300003	87.169998	86.050003	10230400	0.02538813883793888	-0.002085747320310137	-0.18000000000000682	0.01299147385483797	2.9869397568	1.22749048541	-0.8216543333333467	-5.699982250000052	0
185	2015-06-16	86.089996	86.002998	86.699997	85.610001	10974200	0.07270487957460119	0.001011569387383381	0.08699799999999414	0.012667523234560022	3.17434880681	1.17944199988	0.34664616666668263	2.219107000000065	1
186	2015-06-17	86.800003	86.580002	87.800003	86.480003	10241500	-0.06676568679265915	0.0025410140323167303	0.22000100000001055	0.015226669303649028	2.61295425281	1.10556977967	1.1666896666666464	0.8625849999999767	0
187	2015-06-18	86.75	86.970001	87.589996	86.32	11737200	0.14604306009861837	-0.00252961937990545	-0.22000099999999634	0.01462118342953505	1.86799656481	1.48594269881	-0.9300160000000233	-3.873414083333349	0
188	2015-06-19	85.739998	86.510002	86.599998	85.169998	10317000	-0.12099989776096513	-0.00890075115245056	-0.7700040000000001	0.016603773584905574	0.908291011806	1.50498328443	-1.5566644999999777	0.03171075000000201	0
189	2015-06-22	85.68	86.07	86.400002	85.580002	7154200	-0.30656198507318017	-0.004531195538515004	-0.38999999999998636	0.009548762736535748	0.853741756006	1.50498328443	1.051671666666664	4.794166333333398	0
190	2015-06-23	85.080002	85.980003	86.339996	84.830002	11411300	0.595049062089402	-0.010467561858540564	-0.9000010000000032	0.017654553441641792	1.00124075601	1.50241750238	-1.3666660000000472	-5.146677083333505	1
191	2015-06-24	85.169998	85.163002	85.809998	84.849998	9434300	-0.17324932303944335	8.214834888043156e-05	0.00699600000000089	0.011272037714359444	0.463001029605	1.50241750238	0.8449910000000358	4.413319500000171	1
192	2015-06-25	85.239998	85.470001	85.599998	84.900002	8949800	-0.05135516148521883	-0.0026910377595525756	-0.2300029999999964	0.00820099588894027	0.385580404006	1.49452855425	-0.1766613333333377	-2.508304666666779	0
193	2015-06-26	83.279999	84.629997	84.650002	82.82	12668600	0.41551766519922234	-0.015951767078521806	-1.3499979999999994	0.021797415801260663	0.926606153005	1.55995391687	-3.644999499999988	-5.231680583333211	0
194	2015-06-29	81.07	83.279999	83.279999	80.800003	15199800	0.19980108299259586	-0.026536971980511314	-2.2099990000000105	0.030179446487249444	2.691580232	1.50241750238	-1.7416660000000046	5.00416749999989	1
195	2015-06-30	82.269997	82.580002	83.690002	81.959999	12624600	-0.16942328188528796	-0.0037539960340517995	-0.31000499999998965	0.020988814200720872	3.240898342	1.53923812855	4.124993666666707	8.793322583333397	1
196	2015-07-01	82.459999	82.599998	83.0	81.989998	5950000	-0.5286979389446003	-0.0016949031887386135	-0.1399990000000031	0.01223799852607534	3.1202447552	1.55995391687	-1.7883258333333647	-12.8366407500001	0
197	2015-07-02	82.07	82.120003	82.32	81.779999	6760200	0.13616806722689076	-0.0006089015851595109	-0.050003000000003794	0.0065777573559090505	2.7739239128	1.5812031417	-0.5366681666666674	4.2958125833334675	0
198	2015-07-06	80.230003	80.559998	81.5	80.120003	11864200	0.7550072483062631	-0.004096263756113757	-0.3299949999999967	0.017165209172428614	3.3750631	1.56666575472	-2.8549949999999598	-3.5116534166665665	0
199	2015-07-07	79.620003	79.449997	79.790001	76.209999	34221700	1.8844507004264932	0.002139786109746496	0.17000600000000077	0.04501165524611816	3.7410847978	1.48791164536	0.8983301666666487	7.164151333333318	0
200	2015-07-08	77.940002	76.580002	78.790001	76.220001	22714900	-0.33624279331535256	0.017759205595215495	1.3600000000000136	0.03326430149458199	4.857777799	1.56048735338	-2.981667499999977	-7.934992583333449	1
201	2015-07-09	79.040001	80.93	81.190002	79.040001	19778700	-0.12926317087022174	-0.023353503027307584	-1.889999000000003	0.026880052341813798	4.2735897592	1.56413150262	3.773332666666633	12.267500083333251	1
202	2015-07-10	80.300003	81.129997	81.199997	79.839996	11224500	-0.43249556340912193	-0.010230420691375093	-0.8299939999999992	0.016849420801585788	2.5989314048	1.54959411564	0.4666711666666856	-8.390825499999968	1
203	2015-07-13	81.860001	80.919998	82.199997	80.699997	10350500	-0.07786538375874204	0.011616448631152835	0.9400029999999902	0.018429782641785124	2.0840403572	1.56666575472	1.7566603333333006	2.9699798333332033	0
204	2015-07-14	81.5	81.580002	82.019997	81.129997	7519300	-0.2735326795806966	-0.0009806569997386522	-0.08000199999999325	0.010914888264472804	2.1337052798	1.57224732055	-2.059998833333315	-6.303316333333309	0
205	2015-07-15	80.730003	80.900002	81.5	80.209999	9514200	0.265303951165667	-0.002101347290448821	-0.16999900000000423	0.01596239510108292	1.872522667	1.56666575472	-0.47166066666666967	4.519171833333331	1
206	2015-07-16	81.529999	81.389999	82.0	80.900002	8604500	-0.09561497551028988	0.001720113057133722	0.14000000000000057	0.01350353564330389	1.599754132	1.54959411564	2.244988833333352	3.9808025000000193	1
207	2015-07-17	83.360001	81.989998	83.699997	81.580002	14505400	0.6857923179731535	0.016709391796789614	1.370002999999997	0.02564251603049605	2.1592272948	1.541171731	2.1650093333333302	-1.819959000000163	0
208	2015-07-20	82.669998	83.559998	83.68	82.050003	8126100	-0.4397879410426462	-0.010651029455505568	-0.8899999999999864	0.019611346197710346	2.509122163	1.53445989315	-3.1333424999999835	-8.829204666666556	0
209	2015-07-21	82.540001	83.110001	83.25	82.220001	5750700	-0.29231734780522023	-0.006858380377110009	-0.5699999999999932	0.012435846514508388	2.5552587154	1.541171731	1.1766763333333283	9.717537166666565	1
210	2015-07-22	84.150002	82.160004	84.75	82.0	11209200	0.9491887944076374	0.02422100661046706	1.989998	0.03307077025780397	2.0429350816	1.53445989315	2.87333066666668	1.1783059166666778	0
211	2015-07-23	83.879997	84.660004	84.970001	83.25	7452300	-0.3351621882025479	-0.009213406132132921	-0.7800069999999977	0.020410596769843335	1.510533876	1.55570911798	-2.4166759999999905	-9.90000633333338	0
212	2015-07-24	83.019997	85.169998	85.379997	82.650002	8759900	0.17546260885900997	-0.025243642720292222	-2.150001000000003	0.03246322707840026	1.1145026408	1.49496191896	-0.724993833333348	5.200863083333189	0
213	2015-07-27	81.400002	80.849998	81.699997	79.68	12185700	0.39107752371602417	0.0068027707310518585	0.5500040000000013	0.024899808936825755	1.194634324	1.51992250617	-2.0566591666666625	-2.268338416666637	0
214	2015-07-28	80.559998	80.669998	80.800003	79.25	12122800	-0.005161787997406796	-0.0013635800511611967	-0.11000000000001364	0.01922722866035429	1.4580230536	1.53445989315	0.06332016666666125	3.8874641666668026	0
215	2015-07-29	80.260002	80.980003	81.369003	80.010002	7177100	-0.40796680634836835	-0.008891096237672359	-0.7200009999999963	0.016856871221258105	1.6333801682	1.53923812855	-0.10998633333331043	-1.3316132499999185	0
216	2015-07-30	79.959999	80.110001	80.639999	79.449997	6934700	-0.033774087026793555	-0.0018724503573530182	-0.15000200000000063	0.014868520022490247	2.108619388	1.53445989315	-0.4800115000000176	-0.8150513333334857	0
217	2015-07-31	78.339996	79.849998	79.904999	78.199997	12687000	0.8294951475910999	-0.018910482627688983	-1.510002	0.021556382384084385	3.1919374208	1.55153153223	-2.7200006666666687	-3.3549728333333064	0
218	2015-08-03	77.989998	78.199997	78.5	77.110001	9277000	-0.26877906518483485	-0.0026854093101818955	-0.20999899999999627	0.017798822517409045	4.234642544	1.56666575472	1.1483394999999963	7.444174833333307	1
219	2015-08-04	78.870003	78.07	79.353996	77.800003	8501200	-0.0836261722539614	0.010247252465735927	0.8000030000000038	0.0198036570701479	4.47062143361	1.59827478078	1.4816724999999973	-1.2208387499998992	1
220	2015-08-05	79.82	79.589996	80.419998	79.480003	7502600	-0.1174657695384181	0.0028898606804804196	0.23000399999999388	0.011793426053407724	3.29415841801	1.5812031417	0.5983226666666752	-2.116693916666643	0
221	2015-08-06	78.959999	79.849998	80.75	78.639999	9297800	0.2392770506224509	-0.011145886315488738	-0.8899990000000031	0.02657264706075143	2.0582561996	1.56606891921	-2.391663333333303	-4.349968749999969	0
222	2015-08-07	78.82	79.650002	80.199997	78.660004	8738800	-0.06012174923100088	-0.010420614929802606	-0.8300020000000075	0.01943576677685655	1.0401778088	1.60385634661	1.0633353333333087	7.292492833333341	1
223	2015-08-10	80.470001	79.860001	80.989998	79.5	11276700	0.29041744861994784	0.007638367046852397	0.6099999999999994	0.018586639823032	0.764246168004	1.59156294293	2.9016670000000317	1.5216628333334181	0
224	2015-08-11	77.339996	79.481003	80.0	76.150002	22976600	1.0375287096402317	-0.02693734249931398	-2.141007000000002	0.04910054169467444	0.953583895605	1.56890973802	-7.710010000000016	-18.35334900000002	0
225	2015-08-12	73.379997	72.32	73.849998	71.029999	41093200	0.7884804540271406	0.014657038163716952	1.0599970000000098	0.03870966448956064	3.594129333	1.30828399732	-3.0583253333333382	12.763367833333376	1
226	2015-08-13	75.110001	74.0	76.730003	73.660004	23230700	-0.4346826238891106	0.015000013513513471	1.110000999999997	0.04117764039180706	4.193103116	1.36254622828	6.748337833333333	14.565819583333337	0
227	2015-08-14	74.760002	74.529999	75.489998	74.459999	12367300	-0.4676311949274021	0.0030860459289687686	0.2300029999999964	0.013798633439623375	5.0386979852	1.39458861906	-3.9800024999999977	-22.949178416666523	1
228	2015-08-17	75.190002	74.849998	75.239998	74.160004	12677400	0.02507418757529938	0.00454247173126187	0.3400040000000075	0.01439608104505464	5.4990172716	1.43131050214	1.7733335000000163	13.384174999999885	0
229	2015-08-18	73.879997	74.050003	75.129997	73.730003	11155100	-0.12007982709388361	-0.002295827050810528	-0.17000600000000077	0.018927790171026925	6.145222849	1.45255972696	-3.020008833333364	-9.191681166666664	0
230	2015-08-19	73.120003	73.150002	73.559998	72.809998	18179400	0.6296940412905307	-0.00041010251783730176	-0.02999900000000366	0.010255007511622085	6.10234038921	1.44691343343	0.27835016666666945	7.24921200000001	0
231	2015-08-20	70.32	71.980003	72.779999	70.029999	20995600	0.15491160324323136	-0.0230620023730758	-1.6600030000000032	0.038650737062879754	7.88390878781	1.39792753029	-4.683347499999992	-9.103395333333301	0
232	2015-08-21	68.18	69.32	70.660004	68.18	29128600	0.3873668768694393	-0.016445470282746486	-1.1399999999999864	0.03607278545454536	10.452404575	1.41353046158	-0.9099944999999631	8.209211000000076	0
233	2015-08-24	65.800003	58.16	65.800003	58.0	31376400	0.07716814402339968	0.13136181224209093	7.640003000000007	0.12584709279169676	11.3516695844	1.39378147449	-2.7999955000000605	-4.44000800000011	1
234	2015-08-25	68.57	68.839996	70.330002	67.489998	29948400	-0.0455119134126286	-0.00392208041383393	-0.2699960000000061	0.04133620671963332	10.149307167	1.44182996002	7.141657666666656	16.305810083333313	1
235	2015-08-26	68.660004	68.949997	69.449997	65.75	26389200	-0.11884441238930961	-0.0042058449980787605	-0.2899929999999955	0.053775117696569105	10.6921066924	1.47521293187	-3.8599881666666156	-22.628293166666555	1
236	2015-08-27	70.839996	70.839996	71.589996	70.019997	18123800	-0.31321146529640914	0.0	0.0	0.0221626071238061	9.12971395521	1.51621114379	4.814979666666659	18.40993966666656	0
237	2015-08-28	70.07	69.68	70.5	69.044998	10604600	-0.4148798817025127	0.005597014925372938	0.38999999999998636	0.02082292665474051	7.51869789301	1.54170516751	-3.924982000000019	-16.982424583333266	0
238	2015-08-31	66.120003	69.18	69.300003	66.019997	18479900	0.7426305565509307	-0.044232393755420776	-3.05999700000001	0.04848493610159048	6.34775748481	1.55399857119	-5.61666849999996	0.9991187500000555	0
239	2015-09-01	64.830002	64.379997	66.839996	64.050003	23460900	0.2695360905632606	0.006989826358643512	0.4500049999999902	0.04318540394075842	5.89254517981	1.55711309806	1.9866626666666463	14.06416883333326	1
240	2015-09-02	65.540001	65.690002	66.0	64.971001	13376300	-0.42984710731472364	-0.0022834677337961284	-0.15000100000000316	0.01568237409855121	4.2886152406	1.58678470753	1.4900003333333416	-4.618322916666547	1
241	2015-09-03	66.470001	65.820999	66.889999	65.410004	15803200	0.1814328326966351	0.00986010558727612	0.6490019999999959	0.02237484031415595	3.753850726	1.60385634661	0.44666749999998956	-2.586667416666804	0
242	2015-09-04	63.91	65.404999	65.57	63.34	18186400	0.15080490027336235	-0.022857564755868386	-1.494999000000007	0.034489425314073424	4.82092458	1.51056485026	-5.541668833333333	-8.969172416666538	0
243	2015-09-08	60.91	65.779999	66.809998	60.25	50328400	1.7673646241147232	-0.07403464691448242	-4.869999000000007	0.10355983979445754	8.2258330332	1.48984906194	-2.2033321666666503	8.80667333333335	1
244	2015-09-09	64.040001	62.73	64.669998	62.529999	33147900	-0.3413678956612966	0.020883165949306663	1.3100010000000069	0.03376191501331628	8.2806462476	1.5010769213	8.385001500000016	15.926665833333411	0
245	2015-09-10	63.830002	63.52	64.25	63.34	13281600	-0.5993230340383554	0.004880384130982324	0.3100019999999972	0.01429132290080367	7.9449588868	1.53445989315	-5.036665999999997	-27.51333525000005	1
246	2015-09-11	64.629997	63.369999	64.790001	62.700001	17747000	0.33620949283218887	0.019883194254113893	1.259998000000003	0.0326562510205079	4.977205519	1.55570911798	2.7549900000000114	18.028316750000062	0
247	2015-09-14	62.599998	62.549999	63.259998	61.48	26763300	0.5080464303825999	0.0007993445371597797	0.04999899999999968	0.02844583368228137	2.47699824	1.56606891921	-4.724992000000019	-14.177465500000059	1
248	2015-09-15	64.849998	61.450001	65.360001	61.110001	29035000	0.08488116188960255	0.05532948648772193	3.399996999999999	0.06730007970942264	2.156829916	1.55711309806	6.759997166666658	21.427474583333332	1
249	2015-09-16	67.230003	65.610001	68.080002	65.260002	25801000	-0.11138281384535904	0.024691388131513663	1.6200019999999995	0.042457089959136	2.9963514418	1.5388643487	1.0616761666666623	-14.341643750000022	0
250	2015-09-17	66.0	66.410004	66.650002	65.599998	16594600	-0.35682337893880084	-0.00617382887072256	-0.4100040000000007	0.015859889257310213	3.120183214	1.51056485026	-4.28167799999999	-6.97420508333327	0
251	2015-09-18	65.75	65.400002	65.75	64.010002	20127300	0.21288250394706712	0.005351651212487721	0.34999799999999937	0.026534471574007294	2.875526795	1.47080847632	1.7700051666666639	13.20586933333332	0
252	2015-09-21	63.900002	65.379997	66.400002	62.959999	22355100	0.11068548687603404	-0.02263681657862423	-1.4799950000000024	0.05321786860471738	2.8764656052	1.43876608555	-3.509997333333326	-10.752509999999972	0
253	2015-09-22	61.900002	62.939999	63.27	61.580002	14897900	-0.33357936220370293	-0.016523625937776065	-1.0399969999999996	0.02707462330122863	2.2788015562	1.54170516751	-1.5916689999999865	4.994157916666684	0
254	2015-09-23	60.0	61.959999	62.299999	59.68	22684600	0.522670980473758	-0.03163329618517268	-1.9599990000000034	0.042964890480197526	4.0976098044	1.51056485026	-1.7666696666666628	-0.7499983333332997	0
255	2015-09-24	59.919998	59.419998	60.34	58.209999	20645700	-0.08988035936273948	0.008414675476764574	0.5	0.035696347769275945	5.6604384032	1.51727668811	1.4033319999999871	4.887503833333312	0
256	2015-09-25	59.240002	60.630001	60.84	58.919998	17009100	-0.17614321626295062	-0.02292592738040699	-1.389999000000003	0.032034736830698234	7.2488705226	1.51992250617	-1.7866576666666845	-6.814984333333371	0
257	2015-09-28	57.389999	58.810001	60.119999	57.314999	20661600	0.21473799319187964	-0.02414558707455211	-1.4200019999999967	0.0482788296041308	10.2534788736	1.5388643487	-2.625010833333306	-0.04420408333330291	1
258	2015-09-29	57.82	57.299999	58.650002	57.200001	16771000	-0.1883010028264994	0.009075061240402476	0.5200010000000006	0.025191122525982653	11.56316961	1.51727668811	2.7200066666666465	9.415036999999908	1
259	2015-09-30	58.970001	58.869999	60.080002	58.349998	16767100	-0.00023254427285194682	0.0016986920621487266	0.10000200000000348	0.02936191446028515	8.9232704928	1.45182770775	0.9899996666666789	-5.432517749999893	0
260	2015-10-01	58.869999	59.5	59.830002	58.23	8147700	-0.5140662368567015	-0.010588252100840337	-0.630001	0.027033910847629617	6.4955063644	1.57084715461	-1.381671166666673	-3.595838416666737	1
261	2015-10-02	63.200001	58.360001	63.240002	58.200001	22356300	1.74387864059796	0.08293351468585484	4.840000000000003	0.08292202890881815	4.3399921332	1.56048735338	8.438339666666685	17.122520166666703	1
262	2015-10-05	63.93	63.470001	64.775002	62.200001	13583500	-0.3924084038950989	0.007247502643020224	0.45999899999999627	0.04042387723372153	4.3627456204	1.53923812855	-3.7466715000000215	-24.197522833333323	0
263	2015-10-06	63.919998	63.720001	64.730003	63.279999	9620900	-0.2917215739684176	0.0031386848220544784	0.1999969999999962	0.022720213277344192	5.4474834724	1.52657094502	0.5733314999999971	12.10250924999994	1
264	2015-10-07	66.279999	64.839996	66.660004	64.379997	15770100	0.6391501834547704	0.022208560901206785	1.4400030000000044	0.03477741133226854	8.5874826584	1.5058551567	4.581670500000006	5.709175499999968	1
265	2015-10-08	67.699997	66.040001	68.410004	65.959999	18667500	0.18372743356097931	0.025136220091819688	1.6599959999999925	0.03663832864720103	12.4261308196	1.46903453053	-0.1533388333333292	-10.13501816666666	1
266	2015-10-09	68.709999	67.699997	69.449997	67.309998	14762900	-0.2091656622472211	0.014918789435101453	1.010002	0.03137598508543323	15.7775647466	1.48984906194	0.9816730000000268	3.6400229166667564	1
267	2015-10-12	70.300003	69.639999	70.470001	69.0	15549100	0.05325511925163755	0.009477369464063327	0.6600040000000007	0.02100901785037843	17.121500036	1.45302843577	2.2100043333333113	1.9916584166666667	0
268	2015-10-13	69.68	69.489998	70.32	68.379997	13052800	-0.16054305393881318	0.002734235220441464	0.1900020000000069	0.02787961526017971	15.1930647476	1.48984906194	-2.6550095000000247	-8.465022416666764	0
269	2015-10-14	68.540001	69.5	69.699997	67.425003	12286100	-0.058738354988967886	-0.013812935251798508	-0.9599989999999963	0.03296137327614178	11.5957042358	1.52657094502	-0.8366600000000185	5.276699999999967	1
270	2015-10-15	71.779999	69.339996	72.440002	69.260002	18203000	0.48159301975403096	0.03518896943691783	2.4400030000000044	0.04506802880768252	7.8944054284	1.48984906194	7.063327500000033	12.222473499999987	1
271	2015-10-16	71.989998	72.5	73.639999	71.209999	15953500	-0.12357853101137176	-0.007034510344827587	-0.5100020000000001	0.03363554617808226	7.4575424896	1.54170516751	-3.774999166666665	-21.72415158333335	1
272	2015-10-19	72.650002	71.800003	73.0	71.522003	10886900	-0.31758548280941484	0.011838425689202224	0.8499989999999968	0.020463786069097083	6.709368934	1.54170516751	2.0450078333333344	13.912509000000076	0
273	2015-10-20	71.790001	72.989998	73.0	71.550003	11093400	0.01896775023193012	-0.016440567651474607	-1.1999969999999962	0.020030349634136912	4.0437985244	1.52657094502	-2.276673499999987	-8.485861166666657	0
274	2015-10-21	69.480003	71.790001	71.790001	68.889999	16800200	0.5144320046153569	-0.032177155144488816	-2.3099980000000073	0.041056160796880854	2.6217173228	1.55153153223	-3.0116605	0.49002749999993966	1
275	2015-10-22	70.989998	70.160004	71.629997	70.07	10811400	-0.3564719467625385	0.0118300164293035	0.8299939999999992	0.02210410170592856	1.9100882312	1.56048735338	5.176654833333345	13.856633166666816	1
276	2015-10-23	75.620003	73.980003	75.760002	72.839996	22510800	1.0821355236139631	0.022168152656063027	1.6400000000000006	0.03903751180330836	3.6078767668	1.56606891921	5.956682333333319	-3.0524482500000167	1
277	2015-10-26	76.349998	75.440002	77.419998	75.129997	24819700	0.10256854487623718	0.012062512935776332	0.9099959999999925	0.030173278872126008	5.7138799658	1.57084715461	-3.56001666666666	-16.713397249999968	1
278	2015-10-27	79.440002	76.349998	82.790001	76.349998	50815800	1.0473978331728426	0.04047156622060432	3.0900040000000075	0.08267543488028761	9.979002011	1.56048735338	6.356681500000003	20.793397083333275	1
279	2015-10-28	82.349998	79.480003	82.544998	79.199997	25027100	-0.5074937322643744	0.03610964886350096	2.869995000000003	0.0413396895424849	15.2033215284	1.46903453053	1.9733196666666306	-10.786724666666723	0
280	2015-10-29	82.220001	81.970001	82.529999	80.82	16431700	-0.3434437070215886	0.003049896266318211	0.25	0.020829514333034854	19.8679137956	1.5010769213	-2.6033218333333346	-6.193281999999954	1
281	2015-10-30	83.830002	82.699997	84.440002	82.599998	20740500	0.2622248458771764	0.013663906178859923	1.130004999999997	0.022098168630866416	24.6749539988	1.48975031885	4.073330333333327	13.523300333333339	1
282	2015-11-02	84.349998	83.519997	84.830002	82.75	13827400	-0.333314047395193	0.009937751793741033	0.8300009999999958	0.024781105164147922	28.0515714404	1.4964621567	-0.9683408333333338	-10.895835833333214	0
283	2015-11-03	83.440002	84.0	84.589996	83.129997	11641300	-0.15809913649709997	-0.0066666428571427756	-0.5599979999999931	0.01743907050359443	26.631438765	1.50682195793	-1.7383209999999945	0.5125356666666411	1
284	2015-11-04	85.400002	84.449997	85.599998	84.029999	23728500	1.0383032822794704	0.0112493195233625	0.9500050000000044	0.01848688853981089	19.7444537248	1.55711309806	4.82832733333331	11.423294416666655	0
285	2015-11-05	85.379997	85.220001	86.419998	84.199997	20657200	-0.129435067534821	0.0018774465867467743	0.1599960000000067	0.02602580335317484	11.3018331092	1.55153153223	-2.6266744999999694	-15.217495916666573	0
286	2015-11-06	83.610001	85.529999	86.349998	80.769997	38531000	0.8652576341420909	-0.022448240645951682	-1.9199980000000068	0.0659808560955421	7.1110820346	1.53445989315	-2.5683201666666804	3.136703416666535	0
287	2015-11-09	81.379997	83.440002	83.470001	80.220001	19091500	-0.5045158443850406	-0.02468845818100536	-2.060005000000004	0.03943696177306736	3.063439274	1.53445989315	-2.0300136666666524	1.8016132500000783	1
288	2015-11-10	81.43	81.099998	82.43	79.620003	22004400	0.15257575360762643	0.004069075316130186	0.33000200000000746	0.03457819522030647	1.9472498336	1.53328278287	2.103344833333324	6.349217999999932	0
289	2015-11-11	79.849998	82.279999	82.489998	78.120003	29636600	0.34684881205577067	-0.029533313436233808	-2.4300010000000043	0.053907297611311286	3.0042507336	1.54170516751	-3.698341833333373	-11.63587508333338	0
290	2015-11-12	78.760002	78.989998	80.5	78.449997	18839800	-0.364306296943644	-0.002911710416804921	-0.22999599999999987	0.025990529318542045	4.6830411066	1.46157894712	-0.1383226666666625	8.137538083333377	0
291	2015-11-13	75.849998	77.150002	78.0	75.639999	24235500	0.28639900635887855	-0.01685034304989391	-1.3000040000000013	0.030849686274509763	8.679426631	1.49496191896	-4.5900126666666665	-8.190878249999969	1
292	2015-11-16	78.300003	75.830002	78.75	75.769997	17045500	-0.29667223700769535	0.03257287267380015	2.4700010000000105	0.038668694002832175	9.063600406	1.49496191896	7.523348499999988	21.239221083333366	0
293	2015-11-17	78.129997	78.900002	79.139999	77.470001	12471400	-0.2683464844093749	-0.009759251970614622	-0.7700049999999976	0.02126979571591294	9.37104996101	1.56606891921	-4.140018166666688	-24.496731583333354	0
294	2015-11-18	77.690002	78.25	78.309998	76.150002	16735400	0.3419022723992495	-0.007156523961661254	-0.5599979999999931	0.027702911020868047	7.64169310601	1.5812031417	0.20835116666668796	11.54923816666664	1
295	2015-11-19	77.870003	78.059998	79.150002	77.403	15692700	-0.06230505395747935	-0.0024339611179594977	-0.18999499999999614	0.02240751604946113	4.69402016061	1.52366672721	0.7866606666666295	0.17161374999998694	1
296	2015-11-20	79.949997	78.440002	80.785004	78.400002	21025800	0.3398459156168155	0.019250318224112096	1.5099949999999893	0.03011556304132561	2.73518667861	1.53402652844	3.456656166666695	3.537501000000058	1
297	2015-11-23	81.309998	80.449997	82.190002	79.970001	18766400	-0.10745845580191955	0.010689882312860707	0.8600009999999969	0.027448084429033404	2.70120219561	1.53402652844	0.12667583333334184	-6.914963416666599	0
298	2015-11-24	80.860001	80.849998	81.110001	79.269997	15283600	-0.18558700656492455	0.0001237229467834686	0.010002999999997542	0.02275683645264253	2.44361957341	1.52366672721	-1.7183309999999778	-1.49752041666657	1
299	2015-11-25	81.709999	80.910004	82.675003	80.82	16330900	0.06852443141668194	0.00988746706773115	0.7999949999999956	0.022813958501771897	3.12437940001	1.47976429747	2.5366598333333172	8.259986166666598	0
300	2015-11-27	81.379997	80.57	81.410004	79.275002	12599900	-0.22846260769461574	0.010053332505895617	0.8099970000000098	0.02636618758319582	3.59388237301	1.46522691049	-1.7466669999999975	-8.784150666666656	1
301	2015-11-30	84.080002	81.5	84.470001	81.379997	97914100	6.771021992238033	0.03165646625766863	2.5800019999999932	0.03732339609465633	4.00291406561	1.44397768566	5.61834416666665	13.372515833333276	0
302	2015-12-01	84.0	83.769997	84.389999	83.5	26235500	-0.7320559551688675	0.0027456488986145767	0.2300029999999964	0.010609751635150868	4.8430956184	1.41059471382	-3.4066768333333215	-17.775040249999858	1
303	2015-12-02	85.0	84.269997	85.82	84.25	36611500	0.3954946541899335	0.008662667924385904	0.7300029999999964	0.018550245499206728	5.562383215	1.36254622828	2.826670666666663	13.804198749999964	0
304	2015-12-03	82.589996	85.050003	85.099998	82.099998	23029200	-0.3709845267197465	-0.028924243541766887	-2.4600070000000045	0.03579098088636949	4.102184415	1.39792753029	-5.611674666666663	-15.554190416666643	1
305	2015-12-04	84.849998	82.580002	85.0	82.419998	15555000	-0.3245531759679016	0.02748844690025566	2.269996000000006	0.030818873559099243	2.8960433032	1.55153153223	7.288341666666649	24.272530666666672	0
306	2015-12-07	84.760002	84.800003	85.129997	84.199997	11875500	-0.23654773384763741	-0.00047170988897257145	-0.04000100000000373	0.010969567970937568	2.4549662776	1.53328278287	-3.6049963333333417	-23.21168149999994	0
307	2015-12-08	84.379997	82.769997	84.669998	82.610001	14667400	0.2350974695802282	0.019451492791524437	1.6099999999999994	0.02464848428292507	2.2323902756	1.48523429734	0.1616535000000141	10.093306916666734	0
308	2015-12-09	83.419998	84.370003	85.199997	82.970001	21919200	0.49441618828149503	-0.011259985376556052	-0.9500049999999902	0.026580797266936063	1.5417033154	1.47852245949	-1.3466576666666679	-3.0241218333332633	1
309	2015-12-10	84.330002	83.339996	84.339996	82.849998	10474700	-0.5221221577429833	0.01187912224041856	0.990005999999994	0.017772982856479786	1.1602316384	1.45390030804	2.6616711666666553	6.8316501666665586	0
310	2015-12-11	79.739998	82.849998	83.050003	79.421997	20793600	0.9851260656629784	-0.037537719675020384	-3.1099999999999994	0.04462766577594355	2.221967565	1.43682866896	-9.796678333333318	-21.871692999999965	1
311	2015-12-14	80.57	80.150002	80.760002	78.989998	12077700	-0.4191626269621422	0.005240149588517697	0.41999799999999254	0.022025933026058576	3.0745457872	1.44691343343	7.1800096666666535	33.10587624999994	1
312	2015-12-15	82.489998	81.059998	83.389999	80.900002	13054800	0.08090116495690404	0.01764125382781291	1.4300000000000068	0.030449367910715234	3.0876828046	1.47521293187	1.0216593333333843	-17.219202666666558	1
313	2015-12-16	84.629997	83.300003	85.050003	82.995003	16575600	0.2696939056898612	0.015966313950793006	1.3299939999999992	0.024474483415709007	2.9677648508	1.44691343343	1.960001166666648	2.521686416666673	0
314	2015-12-17	83.559998	85.0	85.32	82.849998	13003000	-0.21553367600569512	-0.01694120000000008	-1.4400020000000069	0.02930709574403286	2.9387614612	1.44691343343	-3.8183310000000197	-8.986667333333353	0
315	2015-12-18	82.650002	83.199997	83.75	82.029999	12168700	-0.06416211643466892	-0.006610517065283014	-0.5499949999999956	0.02074164619078468	2.6804814908	1.44133186761	0.293339166666712	9.763337333333501	1
316	2015-12-21	82.870003	83.150002	83.730003	82.43	8094600	-0.33480158110562347	-0.0033673961908023005	-0.27999900000000366	0.015660799431971944	2.3567234336	1.45255972696	1.1083308333333168	-0.10001541666672627	1
317	2015-12-22	84.839996	82.889999	85.099998	82.889999	12778200	0.5786079608627974	0.023525117909580336	1.9499969999999962	0.02635186389888101	2.51523883601	1.44133186761	3.0516540000000085	2.0491545833332716	0
318	2015-12-23	84.800003	85.050003	85.089996	83.720001	11238500	-0.12049427931946596	-0.002939447280207621	-0.25	0.01613182162619415	2.82739625681	1.42229128198	-2.2983120000000192	-9.784939250000036	0
319	2015-12-24	83.709999	84.559998	84.800003	83.410004	3775300	-0.6640743871513102	-0.010052022470482992	-0.8499989999999968	0.016521055741149187	2.70302353721	1.39488812877	-1.295017833333361	4.236587583333271	0
320	2015-12-28	82.139999	82.559998	82.75	81.519997	9319400	1.468519058088099	-0.005087197313158729	-0.41999899999999	0.01493628442506889	1.66334264801	1.38259472509	-1.6199929999999891	-0.26744433333321166	1
321	2015-12-29	83.260002	82.5	83.510002	82.410004	6942700	-0.25502714767045087	0.009212145454545455	0.7600020000000001	0.01327217648078937	0.885663823006	1.47364929514	3.521670833333322	8.243320666666676	0
322	2015-12-30	81.68	82.949997	83.110001	81.5	6984300	0.005991905166577844	-0.015310392356011652	-1.2699969999999894	0.01955902362070743	1.10752240481	1.46522691049	-4.726673833333322	-15.936686083333257	0
323	2015-12-31	81.269997	81.480003	82.169998	81.25	6744500	-0.034334149449479545	-0.0025773931304346274	-0.2100059999999928	0.011305658986175198	1.30643635361	1.43876608555	1.46499783333329	13.528347333333206	0
324	2016-01-04	76.690002	78.18	78.309998	75.18	23066300	2.420016309585588	-0.01905855717574827	-1.489998	0.0404209719064895	4.89188740341	1.37454230617	-8.444987999999972	-17.95247841666665	1
325	2016-01-05	78.629997	77.919998	78.68	77.260002	14258900	-0.381829768970316	0.009111897051126673	0.7099989999999963	0.01814114398406728	6.13808939561	1.35710070138	8.763317333333305	31.904113916666734	0
326	2016-01-06	77.330002	77.120003	78.485001	76.970001	11569300	-0.18862605109791078	0.002723015972911675	0.20999899999999627	0.019617998717449063	7.92418267101	1.37454230617	-6.173316666666669	-31.745768500000054	0
327	2016-01-07	72.720001	73.290001	75.5	71.540001	27288100	1.3586647420327937	-0.0077773228574523744	-0.5700000000000074	0.05424284563738307	12.8909601368	1.14877245151	-6.2883426666666695	5.50244500000008	0
328	2016-01-08	70.800003	74.330002	74.660004	70.669998	20814600	-0.23722794917931259	-0.047490904143928175	-3.5299989999999895	0.054985266485727664	17.7153522968	1.05685758457	1.425006499999995	14.254201583333327	0
329	2016-01-11	69.919998	71.290001	71.730003	69.019997	16961400	-0.18512005995791417	-0.019217323338233602	-1.370002999999997	0.03838263606247873	21.3517801112	1.04842391838	-0.9100118333333521	-7.622534416666592	1
330	2016-01-12	72.68	71.449997	72.769997	71.0	13456000	-0.2066692607921516	0.01721487825954717	1.2300030000000106	0.024561118945974913	20.5211934288	1.05684630302	5.446676833333346	10.13587633333332	0
331	2016-01-13	70.290001	72.769997	73.238998	70.220001	12480200	-0.07251783590963139	-0.034079924450182396	-2.479996	0.04220602603391618	18.1204427418	1.10403419784	-7.8950021666667	-24.380862499999978	1
332	2016-01-14	72.25	70.290001	72.720001	68.269997	17719600	0.4198169901123379	0.027884463965223108	1.9599989999999963	0.062438669409017225	13.9042899304	1.14265744917	7.3016643333333535	30.61583674999997	0
333	2016-01-15	69.589996	68.699997	71.0	67.541	20722500	0.16946770807467437	0.012954862283327366	0.8899990000000031	0.050025311665176	9.802281872	1.31333345534	-7.960005833333336	-30.520837333333333	1
334	2016-01-19	70.129997	71.940002	72.309998	69.809998	17421700	-0.1592858004584389	-0.02515992423797825	-1.8100050000000039	0.03519391873860716	8.95210555201	1.34791009821	4.746672833333325	26.41085458333335	0
335	2016-01-20	68.709999	68.025002	69.112	65.339996	19464400	0.11725032574318235	0.010069782871891655	0.6849969999999956	0.05517247189693581	5.5158214192	1.34791009821	-4.119998833333341	-19.01834733333344	1
336	2016-01-21	70.720001	68.779999	71.650002	67.143997	16576500	-0.14836830315858696	0.02820590328883245	1.9400019999999927	0.06460222222222224	1.6641713908	1.37468130401	5.521668333333324	18.490835083333383	0
337	2016-01-22	70.370003	72.510002	73.339996	69.889999	15834700	-0.04475009803034416	-0.029513155991914095	-2.139999000000003	0.04829222955304343	1.2498656624	1.39429129326	-3.4599980000000037	-18.398332416666744	0
338	2016-01-25	69.720001	70.800003	70.800003	69.019997	14782800	-0.066430055510998	-0.015254264890356112	-1.0800020000000075	0.02533455663721729	1.2999772584	1.40715705949	-0.11333866666666854	8.955821666666642	1
339	2016-01-26	69.769997	69.010002	70.190002	68.879997	11473300	-0.2238750439700192	0.01101282390920672	0.7599950000000035	0.01887887317249518	1.317542437	1.41353046158	0.7333289999999977	0.7283388333333297	0
340	2016-01-27	69.540001	69.959999	71.419998	68.745003	18257600	0.59131200264963	-0.006003402029779797	-0.41999799999999254	0.03835118279569907	0.787510009205	1.37680857851	-0.6966553333333346	-3.074974666666795	0
341	2016-01-28	66.919998	72.550003	73.150002	66.669998	33165100	0.8165092892822715	-0.07760171974079721	-5.630004999999997	0.09292326598606668	1.6876377768	1.32525689331	-4.518344833333316	-5.535878249999921	1
342	2016-01-29	67.029999	67.980003	68.93	65.400002	25594700	-0.22826404865355449	-0.013974756664838522	-0.9500039999999927	0.05229239238141788	1.55296149	1.32829138417	3.181673333333336	14.477538833333313	0
343	2016-02-01	67.029999	66.5	67.699997	65.349998	16213800	-0.3665172867820291	0.007969909774436146	0.5299990000000037	0.03519806811351802	1.96870595	1.32525689331	-1.0016688333333217	-10.246687333333247	0
344	2016-02-02	65.089996	67.050003	67.739998	64.660004	19150800	0.18114199015653332	-0.029232019572020068	-1.9600070000000045	0.046617133696209574	3.10976515	1.31610248945	-3.5200051666666687	-2.844168916666689	0
345	2016-02-03	63.439999	65.599998	65.730003	60.869999	31918600	0.666697996950519	-0.03292681502825654	-2.159998999999999	0.07532554421866573	5.3774465716	1.47948926072	-0.7616576666666693	6.241691750000077	1
346	2016-02-04	64.860001	64.330002	65.720001	63.099998	22911500	-0.28218969503674973	0.008238753047139712	0.5299990000000037	0.04056046039413742	5.2368046964	1.48984906194	3.881665833333358	6.354143999999924	0
347	2016-02-05	62.639999	64.709999	64.860001	62.18	12842800	-0.43946053292014925	-0.03198887392966879	-2.069999999999993	0.04208874820712596	5.987385302	1.48984906194	-6.276671666666672	-19.049169999999872	0
348	2016-02-08	61.099998	60.900002	62.049999	60.450001	16157900	0.2581290684274457	0.0032840064602953334	0.19999599999999873	0.026229475409836056	7.3027966392	1.53328278287	0.24000116666665386	15.11084666666656	1
349	2016-02-09	61.389999	60.110001	62.220001	59.25	12738300	-0.21163641314774817	0.02129426016812088	1.2799980000000062	0.048888905349794294	6.8720660828	1.53445989315	1.588335666666661	0.07416600000010476	1
350	2016-02-10	61.779999	61.900002	63.09	60.869999	8998600	-0.2935792060165014	-0.001938659064986849	-0.12000300000000408	0.035899110317762745	5.0965757628	1.51374410483	-0.13666816666667594	-4.270007666666753	0
351	2016-02-11	60.57	60.25	61.630001	59.849998	15008500	0.6678705576423	0.00531120331950208	0.3200000000000003	0.029465369971858977	5.1797604826	1.41694449817	-2.576664500000002	-3.2724924166665517	1
352	2016-02-12	60.889999	61.27	62.779999	60.279999	13669600	-0.0892094479794783	-0.006202072792557532	-0.38000100000000003	0.04092992829837859	4.2292883598	1.3674605026	2.128330333333333	9.087490416666602	1
353	2016-02-16	66.290001	64.419998	66.889999	64.040001	21735400	0.5900538421021829	0.02902829956623092	1.870002999999997	0.04360795687864705	3.664225739	1.48984906194	9.123338500000001	9.015015333333329	1
354	2016-02-17	66.379997	67.300003	67.389999	65.68	14457100	-0.33485926184933335	-0.013670222273244189	-0.9200060000000008	0.02558346798324351	4.4035246284	1.45780667117	-6.028343333333322	-28.478361166666662	1
355	2016-02-18	66.519997	67.0	68.5	66.230003	14547800	0.006273734013045493	-0.007164223880596962	-0.4800029999999964	0.03400235247159276	5.568995194	1.46522691049	1.9516719999999879	19.84753141666666	1
356	2016-02-19	67.279999	66.800003	67.75	66.089996	12334900	-0.15211234688406494	0.007185568539570273	0.47999599999999987	0.024761395812031694	6.8791826436	1.57084715461	1.260002333333342	-3.2008443333333596	1
357	2016-02-22	68.839996	68.300003	69.529999	67.980003	13405400	0.08678627309503928	0.007906192917736702	0.5399929999999955	0.02260457942689656	9.29222005	1.56606891921	2.0199921666666683	0.622483416666635	0
358	2016-02-23	66.970001	68.5	68.660004	66.464996	12930600	-0.03541856266877527	-0.022335751824817573	-1.5299990000000037	0.032405816546794024	8.8666458304	1.55570911798	-4.994986666666691	-11.702460666666639	1
359	2016-02-24	67.230003	66.169998	67.690002	65.209999	10781500	-0.1662026510757428	0.01601942016078026	1.0600049999999896	0.03718145399414218	8.080583628	1.55153153223	3.1783301666666737	16.664130666666626	0
360	2016-02-25	66.660004	65.669998	66.720001	64.660004	14686100	0.3621573992487131	0.015075468709470553	0.990005999999994	0.031134239686628214	6.81276032981	1.5388643487	-1.9716654999999956	-11.59998708333336	1
361	2016-02-26	66.910004	68.089996	68.830002	66.860001	12084100	-0.1771743349153281	-0.017329887932435752	-1.1799919999999986	0.029185199999999946	3.84564112061	1.51056485026	1.2099995000000092	6.695830500000028	1
362	2016-02-29	68.809998	67.639999	70.580002	67.559998	17984200	0.48825315910990474	0.017297442597537443	1.16999899999999	0.044265358246948154	0.767927054008	1.4964621567	3.001655999999992	1.7283177500000686	1
363	2016-03-01	70.860001	70.019997	71.839996	69.860001	14007700	-0.22111075277187753	0.011996630048413073	0.8400039999999933	0.028108958377469632	1.82588296801	1.51471090606	1.62501250000003	-3.4857909999998733	1
364	2016-03-02	71.25	72.040001	72.040001	70.75	10503000	-0.250198105327784	-0.010966143656772072	-0.7900010000000037	0.018005457338227022	2.72731891621	1.47558671172	-1.0433406666666798	-3.754209333333326	0
365	2016-03-03	71.019997	71.309998	72.589996	70.459999	11596400	0.10410358945063315	-0.004066764943675773	-0.2900009999999895	0.02993040223179946	3.09811594621	1.47080847632	-0.19333666666666716	3.0325137499999735	1
366	2016-03-04	72.220001	70.959999	72.959999	70.720001	10763600	-0.07181539098340864	0.017756510960491984	1.260002	0.03128925827629557	4.00707591901	1.51727668811	2.598343833333317	4.405855749999944	1
367	2016-03-07	72.889999	72.199997	73.980003	72.0	11244500	0.04467836039986622	0.009556814801529796	0.6900020000000069	0.027293446200108748	5.29132931881	1.51727668811	-0.24834266666666358	-6.165872499999911	0
368	2016-03-08	71.07	72.400002	72.650002	70.959999	8670700	-0.22889412601716394	-0.01837019286270196	-1.3300020000000075	0.02355897367311676	4.74438924721	1.51056485026	-3.7183278333333427	-4.449967833333403	1
369	2016-03-09	72.43	71.589996	72.610001	70.68	7283400	-0.15999861602869433	0.011733538859256362	0.8400040000000075	0.026801847710091455	4.4095104284	1.48984906194	4.839998166666713	15.844149750000193	0
370	2016-03-10	71.970001	72.5	73.050003	70.605003	11247900	0.5443199604580279	-0.007310331034482809	-0.5299990000000037	0.0338478574524272	2.9625386354	1.45302843577	-3.0366645000000716	-16.600824833333508	1
371	2016-03-11	74.010002	72.580002	74.010002	72.220001	11219200	-0.002551587407427164	0.019702396811727932	1.4300000000000068	0.024421869856828763	1.7725832306	1.5388643487	4.730000666666683	15.363329583333448	0
372	2016-03-14	73.349998	74.010002	74.419998	72.889999	11069800	-0.013316457501426127	-0.008917767628218692	-0.6600040000000007	0.020765458740499506	1.0461815054	1.55711309806	-3.7433415000000045	-16.626680333333372	0
373	2016-03-15	72.230003	72.620003	72.839996	71.75	8373700	-0.24355453576397043	-0.005370421149665893	-0.39000000000000057	0.0150499959247499	0.873424801203	1.56606891921	-0.6033191666666747	8.60004041666673	1
374	2016-03-16	73.5	72.010002	73.660004	71.860001	7701200	-0.08031097364367006	0.020691542266586798	1.489998	0.02474060855280593	0.881749756203	1.52924829304	3.414987333333343	5.7991132500001	1
375	2016-03-17	74.25	73.760002	74.370003	73.510002	9423900	0.2236924115722225	0.006643139733103586	0.48999799999999993	0.011620849785543506	0.884655628402	1.47080847632	-0.47999483333333615	-8.709960333333422	1
376	2016-03-18	76.25	74.970001	76.300003	74.709999	13350100	0.41662156856503146	0.017073482498686423	1.2799990000000037	0.021029017186688256	1.885304501	1.57224732055	3.214999000000001	7.30998416666669	1
377	2016-03-21	78.110001	77.089996	79.68	76.940002	15493300	0.16053812330993775	0.013231353650608539	1.0200049999999976	0.03530925325984381	4.019240901	1.4964621567	1.3266685000000014	-4.426661000000043	1
378	2016-03-22	78.18	77.0	78.550003	76.907997	9148400	-0.4095254077569014	0.015324675324675413	1.1800000000000068	0.02116259827297344	4.80489519	1.51621114379	-1.3750029999999924	-3.6783419999999296	0
379	2016-03-23	76.559998	78.160004	78.980003	76.150002	10806800	0.18127760045472432	-0.0204709047865454	-1.6000060000000076	0.03658222548368369	4.6896670894	1.51621114379	-2.43166883333339	0.014170333333216453	0
380	2016-03-24	75.860001	75.150002	76.150002	73.529999	8833400	-0.1826072472887441	0.00944775756626056	0.7099989999999963	0.03469972780544872	3.817918634	1.4964621567	0.630007500000057	5.83084891666681	1
381	2016-03-28	76.480003	76.449997	76.889999	74.900002	6082100	-0.3114655738447257	0.00039249184012394667	0.0300060000000002	0.02602493951481073	3.7643206744	1.47080847632	1.4133328333333186	-0.30585133333330344	1
382	2016-03-29	78.080002	75.599998	78.239998	75.57	12535000	1.0609657848440506	0.0328042865821239	2.480003999999994	0.0347475013014056	3.765739108	1.5434157143	1.9766634999999961	-0.038334666666628436	1
383	2016-03-30	78.860001	79.010002	79.550003	78.540001	10696000	-0.14670921420023933	-0.0018985064701049262	-0.15000100000000316	0.012795363030429538	2.7891421264	1.55995391687	-0.22999999999999451	-3.9583257500000664	1
384	2016-03-31	79.029999	78.5	79.839996	78.410004	11318500	0.05819932685115931	0.006751579617834441	0.5299990000000037	0.01815517055897396	2.09844409	1.56413150262	-0.06500283333331917	1.4424943333334095	0
385	2016-04-01	78.730003	78.239998	79.019997	78.199997	9262200	-0.1816760171400804	0.006262845252117676	0.49000499999999647	0.010447856211710254	1.2920443116	1.56890973802	-0.48832400000000104	-0.3941463333333104	1
386	2016-04-04	79.080002	78.330002	79.550003	78.32	9817300	0.05993176567122282	0.00957487528214285	0.75	0.015628015612019305	1.240821332	1.5812031417	1.0483261666666646	2.6683008333334044	0
387	2016-04-05	77.32	78.199997	78.300003	76.910004	9603900	-0.021737137502164546	-0.011253158999481842	-0.879997000000003	0.017875501888030557	1.2633364316	1.57084334047	-3.735001166666668	-8.426649916666756	1
388	2016-04-06	78.68	77.300003	79.150002	77.190002	9071900	-0.05539416278803403	0.01785248313638491	1.379997000000003	0.02513142662268052	1.3220363416	1.54959411564	4.663335333333374	15.674170750000124	0
389	2016-04-07	77.610001	77.599998	78.599998	77.182999	10937900	0.20569009799490734	0.00012890464249751065	0.010002999999997542	0.01825912001970961	1.1465805148	1.51621114379	-4.1349988333333885	-17.86167033333345	0
390	2016-04-08	77.470001	78.269997	78.760002	76.621002	8401200	-0.23191837555655107	-0.010220979055358941	-0.7999960000000073	0.02746885870641909	0.699483450402	1.46816265826	1.4449988333333483	12.457496083333401	1
391	2016-04-11	77.709999	78.07	78.588997	77.43	7896500	-0.060074751226015334	-0.004611259126424964	-0.3600009999999969	0.014879920496083705	0.428761330802	1.43682866896	0.24666333333332582	-3.754168750000076	1
392	2016-04-12	77.860001	78.0	78.239998	76.870003	7115400	-0.09891724181599443	-0.001794858974359014	-0.1399990000000031	0.017579815105993782	0.440905353001	1.39963807708	-0.051660666666667986	-0.4866502499999494	1
393	2016-04-13	79.639999	78.739998	79.720001	78.5	14150900	0.9887708350900863	0.011430035850394652	0.9000010000000032	0.015405998523917087	0.593160869002	1.46522691049	3.1683266666666725	5.357475166666812	0
394	2016-04-14	79.610001	79.309998	79.858002	78.360001	12611500	-0.10878460027277417	0.003782663063489219	0.3000030000000038	0.01885226540933973	0.706609190601	1.45255972696	-2.0816600000000043	-9.979973333333438	0
395	2016-04-15	78.970001	79.449997	79.75	78.459999	11709100	-0.07155374063354875	-0.006041485438948473	-0.47999599999999987	0.016285835327431372	0.729025071001	1.43097206638	-0.5450030000000036	4.84331250000011	1
396	2016-04-18	79.010002	78.519997	79.120003	77.709999	7767000	-0.3366697696663279	0.006240512209902357	0.49000499999999647	0.017901403021020786	0.719876050001	1.39963807708	0.8100024999999912	2.052512249999978	1
397	2016-04-19	79.459999	79.199997	80.480003	78.470001	14742000	0.8980301274623407	0.0032828536597040536	0.26000200000000007	0.02533722489190029	0.674935664401	1.36552308602	0.5649933333333337	-1.2900163333333599	1
398	2016-04-20	81.209999	79.0	81.735001	78.989998	14911900	0.01152489485822819	0.027974670886075904	2.2099989999999963	0.03426756153965144	1.290483991	1.43207872066	2.6966704999999913	3.2533543333333816	0
399	2016-04-21	80.779999	81.080002	81.779999	80.199997	8819000	-0.4085931370247923	-0.0037000862432143206	-0.3000029999999896	0.01952306919854779	1.4055547916	1.43207872066	-2.68000099999999	-9.665845499999952	0
400	2016-04-22	79.889999	80.120003	81.440002	79.154999	8649300	-0.019242544506179838	-0.002870743776682009	-0.23000399999999388	0.028560752095984642	1.1088630368	1.40999787831	-0.5466666666666669	6.026669416666749	0
401	2016-04-25	78.839996	79.800003	79.839996	78.68	9207600	0.06454857618535605	-0.01203016245500648	-0.9600070000000045	0.014624256269693907	0.838680245603	1.3674605026	-1.0300055000000015	-1.1616754166667438	0
402	2016-04-26	78.610001	78.849998	79.559998	77.800003	9632700	0.046168382640427476	-0.0030437159934994856	-0.23999700000000246	0.022354820413786353	0.639255455603	1.31102988718	0.5066793333333237	2.4233651666666467	0
403	2016-04-27	77.650002	78.300003	78.620003	76.57	11491900	0.193009228980452	-0.008301417306459146	-0.6500010000000032	0.026290515348172047	0.980539642603	1.39429129326	-1.8416716666666513	-4.59920374999992	0
404	2016-04-28	76.400002	77.650002	77.900002	76.089996	9959900	-0.13331128882082163	-0.016097874665862856	-1.25	0.023498941291815886	1.7750134	1.36996646761	-1.248332833333322	1.9741824166666693	1
405	2016-04-29	76.940002	76.809998	77.279999	75.660004	10124300	0.016506189821182942	0.0016925400779207649	0.13000400000001378	0.02107310569105695	2.1913656062	1.48523429734	2.1283336666666863	5.3733324999999565	0
406	2016-05-02	76.610001	76.889999	77.0	75.940002	7718100	-0.2376658139328151	-0.0036415399095011845	-0.2799980000000062	0.013811048859934763	2.6468851	1.48523429734	-1.6516685000000375	-7.875003833333428	0
407	2016-05-03	75.910004	75.959999	76.269997	75.425003	8019200	0.03901219211982224	-0.0006581753641149412	-0.04999499999999557	0.011127859133577549	3.198198436	1.50682195793	-0.718326666666646	3.0266811666667954	0
408	2016-05-04	75.82	75.639999	75.910004	75.010002	14258400	0.7780327214684757	0.0023797065359557985	0.18000099999999009	0.01188435238270404	2.658660668	1.51948914146	0.5416555000000045	2.0299673333332557	1
409	2016-05-05	78.830002	79.519997	79.940002	78.099998	27950900	0.9603111148515963	-0.008676999824333623	-0.6899950000000104	0.02323970965102447	1.81723706	1.50682195793	5.390009333333357	6.9742076666667	1
410	2016-05-06	79.199997	78.349998	79.720001	78.25	12862100	-0.5398323488689094	0.010848743097606675	0.8499989999999968	0.018660755907989667	1.53716563461	1.50682195793	-2.863346166666678	-15.924210500000006	1
411	2016-05-09	79.410004	78.940002	79.980003	78.889999	11795800	-0.08290248093235164	0.005953914214494114	0.4700019999999938	0.013767021897049921	1.721335094	1.49452855425	0.9566860000000285	9.855060333333418	1
412	2016-05-10	79.720001	79.790001	79.980003	79.150002	9319700	-0.20991369809593244	-0.0008773029091703782	-0.07000000000000739	0.010406883450481004	2.070207983	1.50241750238	0.4466513333333211	-1.6750695833333111	1
413	2016-05-11	79.800003	79.43	80.485001	79.410004	11072500	0.1880747234353037	0.0046582273700112925	0.370002999999997	0.013502442752575922	2.4866635852	1.50241750238	-0.1449905000000058	-1.100779416666711	0
414	2016-05-12	79.160004	80.010002	80.449997	78.32	8791400	-0.20601490178369836	-0.010623646778561502	-0.8499979999999994	0.02676379870212486	2.364120214	1.49452855425	-1.1633348333333657	-1.3566929166667023	0
415	2016-05-13	77.160004	78.824997	79.160004	76.970001	10078000	0.14634756694041903	-0.02112265224697688	-1.6649929999999955	0.028079661325898946	2.315675822	1.48975031885	-2.893333833333306	-2.137495499999934	1
416	2016-05-16	79.290001	77.860001	79.93	77.589996	11661000	0.15707481643183172	0.018366298248570622	1.4300000000000068	0.029780515052109352	2.130219286	1.48975031885	6.024994833333342	15.239159833333341	1
417	2016-05-17	79.349998	79.830002	80.199997	79.309998	10970700	-0.059197324414715716	-0.006012827107282221	-0.4800039999999939	0.011182296770951164	1.46148397081	1.47852245949	-3.0416686666666757	-18.985825750000117	0
418	2016-05-18	79.029999	78.709999	80.0	78.470001	9085800	-0.17181219065328557	0.0040655571600249595	0.3200000000000074	0.019398998597679754	0.492384085006	1.47852245949	0.0533376666666688	8.542508916666625	0
419	2016-05-19	78.32	78.650002	79.260002	77.599998	8317500	-0.08456052301393382	-0.004195829518224392	-0.33000200000000746	0.021150589015090933	0.542823303206	1.47852245949	-0.9083336666666687	-1.9583446666666855	1
420	2016-05-20	78.790001	78.32	79.449997	78.32	11043900	0.3277908025247971	0.006001034218590533	0.47000100000001055	0.014384787636784534	0.545160469004	1.46816265826	1.5833343333333783	4.198337000000142	1
421	2016-05-23	79.0	78.949997	79.5	78.599998	7187500	-0.3491882396617137	0.0006333502457258332	0.050003000000003794	0.011396036936930119	0.526915233604	1.44691343343	-0.40000266666668455	-4.4591725000001174	1
422	2016-05-24	81.120003	79.169998	81.309998	79.07	16707700	1.3245495652173913	0.024630605649377305	1.9500049999999902	0.027949316688818282	0.915556012804	1.45824003589	3.7983403333333285	7.3891839999999815	0
423	2016-05-25	75.589996	78.529999	79.199997	74.120003	49606600	1.969086109997187	-0.03743796049201534	-2.9400030000000044	0.06592258194661892	1.92301190881	1.41343553263	-12.541683333333324	-27.962542333333392	1
424	2016-05-26	78.349998	75.589996	78.864998	75.589996	26968600	-0.4563505662552967	0.036512794629596224	2.760002	0.04254907272505156	1.90446265801	1.44340532311	12.218346166666644	47.605058249999985	1
425	2016-05-27	80.970001	78.489998	81.0	78.389999	24552900	-0.08957454224542616	0.031596420731212105	2.4800029999999964	0.03273549500022256	2.1136335126	1.48594269881	-0.2599991666666786	-30.90919841666664	1
426	2016-05-31	82.0	81.0	82.029999	80.199997	78861400	2.2118975762537216	0.012345679012345678	1.0	0.02245401226993874	2.9420806676	1.4585395456	-0.24833799999999448	3.3583270833334304	0
427	2016-06-01	76.690002	82.0	82.0	76.550003	62531500	-0.20707088639055354	-0.06475607317073162	-5.309997999999993	0.06868733923136501	3.526747682	1.44340532311	-10.063327499999986	-14.114978999999977	1
428	2016-06-02	77.300003	76.650002	77.75	76.559998	45379500	-0.2742937559470027	0.008480117195561236	0.6500010000000032	0.015459590274128368	3.7808838176	1.45182770775	7.656665833333297	33.772484916666656	0
429	2016-06-03	76.620003	77.239998	77.800003	75.709999	23685700	-0.4780528652805782	-0.008026864526847902	-0.619995000000003	0.02716760673880416	4.2086027398	1.43111191943	-3.7283338333333518	-26.347497333333365	1
430	2016-06-06	78.059998	77.110001	78.330002	76.699997	19166100	-0.19081555537729517	0.012320023183503736	0.9499969999999962	0.02100928027975301	4.23510200201	1.41136293234	3.63665783333334	15.264987333333389	0
431	2016-06-07	77.839996	78.190002	78.370003	77.32	12878000	-0.3280844824977434	-0.004476352360241755	-0.3500060000000076	0.013458988828545697	4.25644658601	1.43876608555	-2.3099978333333033	-12.030811333333247	0
432	2016-06-08	77.639999	78.0	78.529999	77.375	11614100	-0.09814412175803697	-0.0046153974358973966	-0.3600009999999969	0.014841930190451925	3.49084487081	1.45780667117	0.3700061666666367	6.7050015000000185	0
433	2016-06-09	77.559998	77.389999	78.07	76.779999	8994400	-0.22556203235722097	0.002196653342765775	0.16999899999999002	0.016650545659578034	2.84882015521	1.45780667117	0.013327333333322144	-1.2283564166666565	0
434	2016-06-10	75.919998	76.43	77.050003	75.760002	10421100	0.15862091968335854	-0.006672798639277771	-0.5100020000000001	0.016934703208857326	3.35742003001	1.45780667117	-2.979997833333286	-4.871647833333232	0
435	2016-06-13	75.449997	75.25	76.455002	74.849998	11300800	0.08441527285987084	0.0026577674418604147	0.1999969999999962	0.02130065072264061	2.88711635161	1.5010769213	1.0249978333333114	7.942490583333182	1
436	2016-06-14	77.769997	76.889999	78.449997	76.75	22358900	0.9785236443437633	0.011444895453828794	0.8799980000000005	0.021983667968024468	0.697244433006	1.5058551567	4.255001166666702	3.3925066666667383	1
437	2016-06-15	78.389999	78.309998	78.768997	77.510002	14734800	-0.3409872578704677	0.0010215936922895847	0.08000100000000998	0.016068857997489288	0.823044738005	1.48984906194	-1.7266633333333583	-11.790831250000167	0
438	2016-06-16	78.269997	77.839996	78.400002	76.199997	13570700	-0.07900344762059885	0.005524165237624168	0.4300010000000043	0.02818531930880305	0.916455451203	1.46522691049	-0.17000600000000077	5.215816916666682	0
439	2016-06-17	77.0	78.449997	78.449997	76.480003	15582600	0.1482532220150766	-0.018483072727204772	-1.4499969999999962	0.025345693638064205	0.873820050001	1.47948926072	-1.9816581666666717	-2.815805583333372	1
440	2016-06-20	78.150002	77.900002	78.790001	77.839996	9625600	-0.38228536957888926	0.0032092425363480733	0.25	0.012175648518407016	0.886609652603	1.47948926072	3.5499995000000077	9.638312583333422	1
441	2016-06-21	78.620003	78.75	79.080002	78.400002	8881800	-0.07727310505319149	-0.001650755555555594	-0.12999700000000303	0.00864205359391132	1.010162894	1.42840628432	-0.9033328333333325	-9.894162166666689	1
442	2016-06-22	78.730003	79.040001	79.120003	78.209999	8170900	-0.08004008196536738	-0.003922039424063359	-0.3099980000000073	0.011535830347066489	1.15262680921	1.35710070138	0.036666166666672474	3.094998999999992	1
443	2016-06-23	79.139999	79.160004	79.459999	78.550003	8279500	0.013291069527224662	-0.0002527160054210913	-0.020004999999997608	0.011497106541431872	1.36908664601	1.23701866912	0.7799929999999998	1.2716569166666432	0
444	2016-06-24	76.290001	76.830002	77.5	75.43	18224800	1.2011957243794915	-0.00702851732321951	-0.5400009999999895	0.02703761702512497	1.24643064041	1.2669884596	-5.666658333333335	-10.688305416666765	0
445	2016-06-27	74.230003	75.800003	75.970001	73.300003	15131300	-0.16974123172819455	-0.02071240023565708	-1.5700000000000074	0.035592853338951305	1.94914720881	1.44340532311	-0.314999999999993	11.815812666666716	1
446	2016-06-28	76.279999	75.5	76.599998	75.5	11266200	-0.2554374045851976	0.010331112582781505	0.7799990000000037	0.01449463707006612	2.11587873	1.43111191943	5.211657666666682	6.760821333333372	1
447	2016-06-29	78.040001	76.980003	78.480003	76.900002	11460000	0.01720189593651808	0.013769783822949544	1.0599980000000073	0.02038447889602681	2.065304068	1.38600790646	0.14834233333333202	-11.766632166666787	1
448	2016-06-30	79.529999	78.309998	79.760002	78.279999	12485300	0.08946771378708551	0.015579121838312532	1.2200010000000105	0.018753206134437476	2.408527882	1.38600790646	1.3616593333333498	3.801632499999973	1
449	2016-07-01	79.650002	79.120003	80.050003	79.120003	7271300	-0.41761111066614337	0.006698672647927019	0.5299990000000037	0.01171505915112879	2.7220230656	1.43111191943	-0.931658166666665	-3.496635250000054	0
450	2016-07-05	78.970001	79.040001	79.550003	78.370003	6845200	-0.0586002502991212	-0.0008856275191596643	-0.07000000000000739	0.014935763370220158	2.8291149924	1.46522691049	-0.8900060000000044	1.3008038333332668	0
451	2016-07-06	78.639999	78.470001	78.82	77.68	7737600	0.1303687255302986	0.0021664075166764273	0.16999800000000675	0.014512125262554723	2.831838448	1.43111191943	0.2283318333333284	2.0316796666666335	1
452	2016-07-07	79.349998	79.0	79.489998	78.709999	6819200	-0.11869313482216708	0.004430354430379739	0.34999799999999937	0.009851582063171275	2.9631533952	1.41136293234	1.4600001666666553	1.308335416666618	0
453	2016-07-08	78.989998	78.440002	79.349998	77.800003	14029100	1.0572941107461287	0.007011677536673099	0.549995999999993	0.019691227847297155	2.9313382326	1.3849021074	-1.5983328333333304	-5.746667499999963	1
454	2016-07-11	81.459999	79.330002	81.900002	79.239998	17417500	0.24152654126066533	0.026849829147867703	2.129997000000003	0.033086684289528684	3.5719009848	1.43876608555	5.185001499999994	12.239167666666674	1
455	2016-07-12	81.739998	81.790001	82.879997	81.510002	15294100	-0.1219118702454428	-0.0006113583492926452	-0.050003000000003794	0.016755274364063353	2.213344166	1.43876608555	-2.488336333333327	-15.386674416666656	0
456	2016-07-13	80.57	81.830002	81.879997	80.370003	10739200	-0.2978207282546865	-0.01539779994139558	-1.260002	0.01859598499266036	1.308582998	1.41694449817	-1.6483281666666727	4.570015333333363	1
457	2016-07-14	81.739998	81.18	82.239998	80.860001	9361500	-0.1282870232419547	0.006898226164079737	0.5599979999999931	0.016940793235217237	1.3167231024	1.43207872066	3.60332700000005	8.925811333333428	0
458	2016-07-15	81.25	81.779999	82.489998	80.964996	8919900	-0.04717192757570902	-0.0064807900034335245	-0.5299990000000037	0.01870823786240716	1.3992832364	1.46619371172	-2.653326666666691	-12.800807583333333	1
459	2016-07-18	82.650002	80.599998	82.790001	80.599998	12113600	0.3580421305171583	0.025434293435094145	2.0500040000000013	0.02683005206738137	1.8576848564	1.40210893018	3.5283340000000103	12.360818333333318	1
460	2016-07-19	82.769997	82.480003	83.690002	82.050003	9799400	-0.1910414740457007	0.0035159310069376114	0.2899940000000072	0.019848701966717133	1.9671246652	1.44340532311	-1.5766774999999928	-10.61001675	1
461	2016-07-20	84.419998	83.269997	84.699997	83.230003	13991000	0.4277404739065657	0.013810508483625899	1.1500010000000032	0.01753228032477429	2.3428241956	1.48653953432	3.351675	9.82170400000002	0
462	2016-07-21	84.18	84.709999	85.0	83.660004	10163500	-0.2735687227503395	-0.006256628571085091	-0.5299989999999895	0.015868269381658286	2.371321304	1.51621114379	-2.3249991666666667	-11.0208538333333	1
463	2016-07-22	84.489998	84.0	84.5	83.809998	5988400	-0.41079352585231466	0.005833309523809523	0.48999799999999993	0.008190420893707967	1.808120204	1.55399857119	1.398327666666636	8.361657666666531	0
464	2016-07-25	83.190002	84.470001	84.790001	82.610001	13185900	1.2019070202391289	-0.015153296849138069	-1.2799989999999895	0.026005009674251366	1.708299498	1.5388643487	-2.8249896666666388	-7.986636916666687	1
465	2016-07-26	83.589996	82.860001	83.629997	82.629997	7714700	-0.41492806710198016	0.008809980583997366	0.7299950000000024	0.01201562052296102	1.661123735	1.50682195793	2.3533169999999664	10.024116833333162	0
466	2016-07-27	83.099998	83.599998	83.639999	83.0	11629000	0.5073820109660777	-0.005980861387101947	-0.5	0.00767845249378414	1.0658152056	1.4964621567	-1.7983213333333339	-8.888276166666591	1
467	2016-07-28	83.120003	83.459999	83.489998	82.120003	7476500	-0.35708143434517153	-0.004073759933785757	-0.3399959999999993	0.016448493018987997	0.851362801205	1.50017351908	0.7416714999999906	5.567476916666682	0
468	2016-07-29	82.480003	83.370003	83.419998	81.945	8709300	0.16488998863104393	-0.010675302482596774	-0.8900000000000006	0.017787132307972464	0.489127397406	1.47521293187	-1.360005166666653	-4.185849083333191	1
469	2016-08-01	84.339996	82.790001	84.800003	82.589996	13401200	0.5387229742918489	0.01872200726268859	1.5499949999999956	0.02644656303081253	0.493014248407	1.43849104879	4.16332216666667	9.629163166666606	0
470	2016-08-02	83.800003	84.339996	84.339996	82.910004	7691600	-0.42605139838223444	-0.006402573222792132	-0.5399929999999955	0.017009539770486127	0.424106970607	1.3874080724	-3.37331233333335	-14.688277250000075	0
471	2016-08-03	83.669998	83.300003	83.839996	83.169998	5365800	-0.30238181912735973	0.004441716526708924	0.36999500000000296	0.008025369778850183	0.362382225607	1.37454230617	1.0116469999999869	10.287418916666715	1
472	2016-08-04	84.75	83.75	84.980003	83.690002	10731600	1.0	0.011940298507462687	1.0	0.015311584569732813	0.458199259807	1.3674605026	1.9516785000000094	0.16756724999997155	0
473	2016-08-05	84.589996	85.010002	85.080002	84.440002	9401700	-0.12392373923739237	-0.004940665687785783	-0.42000600000000077	0.007547169900320239	0.475838855008	1.34307227795	-1.5966779999999972	-6.669214999999999	1
474	2016-08-08	85.0	84.989998	85.019997	84.300003	11528200	0.22618249890977163	0.00011768443623213247	0.010002000000000066	0.008471016041779115	0.599462297608	1.33541811183	1.2983459999999856	6.285046749999954	1
475	2016-08-09	85.239998	85.050003	85.629997	84.800003	15241000	0.3220624208462726	0.0022339211440121423	0.18999499999999614	0.00974800628487869	0.760666701007	1.45302843577	-0.0916763333333203	-3.247545666666658	1
476	2016-08-10	87.330002	86.010002	87.730003	86.010002	28058200	0.8409684403910505	0.015347052311427608	1.3199999999999932	0.019845401641966	1.60201475041	1.45733796237	3.688344333333319	6.400041833333337	1
477	2016-08-11	91.769997	92.139999	92.800003	91.260002	54078300	0.927361698184488	-0.004015650141259493	-0.3700019999999995	0.01674733329883824	6.06627734581	1.29819923285	5.7816521666666745	1.4566179166666966	1
478	2016-08-12	98.25	92.980003	98.349998	92.910004	71707900	0.3260013720845515	0.05667882157414002	5.269997000000004	0.05689477503171925	19.56382519	1.04325512977	7.396679333333324	0.9875543333333402	0
479	2016-08-15	97.169998	98.279999	98.860001	96.82	33068400	-0.5388457896549752	-0.011294271584190765	-1.110000999999997	0.020874914620745724	27.8763780972	1.1087452201	-8.060008833333299	-25.675878833333105	0
480	2016-08-16	96.660004	96.150002	97.150002	95.050003	27437200	-0.17028946063311198	0.005304232858986317	0.5100020000000001	0.021783091485407628	31.5543493142	1.1534547944	2.485014333333344	24.952544833333274	1
481	2016-08-17	97.0	96.169998	97.25	96.050003	14958900	-0.4547949499220037	0.008630571043580485	0.8300019999999932	0.012424258553856754	32.155531338	1.21726968203	0.8583183333333485	-6.065889749999997	0
482	2016-08-18	97.0	97.25	97.940002	96.620003	14995500	0.0024467039688747167	-0.002570694087403599	-0.25	0.013590723294723397	30.897457563	1.24223026924	-0.5666600000000083	-2.877452666666765	0
483	2016-08-19	96.860001	96.910004	97.239998	96.339996	14053200	-0.06283885165549664	-0.0005159735624405071	-0.050003000000003794	0.009289384081917124	26.260619606	1.15211802746	-0.1433328333333511	1.3341490833332728	0
484	2016-08-22	95.650002	96.470001	96.629997	94.75	16135500	0.14817265818461275	-0.008500041375556695	-0.8199989999999957	0.019571069858873604	18.9430051488	1.17650625212	-2.0549993333333227	-3.0358324999999318	1
485	2016-08-23	95.790001	95.589996	96.480003	95.410004	9623800	-0.40356357100802576	0.0020923214600825427	0.20000500000000443	0.011181931411567488	9.858395772	1.1935496041	1.6216640000000286	6.840828416666682	0
