#index	date	close	open	high	low	volume	dVolume	percent_change	dollar_change	spread	var	entropy	slope	concavity	answer
40	2014-11-14	115.099998	115.059998	115.389999	113.349998	29849000	-1.02089519622	0.0498545838953	0.04000000000000625	-0.588194545985	3.38016286704	-0.14749328782	1.57225227831	3.12270940138	0.0
41	2014-11-17	114.25	115.440002	115.629997	113.129997	22573000	-0.565258000732	-0.5320427929	-1.1900020000000069	-0.305039281037	1.43058788215	0.0605788583947	-0.820784617267	-1.64435391118	0.0
42	2014-11-18	110.809998	114.330002	114.379997	110.410004	41098000	1.19154365935	-1.65038287343	-3.520004	0.640647414537	0.622974975966	0.439661915339	-1.44606507682	-0.0949044635027	0.0
43	2014-11-19	108.82	109.830002	110.68	107.220001	46841000	0.0676927823491	-0.471300195631	-1.010002	0.387163866308	0.597698798435	0.709501926273	0.0317853907866	0.862554720648	1.0
44	2014-11-20	109.82	107.809998	112.440002	107.260002	36489000	-0.52769798017	1.04896428596	2.010002	1.50495599288	0.782371612836	0.883506519932	0.846314890153	0.178917947666	1.0
45	2014-11-21	110.730003	113.209999	113.5	110.434998	27432000	-0.572605076571	-1.1653642092	-2.479996	0.0876385586472	0.921688950625	0.968901633282	-0.0359378119816	-0.614241375667	1.0
46	2014-11-24	113.919998	112.0	113.93	111.550003	20646000	-0.571224529157	0.966993886162	1.9199980000000068	-0.354017014902	0.407261131803	0.968901633282	1.43401851208	0.788182505488	0.0
47	2014-11-25	113.470001	114.940002	115.169998	112.330002	23485000	0.0640111259801	-0.66751721788	-1.4700010000000105	-0.087922121016	0.375542831675	0.631198539766	-1.1719209093	-1.41651740035	0.0
48	2014-11-26	112.669998	113.330002	113.739998	112.330002	11794700	-0.984503191084	-0.287147507712	-0.6600039999999865	-0.955932478464	-0.090331912807	0.577977462799	0.0429131250798	0.931021905244	0.0
49	2014-11-28	111.639999	113.139999	113.230003	111.110001	8077800	-0.683056027336	-0.69310731021	-1.5	-0.508600510803	-0.185338833221	0.415196794239	-0.298480601239	-0.25323169125	0.0
50	2014-12-01	105.989998	110.019997	110.050003	103.896004	38464200	6.04562594148	-1.96937609234	-4.029999000000004	2.16176739408	0.131909886796	0.523197666955	-2.61359176813	-1.08629020819	1.0
51	2014-12-02	109.889999	107.349998	110.0	106.610001	18651700	-1.01307605394	1.32292896948	2.5400010000000037	0.356405741223	-0.0136338268157	0.294413277546	3.73799869768	3.34512810223	1.0
52	2014-12-03	110.639999	110.400002	111.68	108.797997	16221100	-0.378021367937	0.149580579722	0.23999700000000246	-0.00320469980466	-0.0134096763859	-0.0557354486872	-1.39875063675	-3.33472537801	0.0
53	2014-12-04	109.169998	110.099998	110.5	108.910004	10779300	-0.716632283571	-0.430389450786	-0.9299999999999926	-0.814077432261	-0.0327536663595	0.457193946107	-0.622718544819	0.916358069755	0.0
54	2014-12-05	107.900002	109.599998	110.349998	107.760002	12148100	0.046641099479	-0.816137543228	-1.6999959999999987	-0.161587321666	0.076727767551	-0.114042923704	-0.0920638111916	0.322652595694	0.0
55	2014-12-08	105.07	105.970001	107.400002	104.209999	19217300	0.797491915499	-0.432907523347	-0.9000010000000032	0.287856471733	0.501490802601	0.113799935361	-1.15893876909	-0.593408919473	1.0
56	2014-12-09	107.480003	102.269997	107.949997	101.199997	24866800	0.322261092656	2.81276253484	5.210005999999993	2.67904882906	0.304494770285	0.263797959945	2.0398213083	1.63049504672	0.0
57	2014-12-10	103.879997	107.089996	107.379997	103.510002	18466700	-0.587729084114	-1.6059694509	-3.2099989999999963	0.74018400707	0.375155462586	0.344106675245	-2.87289071541	-2.78571068476	1.0
58	2014-12-11	104.970001	104.440002	106.839996	104.290001	15684300	-0.411618164123	0.307984649056	0.5299989999999895	-0.123893103289	0.190737824307	0.263797959945	1.95772040636	2.91558199256	1.0
59	2014-12-12	105.110001	104.699997	107.449997	104.179001	14537600	-0.283608617306	0.244712014999	0.4100040000000007	0.354362883619	-0.0196469207977	0.0114899797789	-0.607412714972	-1.77917858595	0.0
60	2014-12-15	104.699997	106.389999	107.769997	103.699997	16521800	0.062325967491	-0.8365638118	-1.6900020000000069	0.871482974495	0.0444062904436	0.532416263356	-0.144483642553	0.43787026819	1.0
61	2014-12-16	105.769997	103.75	107.68	103.699997	21700600	0.354399899505	1.09406556289	2.0199970000000036	0.831540694426	-0.103223288472	0.716593653116	0.701129908069	0.40641057196	1.0
62	2014-12-17	109.019997	107.110001	109.190002	106.279999	17311100	-0.496789049707	1.00463238789	1.9099960000000067	0.0564513583738	-0.276213213957	0.716593653116	1.28187670148	0.131419150816	1.0
63	2014-12-18	109.25	110.580002	111.199997	108.260002	22788100	0.359242461425	-0.625918480103	-1.3300019999999932	0.0438148125535	-0.269018002345	0.716593653116	-0.829596640255	-1.12610994846	1.0
64	2014-12-19	110.650002	109.93	110.650002	108.040001	14857800	-0.737304595801	0.388528496217	0.7200019999999938	-0.172177654303	-0.0282151645527	0.716593653116	0.950219649897	1.14364068282	0.0
65	2014-12-22	108.769997	110.629997	110.980003	108.529999	13041200	-0.364736060455	-0.887230015535	-1.8599999999999994	-0.265441601111	-0.0115710230296	0.631198539766	-1.38344587377	-1.29239392878	0.0
66	2014-12-23	105.519997	108.300003	108.470001	103.879997	19096300	0.603376711105	-1.37086954024	-2.780006	1.17775294859	0.0104409627315	0.24475624825	-0.908915840554	0.518751296205	1.0
67	2014-12-24	105.949997	105.68	107.209999	105.599998	5870400	-1.30603336541	0.170384216979	0.2699969999999894	-0.764152467941	-0.114947135496	0.159361134805	1.10932195348	0.949598872338	0.0
68	2014-12-26	105.949997	105.989998	106.940002	105.5	6529100	0.022252037397	0.0102616966417	-0.04000100000000373	-0.878101715678	-0.16237606319	0.457193946107	-0.432073064716	-1.06922112722	1.0
69	2014-12-29	105.980003	105.949997	107.660004	105.639999	8068600	0.226221821897	0.0463359308926	0.0300060000000002	-0.494585944075	-0.204683951279	0.187353935173	0.0642565588191	0.379679226522	0.0
70	2014-12-30	105.75	105.639999	106.709999	105.129997	10205700	0.274210182833	0.0877321898354	0.1100009999999969	-0.782826844216	-0.269296567628	0.789810641572	-0.118045625389	-0.106970595767	0.0
71	2014-12-31	103.940002	106.459999	106.470001	103.690002	10283400	-0.150375625742	-1.26172838251	-2.5199969999999894	0.0212522794823	-0.137894694354	0.784724243522	-0.837017325372	-0.321361178608	0.0
72	2015-01-02	103.599998	104.239998	104.720001	102.519997	12303400	0.161263888741	-0.304400224144	-0.6400000000000006	-0.346955684793	-0.0543244454043	1.02212271025	0.401938133539	0.696062182184	0.0
73	2015-01-05	101.0	102.760002	103.019997	99.900002	18337000	0.64644646987	-0.904404329007	-1.760002	0.315386224322	0.201237558499	-1.71111001092	-1.37509102785	-1.00903883089	1.0
74	2015-01-06	103.32	101.25	103.849998	100.110001	15720400	-0.398453905372	1.14728544745	2.069999999999993	0.731555337766	-0.17181959825	-1.15387749261	2.0054923482	1.81260457283	0.0
75	2015-01-07	102.129997	104.589996	104.739998	102.029999	11052200	-0.65304844265	-1.25351381693	-2.4599989999999963	0.00676304623286	-0.337441423044	-0.802787236037	-1.59264362329	-2.16417216306	1.0
76	2015-01-08	105.029999	102.949997	105.339996	102.68	12942100	0.119283662635	1.13415557704	2.0800020000000075	-0.0380528384705	-0.352422567052	-0.694786363321	2.09038112108	2.16491208818	0.0
77	2015-01-09	103.019997	105.239998	105.300003	102.889999	10222200	-0.509800590063	-1.12105009311	-2.2200009999999963	-0.20865789491	-0.385737078242	0.865032958822	-2.06856109798	-2.40084859771	0.0
78	2015-01-12	101.620003	103.199997	103.360001	101.209999	7997200	-0.522186347284	-0.805167337257	-1.5799939999999992	-0.359293561775	-0.38969994774	0.963815235232	0.216402358586	1.59375704307	0.0
79	2015-01-13	100.769997	102.589996	102.849998	100.010002	11294400	0.517534378325	-0.937889789221	-1.8199989999999957	0.126682749558	-0.405297696064	0.187353935173	-0.156547439465	-0.385593381162	0.0
80	2015-01-14	99.580002	99.279999	100.18	98.059998	17808000	0.788897012148	0.195882120821	0.3000029999999896	-0.336349929025	-0.396779963691	0.187353935173	-0.452013842483	-0.168922538313	0.0
81	2015-01-15	96.309998	99.669998	100.139999	96.019997	18260100	-0.121040212604	-1.81000769833	-3.3600000000000136	1.11552519803	0.0516697863986	-0.284483469693	-1.35190492376	-0.383469176498	1.0
82	2015-01-16	96.889999	96.089996	97.800003	95.519997	13327900	-0.608743996605	0.485506541929	0.8000030000000038	-0.174660401842	0.27180913142	0.187353935173	1.25636723246	1.37750943043	1.0
83	2015-01-20	100.040001	98.300003	100.209999	97.589996	12105600	-0.314304786063	0.997467753634	1.739998	0.0207943633972	0.28369242666	0.251352327324	1.12463000984	-0.442685030481	1.0
84	2015-01-21	103.290001	100.75	103.860001	100.32	15186900	0.25715897373	1.40756998419	2.5400010000000037	0.600868234168	0.281425749396	0.088571658763	0.698344913042	-0.289836162306	1.0
85	2015-01-22	104.0	104.599998	104.919998	103.099998	11433000	-0.570902371455	-0.28236297202	-0.5999979999999994	-0.607610946978	0.403459279487	0.155797087229	-0.391717865209	-0.444053955521	0.0
86	2015-01-23	103.110001	104.019997	105.199997	103.019997	9873800	-0.388026386916	-0.446848772861	-0.9099960000000067	-0.355403914504	0.218150759745	0.155797087229	-0.374090154765	0.210449324622	1.0
87	2015-01-26	103.989998	104.400002	105.129997	103.330002	10664900	-0.0307044451239	-0.183585163538	-0.4100040000000007	-0.619830058152	0.296197109461	0.155797087229	0.812916101691	0.600791244883	0.0
88	2015-01-27	102.940002	102.889999	103.57	100.580002	15659900	0.610066672514	0.0574089678472	0.050003000000003794	0.205314125349	0.347550200933	0.088571658763	-0.894998843754	-1.00129409097	0.0
89	2015-01-28	98.449997	100.300003	101.489998	97.790001	42144700	2.62840008032	-0.976344965065	-1.8500060000000076	0.77836899946	0.445868459535	0.439661915339	-1.85936395148	-0.247207089997	0.0
90	2015-01-29	89.809998	90.529999	90.739998	87.360001	76561400	1.18487750486	-0.403430355969	-0.7200010000000105	0.796026988067	2.1664288962	-2.1118936653	-3.03894465232	-0.344596440202	0.0
91	2015-01-30	89.080002	89.599998	92.0	88.110001	36806900	-1.0199428845	-0.28604395131	-0.5199960000000061	1.22036077717	3.69762460758	-1.64005626033	2.0254404549	2.60014766531	1.0
92	2015-02-02	90.129997	91.129997	91.660004	88.610001	18865300	-0.967461813538	-0.568352935813	-1.0	0.527604741437	4.81166159323	-1.53205538762	-0.0197083044868	-1.73441940755	1.0
93	2015-02-03	90.610001	91.650002	91.650002	89.900002	13512300	-0.63125697532	-0.588786597485	-1.0400010000000037	-0.484750327731	5.59790049313	-1.64005626033	-0.154682782318	0.0396477655603	0.0
94	2015-02-04	90.0	90.989998	91.879997	89.480003	14643600	-0.0247585117482	-0.563272256965	-0.9899979999999999	0.0279002134022	5.69334896636	-0.0474220143213	-0.360641421202	0.000365013863552	0.0
95	2015-02-05	87.0	89.580002	89.839996	86.099998	28926200	1.44683179482	-1.54187769255	-2.5800019999999932	1.13761148305	5.62056699106	-2.57743563394	-1.27907452067	-0.367491290313	0.0
96	2015-02-06	85.68	87.110001	87.400002	85.419998	17587600	-0.809895049811	-0.865563888264	-1.43000099999999	-0.224501523503	5.21257487167	-1.05805474479	0.253043040825	0.872627823018	1.0
97	2015-02-09	86.0	85.830002	86.75	85.470001	12109500	-0.677018743773	0.139027744119	0.16999800000000675	-0.786347856217	3.46817877389	-0.60525905162	0.322621623608	-0.183459304669	1.0
98	2015-02-10	87.260002	87.010002	87.470001	86.519997	12043300	-0.171963942298	0.18776999616	0.25	-1.06628766686	1.07774902304	-0.255494160536	0.42559880931	-0.0352035822743	0.0
99	2015-02-11	86.0	87.580002	87.699997	85.82	12391900	-0.115167726822	-0.954280673156	-1.5800019999999932	-0.312537247166	-0.253060507598	0.00579906264531	-1.0132870545	-0.70513035048	1.0
100	2015-02-12	87.099998	85.599998	88.300003	85.550003	15177800	0.208109124445	0.987773341301	1.5	0.401062907276	-0.289506599048	-0.0474220143213	1.09633424699	1.21910692352	1.0
101	2015-02-13	89.050003	88.199997	89.300003	87.650002	14665200	-0.218682264242	0.557134692742	0.8500060000000076	-0.525773631734	-0.290605271518	0.088571658763	0.52996853891	-0.541244761492	0.0
102	2015-02-17	86.849998	88.779999	88.989998	86.699997	15191700	-0.103687512867	-1.15624398293	-1.9300010000000043	-0.00314823173168	-0.369060369332	0.155797087229	-1.64459857757	-1.02090375951	0.0
103	2015-02-18	86.739998	87.099998	87.43	86.5	7422300	-1.00702652971	-0.194830927305	-0.35999999999999943	-1.08052185471	-0.526761849107	-0.082205898581	0.84817323885	1.52740967648	1.0
104	2015-02-19	86.889999	86.809998	87.870003	86.709999	7604100	-0.122515247634	0.0811947544166	0.08000100000000998	-0.89438085228	-0.66497508176	-0.114042923704	-0.0827889984731	-0.742759901162	0.0
105	2015-02-20	86.639999	87.25	87.290001	86.379997	7821700	-0.115711410907	-0.35091127262	-0.6100009999999969	-1.09684991175	-0.664762875792	-0.210202682882	-0.177416115974	-0.00415484731861	0.0
106	2015-02-23	85.470001	86.510002	86.68	85.25	9367900	0.163323209596	-0.62560359263	-1.0400010000000037	-0.665047097168	-0.656713646771	-0.890112233962	-0.492837166071	-0.113066445935	0.0
107	2015-02-24	84.690002	85.529999	85.529999	83.879997	15846400	0.978457660888	-0.505431480183	-0.8399969999999968	-0.471904018865	-0.60024291553	-1.26127384634	-0.0322288146074	0.272615144142	1.0
108	2015-02-25	86.190002	84.379997	86.830002	84.360001	13645700	-0.392152233814	1.20223105409	1.8100050000000039	0.19891394536	-0.603877881929	-1.46934599256	0.91914107215	0.381528552255	0.0
109	2015-02-26	85.370003	86.919998	87.160004	85.199997	8763300	-0.753472323154	-0.942909345547	-1.5499950000000098	-0.236104838713	-0.587352710578	-1.75511249149	-0.968754547991	-1.06366924316	0.0
110	2015-02-27	85.120003	85.949997	86.559998	85.0	8377200	-0.235658466319	-0.496455539229	-0.8299939999999992	-0.552372134782	-0.569538903777	-2.12759946936	0.286904340703	0.844114610416	0.0
111	2015-03-02	84.0	85.0	85.019997	83.75	11213400	0.395841785452	-0.611567510739	-1.0	-0.777161988714	-0.644192354557	-2.85390809236	-0.557315784693	-0.521643674352	0.0
112	2015-03-03	81.580002	82.949997	83.25	80.029999	39246100	3.96309317188	-0.871017884707	-1.369995000000003	0.912121360779	-0.428787388385	-1.77996144774	-0.885258968408	-0.0713236223953	1.0
113	2015-03-04	85.489998	80.269997	85.825996	80.169998	36607200	-0.273917893914	3.58200911364	5.220000999999996	2.95094016239	-0.464018644691	-1.9539660414	2.68596803232	1.75071107564	1.0
114	2015-03-05	86.099998	85.75	86.269997	84.010002	18514800	-0.978649565072	0.253756103945	0.34999799999999937	0.0125722225056	-0.498098086423	-2.30373093248	-1.1737782839	-2.3699998258	0.0
115	2015-03-06	84.400002	85.739998	86.0	84.050003	10673700	-0.861918734395	-0.822564038339	-1.3399959999999993	-0.224205529941	-0.537500672138	-2.65387965872	-0.693686517276	0.686949017576	0.0
116	2015-03-09	82.529999	84.349998	84.349998	81.480003	17616500	0.910615235432	-1.14737632327	-1.8199989999999957	0.579628107448	-0.474200878579	-3.14096358838	-0.336521434626	0.243552009179	1.0
117	2015-03-10	82.970001	81.089996	83.150002	80.650002	13817000	-0.518910127316	1.29689481501	1.880004999999997	0.305048371302	-0.440530175668	-3.2146762246	0.683040567536	0.414431472538	0.0
118	2015-03-11	81.989998	83.0	83.379997	81.190002	12768700	-0.288162200546	-0.633628450646	-1.010002	0.0297404506661	-0.430757600642	-3.32574549722	-0.807335512618	-0.896979544999	0.0
119	2015-03-12	81.919998	82.099998	82.900002	81.529999	11232000	-0.361572510589	-0.0888528965114	-0.1799999999999926	-0.659759285117	-0.416040715897	0.258107042812	0.332363771851	0.718206639682	0.0
120	2015-03-13	81.860001	81.800003	81.919998	80.769997	12663300	0.0473779123635	0.070923541139	0.05999799999999311	-0.845540573067	-0.420389853141	0.258107042812	-0.0897456414471	-0.321913616444	1.0
121	2015-03-16	84.0	82.010002	85.199997	81.940002	16905700	0.389988506413	1.35593230738	1.989998	0.921430221433	-0.420389853141	0.258107042812	1.113959499	0.588865088121	1.0
122	2015-03-17	84.5	84.010002	85.099998	83.510002	17639000	-0.0913510022137	0.349373700745	0.48999799999999993	-0.508016933583	-0.455719571355	0.113799935361	-0.436247171104	-0.910546476197	1.0
123	2015-03-18	84.589996	83.870003	85.949997	83.300003	35663000	1.52354363458	0.499653692807	0.7199930000000023	0.37403893809	-0.497852979964	0.631198539766	0.0911550464296	0.444516575344	1.0
124	2015-03-19	85.739998	85.110001	87.040001	85.0	30454700	-0.403978029456	0.435081685277	0.629997000000003	-0.157064748033	-0.525238267669	-0.26281924067	0.612998174539	0.221006604323	0.0
125	2015-03-20	85.199997	86.330002	86.800003	85.089996	21181500	-0.665492682583	-0.683903554575	-1.130004999999997	-0.433260431537	-0.492725548782	-0.330044669136	-0.631532933476	-0.688544295346	0.0
126	2015-03-23	84.25	85.25	85.529999	84.209999	11184000	-0.941945668082	-0.609683527822	-1.0	-0.73893277086	-0.50478508097	-0.0602046582983	-0.193648731308	0.370221167816	0.0
127	2015-03-24	83.629997	84.349998	84.5	82.389999	14545100	0.333067709306	-0.435249926815	-0.7200009999999963	-0.0700904235247	-0.513691945203	0.113799935361	-0.0489301106501	0.0421081801112	1.0
128	2015-03-25	83.75	83.940002	84.480003	82.669998	13507200	-0.28071376911	-0.0927353104391	-0.1900020000000069	-0.317717032551	-0.567529393989	0.159361134805	0.183467426725	0.0645269956249	1.0
129	2015-03-26	84.169998	83.199997	84.995003	82.959999	12208000	-0.321692028053	0.667518308374	0.9700010000000105	-0.126461507576	-0.638135665322	0.199195048711	0.126871865479	-0.080787226111	1.0
130	2015-03-27	84.580002	84.779999	85.150002	83.339996	9703800	-0.501496612909	-0.0979484594106	-0.19999700000001042	-0.332629463798	-0.729692816849	0.113799935361	0.0930155752525	-0.0216983247404	0.0
131	2015-03-30	83.900002	85.029999	85.150002	83.75	10020500	-0.109075637729	-0.694826426283	-1.129997000000003	-0.668893630882	-0.728185098298	0.30457340429	-0.432074549058	-0.241722410896	0.0
132	2015-03-31	83.239998	83.639999	84.449997	83.199997	11812900	0.1322821647	-0.23028372162	-0.40000100000000316	-0.780575652367	-0.708718276129	0.556881384457	-0.0688750167402	0.25287639135	0.0
133	2015-04-01	82.360001	83.370003	83.720001	82.18	14896400	0.267875592354	-0.630679348366	-1.010002	-0.52810846314	-0.659010358985	0.492882992306	-0.288738545767	-0.144799650265	0.0
134	2015-04-02	82.279999	82.879997	83.0	81.25	19868200	0.387914096026	-0.364450751125	-0.5999979999999994	-0.345456241023	-0.669851831263	0.187353935173	0.192739409918	0.239507236721	0.0
135	2015-04-06	81.82	82.050003	82.589996	81.613998	12810500	-0.749227741234	-0.122204652068	-0.23000300000001062	-0.99558480854	-0.663874686943	1.06768390969	-0.281318231736	-0.299360685728	1.0
136	2015-04-07	82.209999	81.940002	82.949997	81.879997	9443000	-0.596798376665	0.210804663521	0.2699969999999894	-0.916768335642	-0.659697635014	0.968901633282	0.349988142528	0.347598797682	1.0
137	2015-04-08	85.389999	83.300003	85.540001	83.066002	26161500	2.75914178273	1.40096573223	2.0899959999999993	0.22484771785	-0.592646598091	1.02212271025	1.46231770747	0.437390683141	1.0
138	2015-04-09	86.139999	87.029999	87.690002	85.199997	27800400	-0.0595473018875	-0.527562617378	-0.8900000000000006	0.18463573005	-0.48472597951	1.02212271025	-0.604627812716	-1.17422750393	0.0
139	2015-04-10	84.580002	86.68	86.690002	84.150002	18300300	-0.726945463277	-1.29210009015	-2.0999980000000136	0.248009447934	-0.475243315316	0.968901633282	-0.73543375044	0.217303710137	0.0
140	2015-04-13	84.279999	85.160004	85.709999	83.82	15797100	-0.388698931598	-0.533415928888	-0.880004999999997	-0.26718639475	-0.482642563564	0.923340433839	0.432089276401	0.652196750997	1.0
141	2015-04-14	85.0	84.629997	85.129997	83.529999	11819000	-0.578568046666	0.269613959814	0.370002999999997	-0.508484334278	-0.456194803391	0.968901633282	0.329117378664	-0.228282953225	0.0
142	2015-04-15	84.669998	85.080002	85.360001	84.160004	12225800	-0.10613376292	-0.232283876387	-0.4100039999999865	-0.839594933161	-0.449385001747	0.617811376706	-0.420942129813	-0.39977853635	0.0
143	2015-04-16	84.059998	85.150002	85.400002	83.889999	12048600	-0.186862911233	-0.668155923433	-1.0900040000000075	-0.579726316263	-0.488834755381	0.415196794239	-0.128246249496	0.249244746078	0.0
144	2015-04-17	81.900002	83.080002	83.25	81.610001	22653200	1.2897152798	-0.744725717486	-1.1799999999999926	-0.437260795789	-0.466034958736	0.132273496472	-0.925614631771	-0.390934308123	1.0
145	2015-04-20	82.199997	82.25	82.690002	81.519997	13471000	-0.831935534034	-0.00232722135262	-0.050003000000003794	-0.833226101946	-0.48977789412	0.0968850931289	0.806884064078	0.925059759028	1.0
146	2015-04-21	82.419998	82.860001	82.919998	82.139999	10056000	-0.581345496176	-0.259104610806	-0.44000299999999015	-1.16886481106	-0.50110415813	0.0968850931289	-0.176485573249	-0.714515275379	0.0
147	2015-04-22	82.050003	82.779999	82.839996	81.519997	13316900	0.372260420884	-0.450683706581	-0.7299959999999999	-0.708017909894	-0.482763713557	-0.527572853553	-0.223335832027	0.0573944206239	1.0
148	2015-04-23	82.279999	81.879997	82.75	81.620003	11483300	-0.390192697183	0.297639202681	0.40000200000000063	-0.865613709043	-0.563356570848	-0.527572853553	0.266955259903	0.270214333301	1.0
149	2015-04-24	84.57	82.879997	84.989998	82.800003	21058400	1.21325966769	1.14436500457	1.6900029999999902	0.0024173568941	-0.563738705452	-0.420513511181	1.06850530943	0.304696957521	1.0
150	2015-04-27	84.900002	85.529999	86.269997	84.650002	17434200	-0.446989414945	-0.371355465313	-0.629997000000003	-0.498247691967	-0.540349133352	-0.385125107838	-0.544789893835	-0.910206770692	1.0
151	2015-04-28	85.080002	85.540001	85.57	83.82	11110500	-0.761593269394	-0.262784675431	-0.4599990000000105	-0.392966896192	-0.536301047669	-0.460347425087	0.206193060361	0.570908305305	0.0
152	2015-04-29	82.449997	84.059998	84.400002	81.639999	21098000	1.32069837474	-1.01502180457	-1.610000999999997	0.492424507743	-0.554070068308	-0.460347425087	-1.36071634374	-0.792108777702	0.0
153	2015-04-30	81.290001	82.220001	82.650002	80.440002	14209700	-0.701801292338	-0.586798237675	-0.9299999999999926	0.0637178772191	-0.521629284112	1.08103470435	0.28783604307	0.991002819726	0.0
154	2015-05-01	81.169998	81.029999	82.25	80.110001	17910500	0.266907783377	0.125217939818	0.1399990000000031	0.0185422952989	-0.491225049618	0.709501926273	0.0804851849863	-0.31012827139	0.0
155	2015-05-04	80.589996	81.169998	81.559998	80.120003	21551500	0.172578602393	-0.359326601146	-0.5800020000000075	-0.582780000269	-0.423020487716	0.0257949742304	-0.355536401004	-0.247063365273	0.0
156	2015-05-05	79.540001	80.440002	80.900002	77.769997	32661900	0.6879174252	-0.580101162866	-0.9000010000000032	0.911290653738	-0.283994410327	0.358411669696	-0.349503667606	0.0676776850173	1.0
157	2015-05-06	80.0	79.650002	80.849998	79.510002	24953500	-0.552459677241	0.270825792636	0.34999799999999937	-0.654059710711	-0.203573811836	0.784724243522	0.53089091776	0.431903433733	1.0
158	2015-05-07	86.0	88.830002	89.290001	84.910004	69448800	2.78004276454	-1.70884124253	-2.8300019999999932	1.68024742164	0.000352911362741	0.923340433839	2.82373719978	0.936511300002	1.0
159	2015-05-08	87.059998	87.82	88.269997	86.889999	30140600	-1.0971063383	-0.44170523334	-0.7600020000000001	-0.724430062898	0.242258500476	-0.811437681759	-1.35561266872	-2.3674676894	0.0
160	2015-05-11	86.720001	86.699997	87.669998	86.059998	19776900	-0.730444242267	0.0434700106802	0.020004000000000133	-0.529286627938	0.40662307967	-0.493125980649	0.0480206964889	1.22788089669	1.0
161	2015-05-12	86.769997	87.050003	87.5	86.139999	16077800	-0.471645820389	-0.144779602285	-0.2800060000000002	-0.733807096385	0.556074858981	-0.847743916398	0.243298944385	0.0421763240951	1.0
162	2015-05-13	87.529999	87.080002	88.470001	87.0	19015900	0.138668382171	0.313060555918	0.4499970000000104	-0.650496199907	0.804611184229	-0.191729121772	0.349064047409	-0.0312937475165	1.0
163	2015-05-14	88.400002	87.739998	88.480003	87.529999	12087900	-0.764248182971	0.441641131774	0.6600040000000007	-1.07439690508	0.986037959273	1.1450330965	0.210832693232	-0.114850999927	1.0
164	2015-05-15	88.459999	88.510002	88.959999	88.050003	13424600	0.0195694631514	2.0748634219e-05	-0.050003000000003794	-1.10961812482	1.00243462992	1.28364928682	-0.172315687957	-0.171602916325	0.0
165	2015-05-18	87.110001	87.610001	87.93	86.610001	13490200	-0.154876170023	-0.280778943558	-0.5	-0.771534267329	0.682232878358	1.32921048626	-0.61854114505	-0.146375742064	1.0
166	2015-05-19	88.209999	86.989998	88.800003	86.470001	20727700	0.722531962018	0.796716104223	1.2200009999999963	0.0333270307033	0.0588810244574	1.28364928682	1.01422986612	0.850075694239	1.0
167	2015-05-20	90.699997	88.139999	90.800003	87.300003	29812300	0.560427821874	1.61692057518	2.559997999999993	0.912073886709	-0.542288429616	-0.0602046582983	0.797146739944	-0.348985853154	1.0
168	2015-05-21	93.879997	91.349998	94.769997	90.919998	40729400	0.441448441566	1.54325465822	2.5299990000000037	1.08223328563	-0.0900242421382	-0.26281924067	0.925171810964	0.0211372494744	0.0
169	2015-05-22	93.269997	94.279999	95.059998	93.190002	22183300	-0.914477276814	-0.554125380776	-1.010002	-0.433048728387	0.174012692535	0.329801680889	-1.10373760717	-0.970385091619	0.0
170	2015-05-26	92.519997	93.650002	93.919998	91.550003	15674900	-0.647173040249	-0.628034391012	-1.130004999999997	-0.0463756997597	0.2144987384	0.720725851372	0.119452432775	0.896481034437	1.0
171	2015-05-27	92.599998	92.220001	92.989998	91.599998	9519300	-0.811084242759	0.255882472587	0.379997000000003	-0.776313436807	0.161775348695	0.963815235232	0.236808662836	-0.0591933558266	0.0
172	2015-05-28	90.949997	91.690002	91.93	90.580002	14213000	0.650854755466	-0.409849516478	-0.7400050000000107	-0.794423997974	0.0345599193928	1.08103470435	-0.92840046174	-0.624182096937	0.0
173	2015-05-29	89.32	91.349998	91.5	89.32	13893200	-0.200077472414	-1.182622497	-2.029998000000006	-0.139424742027	-0.0167010876968	1.08103470435	-0.279462295093	0.465356194127	1.0
174	2015-06-01	90.779999	90.089996	90.989998	89.489998	9905900	-0.636617749553	0.449109807433	0.6900030000000044	-0.668083552682	-0.102927255409	1.1664298177	1.13019438723	0.600996327979	0.0
175	2015-06-02	90.510002	90.550003	91.540001	90.190002	9865300	-0.16970575739	0.00674759016725	-0.04000100000000373	-0.785385382636	-0.344899979991	1.1664298177	-0.753987411429	-1.13878895848	1.0
176	2015-06-03	90.790001	90.510002	91.040001	89.900002	9428000	-0.236101352394	0.199801982142	0.27999900000000366	-0.949067442836	-0.497218614354	0.963815235232	0.375035842304	0.76289125861	0.0
177	2015-06-04	90.589996	90.709999	91.410004	90.269997	8689000	-0.292310194401	-0.0413709111558	-0.12000299999999697	-0.949061221136	-0.494210360497	0.843031718539	-0.208959988277	-0.37893953444	1.0
178	2015-06-05	90.709999	90.459999	91.599998	90.459999	11353900	0.343252017883	0.181786111222	0.25	-0.948435212958	-0.585917293079	0.637190099756	0.161202588235	0.224913574046	0.0
179	2015-06-08	88.290001	90.650002	91.599998	88.242996	15603000	0.454729633901	-1.39078570234	-2.360000999999997	0.798567337598	-0.55888013017	0.258107042812	-1.28325034333	-0.725282538895	0.0
180	2015-06-09	87.580002	88.040001	88.18	86.120003	16081800	-0.112294519275	-0.254445984608	-0.4599990000000105	-0.186552681354	-0.496197945662	-0.0474220143213	0.443688335385	1.02108997192	1.0
181	2015-06-10	88.900002	87.699997	88.989998	87.199997	12551300	-0.525273313762	0.778065294409	1.2000050000000044	-0.409893817594	-0.579189577414	-0.727331565497	0.688604341912	-0.108200868157	0.0
182	2015-06-11	87.209999	89.029999	89.480003	87.099998	13716200	-0.00976013873451	-1.08544054282	-1.8200000000000074	0.0620852317132	-0.512472763722	-1.68534773808	-1.34772743122	-1.07141539504	0.0
183	2015-06-12	86.629997	87.419998	87.790001	86.480003	9977100	-0.612864549528	-0.462606561228	-0.7900010000000037	-0.775510499272	-0.399100337145	-1.88796232055	0.384314505033	1.11560900184	0.0
184	2015-06-15	86.120003	86.300003	87.169998	86.050003	10230400	-0.121039102618	-0.0830262506833	-0.18000000000000682	-0.919947799935	-0.324502029439	-2.20627402166	-0.219623309343	-0.474005443478	0.0
185	2015-06-16	86.089996	86.002998	86.699997	85.610001	10974200	-0.0429446739495	0.0861096811406	0.08699799999999414	-0.942643490431	-0.295431353154	-2.66442362061	0.105531029336	0.177338298562	1.0
186	2015-06-17	86.800003	86.580002	87.800003	86.480003	10241500	-0.273135385038	0.169628439345	0.22000100000001055	-0.763352007465	-0.382514230671	-3.36880644744	0.333760583231	0.0657645951038	0.0
187	2015-06-18	86.75	86.970001	87.589996	86.32	11737200	0.078097122642	-0.107264880922	-0.22000099999999634	-0.805771805848	-0.498071210405	0.258107042812	-0.24978187391	-0.323770522869	0.0
188	2015-06-19	85.739998	86.510002	86.599998	85.169998	10317000	-0.362646827582	-0.455174833574	-0.7700040000000001	-0.666873314135	-0.646939631962	0.439661915339	-0.424186899502	-0.00257467044493	0.0
189	2015-06-22	85.68	86.07	86.400002	85.580002	7154200	-0.668909790026	-0.216565440294	-0.38999999999998636	-1.16114105939	-0.655401249781	0.439661915339	0.301749468174	0.389136490147	0.0
190	2015-06-23	85.080002	85.980003	86.339996	84.830002	11411300	0.819163955402	-0.54073404943	-0.9000010000000032	-0.593256617902	-0.632521374549	0.415196794239	-0.371307664564	-0.428496187758	1.0
191	2015-06-24	85.169998	85.163002	85.809998	84.849998	9434300	-0.448882459028	0.0353565589257	0.00699600000000089	-1.04040995691	-0.716012501842	0.415196794239	0.24422735337	0.357811902971	1.0
192	2015-06-25	85.239998	85.470001	85.599998	84.900002	8949800	-0.247700916166	-0.116079493902	-0.2300029999999964	-1.25556439838	-0.728021900238	0.339974476989	-0.0401127533106	-0.211490505853	0.0
193	2015-06-26	83.279999	84.629997	84.650002	82.82	12668600	0.522854411466	-0.840211386665	-1.3499979999999994	-0.30301138917	-0.644098608325	0.963815235232	-1.00539968325	-0.435487711155	0.0
194	2015-06-29	81.07	83.279999	83.279999	80.800003	15199800	0.166822635408	-1.4182402625	-2.2099990000000105	0.284226178122	-0.370317859212	0.415196794239	-0.475675399581	0.406409050338	1.0
195	2015-06-30	82.269997	82.580002	83.690002	81.959999	12624600	-0.44256772785	-0.174124716659	-0.31000499999998965	-0.359661293543	-0.285108265799	0.766287050815	1.15709788449	0.718066410577	1.0
196	2015-07-01	82.459999	82.599998	83.0	81.989998	5950000	-1.03553648777	-0.0616833294938	-0.1399990000000031	-0.972735607049	-0.303823911411	0.963815235232	-0.488661482571	-1.06099438959	0.0
197	2015-07-02	82.07	82.120003	82.32	81.779999	6760200	0.0617988334019	-0.00237977402353	-0.050003000000003794	-1.36928703708	-0.357544802156	1.1664298177	-0.140307680739	0.348146979089	0.0
198	2015-07-06	80.230003	80.559998	81.5	80.120003	11864200	1.08316868119	-0.192815013961	-0.3299949999999967	-0.627539639402	-0.26429678285	1.02781362738	-0.785530402405	-0.294015769651	0.0
199	2015-07-07	79.620003	79.449997	79.790001	76.209999	34221700	2.94727089393	0.147718487938	0.17000600000000077	1.32335744779	-0.207519918075	0.276881246874	0.25907238807	0.584067352743	0.0
200	2015-07-08	77.940002	76.580002	78.790001	76.220001	22714900	-0.717896802361	1.00065195214	1.3600000000000136	0.500348358751	-0.0342997841157	0.968901633282	-0.820785127509	-0.65783466273	1.0
201	2015-07-09	79.040001	80.93	81.190002	79.040001	19778700	-0.376285036435	-1.24439979391	-1.889999000000003	0.0530735775064	-0.124918360934	1.00364914914	1.05922571899	1.00381691823	1.0
202	2015-07-10	80.300003	81.129997	81.199997	79.839996	11224500	-0.876758232189	-0.527784423651	-0.8299939999999992	-0.649663490008	-0.384689438726	0.865032958822	0.138935662391	-0.695326842489	1.0
203	2015-07-13	81.860001	80.919998	82.199997	80.699997	10350500	-0.291455000452	0.665212918572	0.9400029999999902	-0.53894475403	-0.464558745817	1.02781362738	0.497957655782	0.239097461216	0.0
204	2015-07-14	81.5	81.580002	82.019997	81.129997	7519300	-0.614396214036	-0.0226803129704	-0.08000199999999325	-1.06543152769	-0.456854780146	1.08103470435	-0.564271871039	-0.523629569073	0.0
205	2015-07-15	80.730003	80.900002	81.5	80.209999	9514200	0.274932555628	-0.0838781220722	-0.16999900000000423	-0.711807716628	-0.497369126639	1.02781362738	-0.122215185982	0.366518239359	1.0
206	2015-07-16	81.529999	81.389999	82.0	80.900002	8604500	-0.320750006941	0.124801298799	0.14000000000000057	-0.88407320937	-0.539680668058	0.865032958822	0.63386629442	0.322237453387	1.0
207	2015-07-17	83.360001	81.989998	83.699997	81.580002	14505400	0.968932147662	0.943324513006	1.370002999999997	-0.0336271087735	-0.452895834534	0.784724243522	0.611606883053	-0.154874192008	0.0
208	2015-07-20	82.669998	83.559998	83.68	82.050003	8126100	-0.888794016059	-0.550752709418	-0.8899999999999864	-0.456165468893	-0.398620545018	0.720725851372	-0.862998397399	-0.731383454282	0.0
209	2015-07-21	82.540001	83.110001	83.25	82.220001	5750700	-0.645399573733	-0.343646592578	-0.5699999999999932	-0.958874554069	-0.391463896074	0.784724243522	0.336540011979	0.794082902645	1.0
210	2015-07-22	84.150002	82.160004	84.75	82.0	11209200	1.40365772301	1.35351310233	1.989998	0.486789733527	-0.47093494889	0.720725851372	0.808742598318	0.0917325867263	0.0
211	2015-07-23	83.879997	84.660004	84.970001	83.25	7452300	-0.716113305916	-0.472248060602	-0.7800069999999977	-0.400170689201	-0.55352041155	0.923340433839	-0.663540105752	-0.819456708988	0.0
212	2015-07-24	83.019997	85.169998	85.379997	82.650002	8759900	0.126652936427	-1.34761511492	-2.150001000000003	0.444225802177	-0.614952321251	0.344106675245	-0.192721342807	0.422587228566	0.0
213	2015-07-27	81.400002	80.849998	81.699997	79.68	12185700	0.482516914504	0.402351230869	0.5500040000000013	-0.0856605029755	-0.602522386718	0.582109661055	-0.563342395183	-0.191753322661	0.0
214	2015-07-28	80.559998	80.669998	80.800003	79.25	12122800	-0.171460561174	-0.0435906857968	-0.11000000000001364	-0.483076399745	-0.561665829925	0.720725851372	0.0266774482922	0.314560391367	0.0
215	2015-07-29	80.260002	80.980003	81.369003	80.010002	7177100	-0.836274478685	-0.454647605279	-0.7200009999999963	-0.649141520274	-0.534464635999	0.766287050815	-0.0215561700245	-0.114707837245	0.0
216	2015-07-30	79.959999	80.110001	80.639999	79.449997	6934700	-0.218684040873	-0.0713786912021	-0.15000200000000063	-0.788443625531	-0.460746074829	0.720725851372	-0.124539339476	-0.0722207075793	0.0
217	2015-07-31	78.339996	79.849998	79.904999	78.199997	12687000	1.2061080436	-1.00177869109	-1.510002	-0.319897974634	-0.292703027582	0.883506519932	-0.747959594911	-0.281128818357	0.0
218	2015-08-03	77.989998	78.199997	78.5	77.110001	9277000	-0.606550559526	-0.115772139789	-0.20999899999999627	-0.583149255586	-0.13095980816	1.02781362738	0.328653475679	0.607099237925	1.0
219	2015-08-04	78.870003	78.07	79.353996	77.800003	8501200	-0.300962956393	0.590444888324	0.8000030000000038	-0.442692341303	-0.0943550342191	1.32921048626	0.421424702923	-0.105596653487	1.0
220	2015-08-05	79.82	79.589996	80.419998	79.480003	7502600	-0.356813887272	0.188677993676	0.23000399999999388	-1.00388195656	-0.276846624066	1.1664298177	0.175576112702	-0.179280588364	0.0
221	2015-08-06	78.959999	79.849998	80.75	78.639999	9297800	0.231976174941	-0.577775479135	-0.8899990000000031	0.0315370386667	-0.468558354688	1.02212271025	-0.65657873144	-0.362967063036	0.0
222	2015-08-07	78.82	79.650002	80.199997	78.660004	8738800	-0.262169826127	-0.538170406997	-0.8300020000000075	-0.468466405961	-0.626481503705	1.38243156323	0.304995629433	0.594623419259	1.0
223	2015-08-10	80.470001	79.860001	80.989998	79.5	11276700	0.316381400266	0.447980843479	0.6099999999999994	-0.527955480311	-0.669283702457	1.26521209411	0.816628995461	0.119973634642	0.0
224	2015-08-11	77.339996	79.481003	80.0	76.150002	22976600	1.54945929559	-1.44010339345	-2.141007000000002	1.6098211725	-0.639913851922	1.04921034858	-2.13674885314	-1.51474270356	0.0
225	2015-08-12	73.379997	72.32	73.849998	71.029999	41093200	1.13841489714	0.831251135654	1.0599970000000098	0.881845616156	-0.23031548075	-1.43589562844	-0.842120072672	1.04460195621	1.0
226	2015-08-13	75.110001	74.0	76.730003	73.660004	23230700	-0.880367889913	0.849980074556	1.110000999999997	1.05474979884	-0.137403356453	-0.918497024131	1.88721118808	1.19285330566	0.0
227	2015-08-14	74.760002	74.529999	75.489998	74.459999	12367300	-0.934748216846	0.199391129575	0.2300029999999964	-0.863398921896	-0.00623565292136	-0.612967966903	-1.09863569481	-1.89274889032	1.0
228	2015-08-17	75.190002	74.849998	75.239998	74.160004	12677400	-0.121557266889	0.278922529962	0.3400040000000075	-0.821542277421	0.0651685453394	-0.26281924067	0.502598030823	1.09566323994	0.0
229	2015-08-18	73.879997	74.050003	75.129997	73.730003	11155100	-0.361128286957	-0.094498125964	-0.17000600000000077	-0.504054792287	0.165407211259	-0.0602046582983	-0.831456055822	-0.761197084671	0.0
230	2015-08-19	73.120003	73.150002	73.559998	72.809998	18179400	0.876344137613	0.00847609532097	-0.02999900000000366	-1.11166218259	0.158755333419	-0.114042923704	0.0865232991208	0.591063578089	0.0
231	2015-08-20	70.32	71.980003	72.779999	70.029999	20995600	0.0927343059986	-1.22848174631	-1.6600030000000032	0.877717213388	0.435110174302	-0.58113094178	-1.29438642704	-0.753935589916	0.0
232	2015-08-21	68.18	69.32	70.660004	68.18	29128600	0.476392637114	-0.86717115842	-1.1399999999999864	0.697108231175	0.833532286603	-0.432354624814	-0.244209610959	0.670023332333	0.0
233	2015-08-24	65.800003	58.16	65.800003	58.0	31376400	-0.0355782306633	7.2041773085	7.640003000000007	6.98661584824	0.973025240553	-0.62066421283	-0.770223273759	-0.370372776013	1.0
234	2015-08-25	68.57	68.839996	70.330002	67.489998	29948400	-0.23805686392	-0.183303341541	-0.2699960000000061	1.06585881384	0.786516165288	-0.162514613881	1.99667758846	1.33596722793	1.0
235	2015-08-26	68.660004	68.949997	69.449997	65.75	26389200	-0.35908928334	-0.198798943671	-0.2899929999999955	1.93731778309	0.870714603356	0.155797087229	-1.06523403044	-1.86635613316	1.0
236	2015-08-27	70.839996	70.839996	71.589996	70.019997	18123800	-0.679884496883	0.0308706639246	0.0	-0.277426411988	0.628358038981	0.546721257712	1.34913062053	1.50903152779	0.0
237	2015-08-28	70.07	69.68	70.5	69.044998	10604600	-0.847684238988	0.336508228363	0.38999999999998636	-0.371283226532	0.378459080356	0.789810641572	-1.08332272157	-1.40198440378	0.0
238	2015-08-31	66.120003	69.18	69.300003	66.019997	18479900	1.06274143586	-2.38453849202	-3.05999700000001	1.56669239567	0.196824151017	0.90703011069	-1.55414269054	0.076994472787	0.0
239	2015-09-01	64.830002	64.379997	66.839996	64.050003	23460900	0.281917536063	0.412565823325	0.4500049999999902	1.19541191597	0.126212141837	0.936727596899	0.561970515992	1.15159261691	1.0
240	2015-09-02	65.540001	65.690002	66.0	64.971001	13376300	-0.872387059063	-0.0938232177136	-0.15000100000000316	-0.731425737425	-0.122587625541	1.21965089467	0.423742455196	-0.385039147539	1.0
241	2015-09-03	66.470001	65.820999	66.889999	65.410004	15803200	0.136506557204	0.56930386394	0.6490019999999959	-0.262557544637	-0.205539681975	1.38243156323	0.133368362705	-0.217935828693	0.0
242	2015-09-04	63.91	65.404999	65.57	63.34	18186400	0.085956353478	-1.21731797129	-1.494999000000007	0.586179436963	-0.0400164130595	0.492882992306	-1.53326923631	-0.742895777881	0.0
243	2015-09-08	60.91	65.779999	66.809998	60.25	50328400	2.75402490758	-4.01195742725	-4.869999000000007	5.42519085208	0.488149069976	0.295354807889	-0.604163538645	0.71916450749	1.0
244	2015-09-09	64.040001	62.73	64.669998	62.529999	33147900	-0.726355583193	1.17124282009	1.3100010000000069	0.53521071647	0.496651632749	0.402414150262	2.34271753441	1.30478267794	0.0
245	2015-09-10	63.830002	63.52	64.25	63.34	13281600	-1.15210044305	0.29737499511	0.3100019999999972	-0.828881539241	0.444580195439	0.720725851372	-1.39271989793	-2.2681500125	1.0
246	2015-09-11	64.629997	63.369999	64.790001	62.700001	17747000	0.391959376996	1.11663712089	1.259998000000003	0.457748886789	-0.0157742935515	0.923340433839	0.775806738743	1.47764310789	0.0
247	2015-09-14	62.599998	62.549999	63.259998	61.48	26763300	0.675569516943	0.074520666782	0.04999899999999968	0.162770816724	-0.403603571005	1.02212271025	-1.30597667275	-1.17127699691	1.0
248	2015-09-15	64.849998	61.450001	65.360001	61.110001	29035000	-0.0228481965528	3.05226147979	3.399996999999999	2.88486451582	-0.453267713176	0.936727596899	1.89045614331	1.75722326074	1.0
249	2015-09-16	67.230003	65.610001	68.080002	65.260002	25801000	-0.34677420698	1.37919934122	1.6200019999999995	1.14438689032	-0.323042099687	0.762723003239	0.304533860188	-1.18478063001	0.0
250	2015-09-17	66.0	66.410004	66.650002	65.599998	16594600	-0.751864253434	-0.306265120859	-0.4100040000000007	-0.718989184292	-0.303833457611	0.492882992306	-1.18259619787	-0.578810054495	0.0
251	2015-09-18	65.75	65.400002	65.75	64.010002	20127300	0.188413008703	0.323109592017	0.34999799999999937	0.0288624982355	-0.34178427993	0.113799935361	0.501671709193	1.08099762922	0.0
252	2015-09-21	63.900002	65.379997	66.400002	62.959999	22355100	0.0197408318887	-1.20526352153	-1.4799950000000024	1.8982774105	-0.341638652771	-0.191729121772	-0.967826695634	-0.889574990374	0.0
253	2015-09-22	61.900002	62.939999	63.27	61.580002	14897900	-0.713500913554	-0.87143902341	-1.0399969999999996	0.0667050447669	-0.434347612637	0.789810641572	-0.433929140516	0.405585763814	0.0
254	2015-09-23	60.0	61.959999	62.299999	59.68	22684600	0.699706764482	-1.69653648616	-1.9599990000000034	1.1799629403	-0.152216169115	0.492882992306	-0.482634269067	-0.0668701094091	0.0
255	2015-09-24	59.919998	59.419998	60.34	58.209999	20645700	-0.311285247435	0.490372907987	0.5	0.670735343886	0.0902080056114	0.556881384457	0.399621448136	0.396813483625	0.0
256	2015-09-25	59.240002	60.630001	60.84	58.919998	17009100	-0.45365871653	-1.22105106587	-1.389999000000003	0.414206158955	0.336603769005	0.582109661055	-0.4881972085	-0.565714174926	0.0
257	2015-09-28	57.389999	58.810001	60.119999	57.314999	20661600	0.19147542108	-1.28765332142	-1.4200019999999967	1.55225275894	0.8026751606	0.762723003239	-0.721522598232	-0.00881865255685	1.0
258	2015-09-29	57.82	57.299999	58.650002	57.200001	16771000	-0.473724667413	0.526434755075	0.5200010000000006	-0.0652513336674	1.00583288126	0.556881384457	0.766070388708	0.769202315458	1.0
259	2015-09-30	58.970001	58.869999	60.080002	58.349998	16767100	-0.163325037331	0.123631557281	0.10000200000000348	0.226950616067	0.596334766537	-0.06718457252	0.284585289631	-0.452006533907	0.0
260	2015-10-01	58.869999	59.5	59.830002	58.23	8147700	-1.01138743614	-0.547324611041	-0.630001	0.0638527667085	0.219742787282	1.06768390969	-0.37548381192	-0.300939971562	1.0
261	2015-10-02	63.200001	58.360001	63.240002	58.200001	22356300	2.715262211	4.55964140635	4.840000000000003	3.97932429387	-0.114618101053	0.968901633282	2.3575622908	1.40314149318	1.0
262	2015-10-05	63.93	63.470001	64.775002	62.200001	13583500	-0.810595944372	0.426636815277	0.45999899999999627	1.00194182666	-0.111088606289	0.766287050815	-1.0336964202	-1.99542500597	0.0
263	2015-10-06	63.919998	63.720001	64.730003	63.279999	9620900	-0.644416272333	0.202265594498	0.1999969999999962	-0.238361023971	0.0571746816801	0.645503534122	0.16862072214	0.990246450292	1.0
264	2015-10-07	66.279999	64.839996	66.660004	64.379997	15770100	0.891951130154	1.24361898674	1.4400030000000044	0.606355479628	0.544247743878	0.447975349705	1.28419742244	0.464395838262	1.0
265	2015-10-08	67.699997	66.040001	68.410004	65.959999	18667500	0.140293706123	1.40349038899	1.6599959999999925	0.736729681047	1.13969443154	0.0968850931289	-0.0336217759774	-0.838786392253	1.0
266	2015-10-09	68.709999	67.699997	69.449997	67.309998	14762900	-0.508160971171	0.845544651419	1.010002	0.368054601316	1.65956500758	0.295354807889	0.282267862057	0.294208390699	1.0
267	2015-10-12	70.300003	69.639999	70.470001	69.0	15549100	-0.0750457421236	0.548403698749	0.6600040000000007	-0.358245843932	1.86803470392	-0.0557354486872	0.624129619685	0.158630691322	0.0
268	2015-10-13	69.68	69.489998	70.32	68.379997	13052800	-0.427911259185	0.180179716075	0.1900020000000069	0.123102060881	1.56889804001	0.295354807889	-0.729871645948	-0.701429526247	0.0
269	2015-10-14	68.540001	69.5	69.699997	67.425003	12286100	-0.259886588075	-0.723415673418	-0.9599989999999963	0.479125478911	1.010879615	0.645503534122	-0.223799595856	0.428824802046	1.0
270	2015-10-15	71.779999	69.339996	72.440002	69.260002	18203000	0.631909198053	1.95244333386	2.4400030000000044	1.32730692905	0.436738401118	0.295354807889	1.97487720958	1.00011348942	1.0
271	2015-10-16	71.989998	72.5	73.639999	71.209999	15953500	-0.366902760838	-0.35326456485	-0.5100020000000001	0.526357428984	0.368972724518	0.789810641572	-1.04158040529	-1.79199064192	1.0
272	2015-10-19	72.650002	71.800003	73.0	71.522003	10886900	-0.687103641594	0.677334474131	0.8499989999999968	-0.396444294504	0.2529169031	0.789810641572	0.578208790376	1.13911862145	0.0
273	2015-10-20	71.790001	72.989998	73.0	71.550003	11093400	-0.131635702726	-0.866903439233	-1.1999969999999962	-0.426810463178	-0.160563312977	0.645503534122	-0.62457545556	-0.703143509885	0.0
274	2015-10-21	69.480003	71.790001	71.790001	68.889999	16800200	0.686108657291	-1.72623512551	-2.3099980000000073	1.04623904715	-0.381154913333	0.883506519932	-0.829132598112	0.0351218041825	1.0
275	2015-10-22	70.989998	70.160004	71.629997	70.07	10811400	-0.751284228382	0.676875267617	0.8299939999999992	-0.281525249197	-0.491541999527	0.968901633282	1.44978986841	1.13452284368	1.0
276	2015-10-23	75.620003	73.980003	75.760002	72.839996	22510800	1.6230810962	1.24141240381	1.6400000000000006	0.904814305509	-0.228182994631	1.02212271025	1.66688241088	-0.256246222904	1.0
277	2015-10-26	76.349998	75.440002	77.419998	75.129997	24819700	0.00634413680486	0.689571261271	0.9099959999999925	0.283794080527	0.098497799335	1.06768390969	-0.981747774373	-1.37985695143	1.0
278	2015-10-27	79.440002	76.349998	82.790001	76.349998	50815800	1.56574789772	2.24091138985	3.0900040000000075	3.96204813695	0.760098625369	0.968901633282	1.77820776297	1.70507049436	1.0
279	2015-10-28	82.349998	79.480003	82.544998	79.199997	25027100	-1.00053977455	2.00271910073	2.869995000000003	1.06610281729	1.57048906005	0.0968850931289	0.558256972823	-0.892389140879	0.0
280	2015-10-29	82.220001	81.970001	82.529999	80.82	16431700	-0.729781628598	0.197417096096	0.25	-0.370821699687	2.29405524746	0.402414150262	-0.715486246753	-0.514579263897	1.0
281	2015-10-30	83.830002	82.699997	84.440002	82.599998	20740500	0.269850612862	0.777018934192	1.130004999999997	-0.281940915125	3.03971779487	0.294413277546	1.1427192576	1.10710627491	1.0
282	2015-11-02	84.349998	83.519997	84.830002	82.75	13827400	-0.713063021847	0.573543909348	0.8300009999999958	-0.0939767830402	3.56349480872	0.358411669696	-0.260448210043	-0.901363515754	0.0
283	2015-11-03	83.440002	84.0	84.589996	83.129997	11641300	-0.423877669099	-0.333176334879	-0.5599979999999931	-0.608353159668	3.34320546151	0.457193946107	-0.474744439385	0.0369730970572	1.0
284	2015-11-04	85.400002	84.449997	85.599998	84.029999	23728500	1.55073769742	0.645165009492	0.9500050000000044	-0.534943965929	2.27490426328	0.936727596899	1.35284546249	0.934381145934	0.0
285	2015-11-05	85.379997	85.220001	86.419998	84.199997	20657200	-0.376568745152	0.133392849373	0.1599960000000067	-0.0067743420185	0.965294663841	0.883506519932	-0.72198561989	-1.25681932155	0.0
286	2015-11-06	83.610001	85.529999	86.349998	80.769997	38531000	1.26513262795	-1.1949659094	-1.9199980000000068	2.79244089024	0.315230177227	0.720725851372	-0.705744794294	0.252810447549	0.0
287	2015-11-09	81.379997	83.440002	83.470001	80.220001	19091500	-0.995624887158	-1.31729801685	-2.060005000000004	0.932799412851	-0.312635512319	0.720725851372	-0.555926580561	0.142999508732	1.0
288	2015-11-10	81.43	81.099998	82.43	79.620003	22004400	0.0888790775973	0.253071656011	0.33000200000000746	0.592398577138	-0.485777534505	0.709501926273	0.594444791864	0.517039224875	0.0
289	2015-11-11	79.849998	82.279999	82.489998	78.120003	29636600	0.409519156965	-1.58186221401	-2.4300010000000043	1.9465781896	-0.321816770628	0.789810641572	-1.02024559928	-0.962231618024	0.0
290	2015-11-12	78.760002	78.989998	80.5	78.449997	18839800	-0.76421451673	-0.128129819728	-0.22999599999999987	-0.00924560931187	-0.0614047388638	0.0257949742304	-0.0294425671677	0.664128247144	0.0
291	2015-11-13	75.849998	77.150002	78.0	75.639999	24235500	0.309749118591	-0.889280144747	-1.3000040000000013	0.331182577701	0.558509987157	0.344106675245	-1.26841003996	-0.678881215231	1.0
292	2015-11-16	78.300003	75.830002	78.75	75.769997	17045500	-0.652587147917	1.80958549737	2.4700010000000105	0.878975260528	0.618102581269	0.344106675245	2.1029074758	1.74173944243	0.0
293	2015-11-17	78.129997	78.900002	79.139999	77.470001	12471400	-0.605836601887	-0.502055197952	-0.7700049999999976	-0.339975980089	0.665793802623	1.02212271025	-1.14317028867	-2.0200348747	0.0
294	2015-11-18	77.690002	78.25	78.309998	76.150002	16735400	0.401355086863	-0.359927392299	-0.5599979999999931	0.110722320039	0.397537956331	1.1664298177	0.0670416002316	0.944739997921	1.0
295	2015-11-19	77.870003	78.059998	79.150002	77.403	15692700	-0.265773285127	-0.10204124679	-0.18999499999999614	-0.260268311869	-0.0597016806335	0.617811376706	0.227993207309	0.00893232747691	1.0
296	2015-11-20	79.949997	78.440002	80.785004	78.400002	21025800	0.397961150477	1.08207750456	1.5099949999999893	0.279750561081	-0.363553677369	0.716593653116	0.971090228219	0.285775980514	1.0
297	2015-11-23	81.309998	80.449997	82.190002	79.970001	18766400	-0.340297207624	0.614615684762	0.8600009999999969	0.0928693971042	-0.368825311284	0.716593653116	0.0443102147735	-0.573937437502	0.0
298	2015-11-24	80.860001	80.849998	81.110001	79.269997	15283600	-0.469245322806	0.0376268331728	0.010002999999997542	-0.235795237091	-0.408781231376	0.617811376706	-0.469180943323	-0.128353673446	1.0
299	2015-11-25	81.709999	80.910004	82.675003	80.82	16330900	-0.0498443400167	0.570797999003	0.7999949999999956	-0.231793317457	-0.303182550063	0.199195048711	0.715042405461	0.674199581143	0.0
300	2015-11-27	81.379997	80.57	81.410004	79.275002	12599900	-0.540009824374	0.579855453596	0.8099970000000098	0.0170726724665	-0.2303537889	0.0605788583947	-0.477067247695	-0.727677770456	1.0
301	2015-11-30	84.080002	81.5	84.470001	81.379997	97914100	11.0123655569	1.75954306783	2.5800019999999932	0.784724893227	-0.1669052632	-0.142035724073	1.57271817588	1.09470427547	0.0
302	2015-12-01	84.0	83.769997	84.389999	83.5	26235500	-1.37117093437	0.180802985594	0.2300029999999964	-1.08680912682	-0.0365772670833	-0.460347425087	-0.939071158125	-1.46717690736	1.0
303	2015-12-02	85.0	84.269997	85.82	84.25	36611500	0.489807215471	0.503915092295	0.7300029999999964	-0.530505234063	0.0749977975979	-0.918497024131	0.795756468942	1.13021012184	0.0
304	2015-12-03	82.589996	85.050003	85.099998	82.099998	23029200	-0.775236673598	-1.54860258516	-2.4600070000000045	0.677365255365	-0.151506560781	-0.58113094178	-1.55275283701	-1.28451238683	1.0
305	2015-12-04	84.849998	82.580002	85.0	82.419998	15555000	-0.698603546446	1.53193901425	2.269996000000006	0.329023866439	-0.338601782775	0.883506519932	2.03750179337	1.99122863903	0.0
306	2015-12-07	84.760002	84.800003	85.129997	84.199997	11875500	-0.553354008648	0.00511188652104	-0.04000100000000373	-1.0616007164	-0.407021143672	0.709501926273	-0.994266243525	-1.91433972421	0.0
307	2015-12-08	84.379997	82.769997	84.669998	82.610001	14667400	0.225077940015	1.09306309342	1.6099999999999994	-0.103268083273	-0.441546877102	0.251352327324	0.0540449876967	0.824989900581	0.0
308	2015-12-09	83.419998	84.370003	85.199997	82.970001	21919200	0.653073335825	-0.5840061145	-0.9500049999999902	0.032108034817	-0.548685443961	0.187353935173	-0.36573906608	-0.253916379957	1.0
309	2015-12-10	84.330002	83.339996	84.339996	82.849998	10474700	-1.02468341827	0.679556800668	0.990005999999994	-0.584959559102	-0.60785889174	-0.0474220143213	0.749834804691	0.556719188416	0.0
310	2015-12-11	79.739998	82.849998	83.050003	79.421997	20793600	1.46297078268	-2.01896078534	-3.1099999999999994	1.29645548921	-0.443163635983	-0.210202682882	-2.71749778029	-1.80412589831	1.0
311	2015-12-14	80.57	80.150002	80.760002	78.989998	12077700	-0.854752742418	0.317020795537	0.41999799999999254	-0.287001676942	-0.310912682765	-0.114042923704	2.00735148545	2.71776980877	1.0
312	2015-12-15	82.489998	81.059998	83.389999	80.900002	13054800	-0.0294170257182	0.994210931098	1.4300000000000068	0.303136631449	-0.308874883736	0.155797087229	0.293396616834	-1.42145936081	1.0
313	2015-12-16	84.629997	83.300003	85.050003	82.995003	16575600	0.282178003753	0.90274707913	1.3299939999999992	-0.115458428286	-0.327476418803	-0.114042923704	0.554550248346	0.202225404048	0.0
314	2015-12-17	83.559998	85.0	85.32	82.849998	13003000	-0.518671128643	-0.894241592467	-1.4400020000000069	0.223110065874	-0.331975391239	-0.114042923704	-1.05364025942	-0.744334731797	0.0
315	2015-12-18	82.650002	83.199997	83.75	82.029999	12168700	-0.268838294062	-0.330111460021	-0.5499949999999956	-0.376977663085	-0.372039483182	-0.167264000575	0.090694947068	0.797849958552	1.0
316	2015-12-21	82.870003	83.150002	83.730003	82.43	8094600	-0.715518138016	-0.153013564361	-0.27999900000000366	-0.732937239255	-0.422260460638	-0.0602046582983	0.317518505222	-0.0134091252178	1.0
317	2015-12-22	84.839996	82.889999	85.099998	82.889999	12778200	0.792028561312	1.31551253765	1.9499969999999962	0.0160691679642	-0.397671733736	-0.167264000575	0.858372471386	0.163359741237	0.0
318	2015-12-23	84.800003	85.050003	85.089996	83.720001	11238500	-0.361812324134	-0.129644453419	-0.25	-0.699937845929	-0.349250233655	-0.348818873199	-0.630597752185	-0.809992460982	0.0
319	2015-12-24	83.709999	84.559998	84.800003	83.410004	3775300	-1.25897001707	-0.518042588323	-0.8499989999999968	-0.67266845223	-0.36854278687	-0.61011209638	-0.351366979569	0.343275732926	0.0
320	2015-12-28	82.139999	82.559998	82.75	81.519997	9319400	2.26079199729	-0.246927165337	-0.41999899999999	-0.783696112141	-0.529816890592	-0.727331565497	-0.44181210512	-0.0271801250973	1.0
321	2015-12-29	83.260002	82.5	83.510002	82.410004	6942700	-0.583853557901	0.533920546322	0.7600020000000001	-0.900282025212	-0.650449535464	0.14088757379	0.98918471756	0.672828846607	0.0
322	2015-12-30	81.68	82.949997	83.110001	81.5	6984300	-0.153051827149	-0.805187680155	-1.2699969999999894	-0.459831141805	-0.61603508743	0.0605788583947	-1.30644475044	-1.31597259026	0.0
323	2015-12-31	81.269997	81.480003	82.169998	81.25	6744500	-0.219608401982	-0.109873673814	-0.2100059999999928	-1.0380544807	-0.585179784477	-0.191729121772	0.41678391041	1.1075213898	0.0
324	2016-01-04	76.690002	78.18	78.309998	75.18	23066300	3.83120097049	-1.00986463419	-1.489998	1.00173828203	-0.0290087415114	-0.804112601529	-2.34130349086	-1.48177116635	1.0
325	2016-01-05	78.629997	77.919998	78.68	77.260002	14258900	-0.793136321463	0.528446257211	0.7099989999999963	-0.559166520036	0.164300678174	-0.970420949262	2.44800811214	2.61892506153	0.0
326	2016-01-06	77.330002	77.120003	78.485001	76.970001	11569300	-0.474261146863	0.179567063878	0.20999899999999627	-0.455699399315	0.441357412742	-0.804112601529	-1.70906564616	-2.61626692645	0.0
327	2016-01-07	72.720001	73.290001	75.5	71.540001	27288100	2.0794817482	-0.393827509602	-0.5700000000000074	1.97008638397	1.2117982206	-2.95686241719	-1.74107898773	0.447392289847	0.0
328	2016-01-08	70.800003	74.330002	74.660004	70.669998	20814600	-0.55447667743	-2.56247676664	-3.5299989999999895	2.02209972408	1.96015238358	-3.83328461783	0.405653764063	1.16722277823	0.0
329	2016-01-11	69.919998	71.290001	71.730003	69.019997	16961400	-0.468474645707	-1.0185344169	-1.370002999999997	0.858934297271	2.52423088364	-3.91370090442	-0.244214435067	-0.632135031739	1.0
330	2016-01-12	72.68	71.449997	72.769997	71.0	13456000	-0.504040758275	0.970927736045	1.2300030000000106	-0.109388820581	2.39539123278	-3.83339218912	1.52494076053	0.828491227852	0.0
331	2016-01-13	70.290001	72.769997	73.238998	70.220001	12480200	-0.282629082023	-1.83014011487	-2.479996	1.12679757644	2.02298954749	-3.38344845315	-2.18823475562	-2.01050466233	1.0
332	2016-01-14	72.25	70.290001	72.720001	68.269997	17719600	0.529950278965	1.55356441508	1.9599989999999963	2.54427846151	1.36898477268	-3.0151698922	2.04120967749	2.51296448399	0.0
333	2016-01-15	69.589996	68.699997	71.0	67.541	20722500	0.116758587315	0.738300000582	0.8899990000000031	1.6746097289	0.732686000666	-1.38774828017	-2.20632618351	-2.51551654662	1.0
334	2016-01-19	70.129997	71.940002	72.309998	69.809998	17421700	-0.425836211523	-1.34304347926	-1.8100050000000039	0.63553561571	0.600807627757	-1.05805474479	1.33011987524	2.16710541697	0.0
335	2016-01-20	68.709999	68.025002	69.112	65.339996	19464400	0.0305758414995	0.58075376276	0.6849969999999956	2.03521516763	0.0677751853875	-1.05805474479	-1.13759862873	-1.56943870321	1.0
336	2016-01-21	70.720001	68.779999	71.650002	67.143997	16576500	-0.407817309527	1.57111733093	1.9400019999999927	2.69585503506	-0.529688336964	-0.802787236037	1.54581194187	1.51568516203	0.0
337	2016-01-22	70.370003	72.510002	73.339996	69.889999	15834700	-0.236799517448	-1.58076147152	-2.139999000000003	1.55319154736	-0.593954965031	-0.615803013513	-0.953911183175	-1.51844258191	0.0
338	2016-01-25	69.720001	70.800003	70.800003	69.019997	14782800	-0.272581438743	-0.802122713895	-1.0800020000000075	-0.055202468219	-0.586181711897	-0.493125980649	-0.0224891711899	0.731431932504	1.0
339	2016-01-26	69.769997	69.010002	70.190002	68.879997	11473300	-0.532438229998	0.632250635585	0.7599950000000035	-0.50748187342	-0.583457021595	-0.432354624814	0.213150259963	0.0547228707602	0.0
340	2016-01-27	69.540001	69.959999	71.419998	68.745003	18257600	0.812996085061	-0.296958580627	-0.41999799999999254	0.856730709553	-0.665675042167	-0.782503350952	-0.184834342651	-0.258099016838	0.0
341	2016-01-28	66.919998	72.550003	73.150002	66.669998	33165100	1.18467539271	-4.20674544646	-5.630004999999997	4.68000201162	-0.526048258158	-1.27405649022	-1.24846388146	-0.460507917428	1.0
342	2016-01-29	67.029999	67.980003	68.93	65.400002	25594700	-0.539682110448	-0.732252294941	-0.9500039999999927	1.83343937466	-0.546939088866	-1.24512215951	0.894558666929	1.18559222901	0.0
343	2016-02-01	67.029999	66.5	67.699997	65.349998	16213800	-0.767863668922	0.466085478381	0.5299990000000037	0.635826317202	-0.482449286408	-1.27405649022	-0.269723857703	-0.847971162191	0.0
344	2016-02-02	65.089996	67.050003	67.739998	64.660004	19150800	0.136026532975	-1.5654093862	-1.9600070000000045	1.43583583098	-0.305449495716	-1.36134511984	-0.970612015361	-0.239115283211	0.0
345	2016-02-03	63.439999	65.599998	65.730003	60.869999	31918600	0.937417718142	-1.76717198634	-2.159998999999999	3.44712137592	0.0463106381824	0.196572531574	-0.202925399453	0.508195209127	1.0
346	2016-02-04	64.860001	64.330002	65.720001	63.099998	22911500	-0.628684279222	0.480766268799	0.5299990000000037	1.01151072062	0.0244944322635	0.295354807889	1.08937635161	0.517444387536	0.0
347	2016-02-05	62.639999	64.709999	64.860001	62.18	12842800	-0.888253641767	-1.71595360711	-2.069999999999993	1.11858119687	0.140923632509	0.295354807889	-1.7378307855	-1.57197386229	0.0
348	2016-02-08	61.099998	60.900002	62.049999	60.450001	16157900	0.263090692484	0.210201208779	0.19999599999999873	0.00749473996888	0.344968726188	0.709501926273	0.075850237067	1.23768169044	1.0
349	2016-02-09	61.389999	60.110001	62.220001	59.25	12738300	-0.51223884883	1.19369154275	1.2799980000000062	1.59499411961	0.278154297693	0.720725851372	0.451110551229	0.000917266636637	1.0
350	2016-02-10	61.779999	61.900002	63.09	60.869999	8998600	-0.647482221323	-0.0749941663108	-0.12000300000000408	0.684940706544	0.00274228137064	0.523197666955	-0.0289820967208	-0.356390277551	0.0
351	2016-02-11	60.57	60.25	61.630001	59.849998	15008500	0.939352983671	0.320900844022	0.3200000000000003	0.234198616607	0.0156457994294	-0.399801267986	-0.708067138748	-0.274344818134	1.0
352	2016-02-12	60.889999	61.27	62.779999	60.279999	13669600	-0.310177934456	-0.307807443614	-0.38000100000000003	1.03739531129	-0.131790343054	-0.871638672947	0.601398605312	0.742261664766	1.0
353	2016-02-16	66.290001	64.419998	66.889999	64.040001	21735400	0.81091954032	1.61602612581	1.870002999999997	1.22501559658	-0.219442206875	0.295354807889	2.54820702873	0.736300601506	1.0
354	2016-02-17	66.379997	67.300003	67.389999	65.68	14457100	-0.715613337826	-0.715622510855	-0.9200060000000008	-0.0377639621114	-0.104763013471	-0.0101742492437	-1.66871754366	-2.34752322978	1.0
355	2016-02-18	66.519997	67.0	68.5	66.230003	14547800	-0.152586679668	-0.360347863658	-0.4800029999999964	0.552055549587	0.0760234401755	0.0605788583947	0.552232124987	1.62727320438	1.0
356	2016-02-19	67.279999	66.800003	67.75	66.089996	12334900	-0.413996707158	0.423254764526	0.47999599999999987	-0.0953576026081	0.279258210419	1.06768390969	0.359730801014	-0.268451775483	1.0
357	2016-02-22	68.839996	68.300003	69.529999	67.980003	13405400	-0.0197038850719	0.462606076386	0.5399929999999955	-0.246462228033	0.653565797495	1.02212271025	0.571246581123	0.0460162807685	0.0
358	2016-02-23	66.970001	68.5	68.660004	66.464996	12930600	-0.221398183558	-1.1888232048	-1.5299990000000037	0.440203671719	0.587551214034	0.923340433839	-1.38111995762	-0.967708270912	1.0
359	2016-02-24	67.230003	66.169998	67.690002	65.209999	10781500	-0.43725220275	0.905647062942	1.0600049999999896	0.774780556714	0.465618149303	0.883506519932	0.893628216975	1.36543903488	0.0
360	2016-02-25	66.660004	65.669998	66.720001	64.660004	14686100	0.434785380968	0.854100474917	0.990005999999994	0.351118135056	0.2689548575	0.762723003239	-0.539687471235	-0.959279836136	1.0
361	2016-02-26	66.910004	68.089996	68.830002	66.860001	12084100	-0.455360537509	-0.915466769563	-1.1799919999999986	0.214570159153	-0.191301261538	0.492882992306	0.345814314455	0.545548043966	1.0
362	2016-02-29	68.809998	67.639999	70.580002	67.559998	17984200	0.642901497391	0.975436347065	1.16999899999999	1.27107254802	-0.668712727653	0.358411669696	0.844457330012	0.13697096634	1.0
363	2016-03-01	70.860001	70.019997	71.839996	69.860001	14007700	-0.527875875566	0.68597357831	0.8400039999999933	0.139169634398	-0.504603823103	0.532416263356	0.461318225956	-0.291888590285	1.0
364	2016-03-02	71.25	72.040001	72.040001	70.75	10503000	-0.575883412517	-0.567960227762	-0.7900010000000037	-0.568672604993	-0.364774115623	0.159361134805	-0.281321710661	-0.313965952485	0.0
365	2016-03-03	71.019997	71.309998	72.589996	70.459999	11596400	0.0088776677952	-0.191204165087	-0.2900009999999895	0.266778360499	-0.307256506809	0.113799935361	-0.0447537313657	0.244240865211	1.0
366	2016-03-04	72.220001	70.959999	72.959999	70.720001	10763600	-0.281469724165	1.00050480556	1.260002	0.361978598695	-0.166259681288	0.556881384457	0.732209923772	0.357198010805	1.0
367	2016-03-07	72.889999	72.199997	73.980003	72.0	11244500	-0.089201346925	0.552741989743	0.6900020000000069	0.0820355811989	0.0329522289791	0.556881384457	-0.060062669052	-0.512324837191	0.0
368	2016-03-08	71.07	72.400002	72.650002	70.959999	8670700	-0.540722028476	-0.972274955605	-1.3300020000000075	-0.179598221399	-0.0518884858532	0.492882992306	-1.02580798209	-0.371191970609	1.0
369	2016-03-09	72.43	71.589996	72.610001	70.68	7283400	-0.427012685723	0.671606893327	0.8400040000000075	0.0475946310071	-0.103834503059	0.295354807889	1.35609361834	1.29799574414	0.0
370	2016-03-10	71.970001	72.5	73.050003	70.605003	11247900	0.735437558632	-0.368326372784	-0.5299990000000037	0.541231766829	-0.328287103325	-0.0557354486872	-0.836091560369	-1.37059788934	1.0
371	2016-03-11	74.010002	72.580002	74.010002	72.220001	11219200	-0.167152527261	1.10676427068	1.4300000000000068	-0.119144487128	-0.512871617066	0.762723003239	1.32547977852	1.25844836733	0.0
372	2016-03-14	73.349998	74.010002	74.419998	72.889999	11069800	-0.184919524027	-0.456104056433	-0.6600040000000007	-0.375309377166	-0.625550217194	0.936727596899	-1.03276963471	-1.37272449981	0.0
373	2016-03-15	72.230003	72.620003	72.839996	71.75	8373700	-0.564918460973	-0.262393238723	-0.39000000000000057	-0.775729586254	-0.652348038449	1.02212271025	-0.15885758449	0.702168985288	1.0
374	2016-03-16	73.5	72.010002	73.660004	71.860001	7701200	-0.29549135084	1.16077877873	1.489998	-0.0968139393832	-0.651056681004	0.671032453673	0.959493210203	0.471793202881	1.0
375	2016-03-17	74.25	73.760002	74.370003	73.510002	9423900	0.206254338152	0.393634221879	0.48999799999999993	-1.01597249541	-0.650605925451	0.113799935361	-0.12453470091	-0.721575628175	1.0
376	2016-03-18	76.25	74.970001	76.300003	74.709999	13350100	0.524676360766	0.963206503111	1.2799990000000037	-0.356844708331	-0.495386423251	1.08103470435	0.90383366519	0.596062078447	1.0
377	2016-03-21	78.110001	77.089996	79.68	76.940002	15493300	0.102020657154	0.753398432373	1.0200049999999976	0.643615849034	-0.164372663273	0.358411669696	0.37828492586	-0.369274987537	1.0
378	2016-03-22	78.18	77.0	78.550003	76.907997	9148400	-0.838846889308	0.867708961571	1.1800000000000068	-0.347486136991	-0.0425028735997	0.546721257712	-0.373627968049	-0.30772587724	0.0
379	2016-03-23	76.559998	78.160004	78.980003	76.150002	10806800	0.136250352465	-1.08698904598	-1.6000060000000076	0.732799143628	-0.0603769240328	0.546721257712	-0.667712820569	-0.00401736672831	0.0
380	2016-03-24	75.860001	75.150002	76.150002	73.529999	8833400	-0.464327346745	0.546786674595	0.7099989999999963	0.600913041272	-0.195601541775	0.358411669696	0.18439444414	0.474403456059	1.0
381	2016-03-28	76.480003	76.449997	76.889999	74.900002	6082100	-0.677002971374	0.0523035619385	0.0300060000000002	-0.00683486176109	-0.203915595622	0.113799935361	0.402404819664	-0.0303390943058	1.0
382	2016-03-29	78.080002	75.599998	78.239998	75.57	12535000	1.58814127092	1.82222237333	2.480003999999994	0.604260009638	-0.203695569833	0.806120964722	0.55918760832	-0.00833589403569	1.0
383	2016-03-30	78.860001	79.010002	79.550003	78.540001	10696000	-0.405079048135	-0.0728015437309	-0.15000100000000316	-0.933687148759	-0.355184170366	0.963815235232	-0.0549576488542	-0.33075449299	1.0
384	2016-03-31	79.029999	78.5	79.839996	78.410004	11318500	-0.0668855209906	0.399555825216	0.5299990000000037	-0.558183830753	-0.462324455352	1.00364914914	-0.0090366340028	0.113462039001	0.0
385	2016-04-01	78.730003	78.239998	79.019997	78.199997	9262200	-0.462790387831	0.372867388042	0.49000499999999647	-1.09815137528	-0.58741226148	1.04921034858	-0.126852824269	-0.0376013430175	1.0
386	2016-04-04	79.080002	78.330002	79.550003	78.32	9817300	-0.0640261985235	0.55372822283	0.75	-0.735234044337	-0.59535791116	1.1664298177	0.300818368821	0.214284414848	0.0
387	2016-04-05	77.32	78.199997	78.300003	76.910004	9603900	-0.198817526794	-0.583633344856	-0.879997000000003	-0.577777167514	-0.591865394807	1.06764754129	-1.03044840351	-0.698273394658	1.0
388	2016-04-06	78.68	77.300003	79.150002	77.190002	9071900	-0.254367129735	1.00574558167	1.379997000000003	-0.0694335752203	-0.582759932282	0.865032958822	1.3069258856	1.28401500035	0.0
389	2016-04-07	77.610001	77.599998	78.599998	77.182999	10937900	0.17654222418	0.0379097912993	0.010002999999997542	-0.550901224577	-0.609976438331	0.546721257712	-1.14177333813	-1.47430221696	0.0
390	2016-04-08	77.470001	78.269997	78.760002	76.621002	8401200	-0.545713433975	-0.527268841921	-0.7999960000000073	0.0943248243832	-0.679329620723	0.088571658763	0.411217909523	1.01944405687	1.0
391	2016-04-11	77.709999	78.07	78.588997	77.43	7896500	-0.26209225776	-0.220937492242	-0.3600009999999969	-0.787644918556	-0.721323724539	-0.210202682882	0.0777044110545	-0.313962614512	1.0
392	2016-04-12	77.860001	78.0	78.239998	76.870003	7115400	-0.326200268232	-0.0671416395529	-0.1399990000000031	-0.598492718801	-0.719439957783	-0.564820618631	-0.00532332276222	-0.0452097744081	1.0
393	2016-04-13	79.639999	78.739998	79.720001	78.5	14150900	1.46898633197	0.65503343021	0.9000010000000032	-0.750788362807	-0.695822257261	0.0605788583947	0.890844103275	0.435468545746	0.0
394	2016-04-14	79.610001	79.309998	79.858002	78.360001	12611500	-0.342485957169	0.237431472004	0.3000030000000038	-0.50934598949	-0.678224284099	-0.0602046582983	-0.570300476113	-0.826033981118	0.0
395	2016-04-15	78.970001	79.449997	79.75	78.459999	11709100	-0.281037880504	-0.299038210676	-0.47999599999999987	-0.689147783875	-0.674747158514	-0.266046276986	-0.142627381211	0.393178753985	1.0
396	2016-04-18	79.010002	78.519997	79.120003	77.709999	7767000	-0.718601510117	0.371647842138	0.49000499999999647	-0.57596255732	-0.676166344128	-0.564820618631	0.234489565378	0.163635908749	1.0
397	2016-04-19	79.459999	79.199997	80.480003	78.470001	14742000	1.31922234551	0.210138257515	0.26000200000000007	-0.0550155326842	-0.683137445053	-0.890112233962	0.166300093956	-0.111286497934	1.0
398	2016-04-20	81.209999	79.0	81.735001	78.989998	14911900	-0.143919844217	1.5584903665	2.2099989999999963	0.570635859513	-0.587654296617	-0.255494160536	0.75957560775	0.262404965577	0.0
399	2016-04-21	80.779999	81.080002	81.779999	80.199997	8819000	-0.837308212953	-0.171180851511	-0.3000029999999896	-0.46235007644	-0.569804646379	-0.255494160536	-0.736827129281	-0.800197020328	0.0
400	2016-04-22	79.889999	80.120003	81.440002	79.154999	8649300	-0.194700298689	-0.12589274438	-0.23000399999999388	0.170821897927	-0.615827130137	-0.466038342221	-0.143090402869	0.490509658832	0.0
401	2016-04-25	78.839996	79.800003	79.839996	78.68	9207600	-0.0564063334661	-0.626063362798	-0.9600070000000045	-0.805556525417	-0.657737573951	-0.871638672947	-0.277610347618	-0.100730479397	0.0
402	2016-04-26	78.610001	78.849998	79.559998	77.800003	9632700	-0.0867421235345	-0.135338280575	-0.23999700000000246	-0.263960120937	-0.688672118004	-1.40971315205	0.15007049369	0.194138497981	0.0
403	2016-04-27	77.650002	78.300003	78.620003	76.57	11491900	0.155612946185	-0.422446863501	-0.6500010000000032	0.0117711434132	-0.635732507451	-0.615803013513	-0.503508372698	-0.383466599337	0.0
404	2016-04-28	76.400002	77.650002	77.900002	76.089996	9959900	-0.382966296675	-0.848189919461	-1.25	-0.1838040363	-0.512494651984	-0.847743916398	-0.338373892344	0.157193293298	1.0
405	2016-04-29	76.940002	76.809998	77.279999	75.660004	10124300	-0.135698411842	0.123295614372	0.13000400000001378	-0.353755907178	-0.447910576634	0.251352327324	0.601399533025	0.436772808712	0.0
406	2016-05-02	76.610001	76.889999	77.0	75.940002	7718100	-0.555199356068	-0.167983797531	-0.2799980000000062	-0.862529108661	-0.377250916681	0.251352327324	-0.450627838962	-0.652900598259	0.0
407	2016-05-03	75.910004	75.959999	76.269997	75.425003	8019200	-0.0985531359045	-0.00507047933546	-0.04999499999999557	-1.05051097923	-0.291731826105	0.457193946107	-0.19086577725	0.243761136225	0.0
408	2016-05-04	75.82	75.639999	75.910004	75.010002	14258400	1.12117132346	0.160819881396	0.18000099999999009	-0.997511739313	-0.375424304117	0.577977462799	0.159804849142	0.161781593193	1.0
409	2016-05-05	78.830002	79.519997	79.940002	78.099998	27950900	1.42201467759	-0.442956390015	-0.6899950000000104	-0.201965573021	-0.505944966409	0.457193946107	1.5091694042	0.568444518511	1.0
410	2016-05-06	79.199997	78.349998	79.720001	78.25	12862100	-1.05391339557	0.623290634531	0.8499989999999968	-0.522762973739	-0.549389323786	0.457193946107	-0.787854648671	-1.31494647566	1.0
411	2016-05-09	79.410004	78.940002	79.980003	78.889999	11795800	-0.299768532191	0.35599751523	0.4700019999999938	-0.865613598273	-0.520821169072	0.339974476989	0.275313631137	0.80539415968	1.0
412	2016-05-10	79.720001	79.790001	79.980003	79.150002	9319700	-0.509395575062	-0.0170364308409	-0.07000000000000739	-1.10102189026	-0.466704407793	0.415196794239	0.133363863296	-0.142957062164	1.0
413	2016-05-11	79.800003	79.43	80.485001	79.410004	11072500	0.147468737913	0.285243626469	0.370002999999997	-0.884149776316	-0.402104293775	0.415196794239	-0.0312983182676	-0.0957217937685	0.0
414	2016-05-12	79.160004	80.010002	80.449997	78.32	8791400	-0.502960764343	-0.549257416874	-0.8499979999999994	0.0449289515658	-0.42111308057	0.339974476989	-0.314717762368	-0.116770635557	0.0
415	2016-05-13	77.160004	78.824997	79.160004	76.970001	10078000	0.0785996992664	-1.12257917913	-1.6649929999999955	0.137117109188	-0.428627718937	0.294413277546	-0.796200634933	-0.18099151505	1.0
416	2016-05-16	79.290001	77.860001	79.93	77.589996	11661000	0.096304604701	1.03380360931	1.4300000000000068	0.25627739885	-0.457395523495	0.294413277546	1.68589473328	1.24823542654	1.0
417	2016-05-17	79.349998	79.830002	80.199997	79.309998	10970700	-0.260644099149	-0.297473258142	-0.4800039999999939	-1.04669712708	-0.561128976428	0.187353935173	-0.837484289811	-1.56676380852	0.0
418	2016-05-18	79.029999	78.709999	80.0	78.470001	9085800	-0.446510528273	0.252879539199	0.3200000000000074	-0.471042351684	-0.711454636084	0.187353935173	0.023899179186	0.697437029212	0.0
419	2016-05-19	78.32	78.650002	79.260002	77.599998	8317500	-0.302505065753	-0.198252025911	-0.33000200000000746	-0.348327494849	-0.70363056257	0.187353935173	-0.243747377857	-0.166256389521	1.0
420	2016-05-20	78.790001	78.32	79.449997	78.32	11043900	0.37806465814	0.358570608831	0.47000100000001055	-0.822333483496	-0.7032680241	0.088571658763	0.449718610343	0.340129628961	1.0
421	2016-05-23	79.0	78.949997	79.5	78.599998	7187500	-0.739262754887	0.0654561758665	0.050003000000003794	-1.03172268236	-0.70609820403	-0.114042923704	-0.102271764233	-0.371949052874	1.0
422	2016-05-24	81.120003	79.169998	81.309998	79.07	16707700	2.02317598409	1.37588017734	1.9500049999999902	0.127985280583	-0.645812693363	-0.00604205089284	1.06618570173	0.602576251249	0.0
423	2016-05-25	75.589996	78.529999	79.199997	74.120003	49606600	3.08695832491	-2.01351321121	-2.9400030000000044	2.78835825552	-0.489537293521	-0.433259786754	-3.48147099219	-2.30509721859	1.0
424	2016-05-26	78.349998	75.589996	78.864998	75.589996	26968600	-0.916129980732	2.02473378029	2.760002	1.15083112057	-0.49241463197	-0.14749328782	3.40959086881	3.91032505878	1.0
425	2016-05-27	80.970001	78.489998	81.0	78.389999	24552900	-0.310780508253	1.75626414706	2.4800029999999964	0.463300649079	-0.459968289588	0.258107042812	-0.0633068357272	-2.54745917958	1.0
426	2016-05-31	82.0	81.0	82.029999	80.199997	78861400	3.48770914663	0.705034180547	1.0	-0.25701082828	-0.33146051976	-0.00318618036946	-0.0600613702535	0.271038956385	0.0
427	2016-06-01	76.690002	82.0	82.0	76.550003	62531500	-0.504703625606	-3.505280079	-5.309997999999993	2.98205467622	-0.240767644953	-0.14749328782	-2.79170996581	-1.16613749293	1.0
428	2016-06-02	77.300003	76.650002	77.75	76.559998	45379500	-0.615652340791	0.493946499949	0.6500010000000032	-0.747033772755	-0.201346339899	-0.06718457252	2.14001155078	2.77259825806	0.0
429	2016-06-03	76.620003	77.239998	77.800003	75.709999	23685700	-0.951948775873	-0.407454292642	-0.619995000000003	0.073219381176	-0.134999072637	-0.264712756937	-1.02859279157	-2.17226004242	1.0
430	2016-06-06	78.059998	77.110001	78.330002	76.699997	19166100	-0.477874837982	0.70363318642	0.9499969999999962	-0.358227458365	-0.130888537561	-0.453022344953	1.02118720488	1.25035973402	0.0
431	2016-06-07	77.839996	78.190002	78.370003	77.32	12878000	-0.704431829662	-0.21357060543	-0.3500060000000076	-0.887194119339	-0.127577590241	-0.191729121772	-0.633850082736	-0.994715057321	0.0
432	2016-06-08	77.639999	78.0	78.529999	77.375	11614100	-0.324924263836	-0.221163473921	-0.3600009999999969	-0.790306485364	-0.246336847731	-0.0101742492437	0.112032443443	0.546302357154	0.0
433	2016-06-09	77.559998	77.389999	78.07	76.779999	8994400	-0.535222538304	0.150823850856	0.16999899999999002	-0.663596504448	-0.345926983177	-0.0101742492437	0.0127637448732	-0.10621498029	0.0
434	2016-06-10	75.919998	76.43	77.050003	75.760002	10421100	0.0988563876051	-0.333512485181	-0.5100020000000001	-0.643688680889	-0.267033555574	-0.0101742492437	-0.820320435967	-0.405875078788	0.0
435	2016-06-13	75.449997	75.25	76.455002	74.849998	11300800	-0.0236171281621	0.176004021367	0.1999969999999962	-0.337814305935	-0.339986521238	0.402414150262	0.29432576799	0.64808562349	1.0
436	2016-06-14	77.769997	76.889999	78.449997	76.75	22358900	1.4520737447	0.655844872213	0.8799980000000005	-0.289962729077	-0.679676934526	0.447975349705	1.19328078665	0.273850221293	1.0
437	2016-06-15	78.389999	78.309998	78.768997	77.510002	14734800	-0.725727355417	0.086657080813	0.08000100000000998	-0.704349021399	-0.660162935907	0.295354807889	-0.47149994801	-0.97497673634	0.0
438	2016-06-16	78.269997	77.839996	78.400002	76.199997	13570700	-0.293333330314	0.332530107628	0.4300010000000043	0.144519412898	-0.645673173513	0.0605788583947	-0.0382604811352	0.423817178811	0.0
439	2016-06-17	77.0	78.449997	78.449997	76.480003	15582600	0.0817449083822	-0.978439014004	-1.4499969999999962	-0.0544222199082	-0.65228672791	0.196572531574	-0.542468569866	-0.236782403875	1.0
440	2016-06-20	78.150002	77.900002	78.790001	77.839996	9625600	-0.793888272436	0.206118556878	0.25	-0.977103792778	-0.650302819465	0.196572531574	0.997068980962	0.787566694159	1.0
441	2016-06-21	78.620003	78.75	79.080002	78.400002	8881800	-0.29047746763	-0.0592725488791	-0.12999700000000303	-1.22466429035	-0.631137382766	-0.290511398182	-0.242355576128	-0.818976027275	1.0
442	2016-06-22	78.730003	79.040001	79.120003	78.209999	8170900	-0.295044254727	-0.183301103202	-0.3099980000000073	-1.02192888118	-0.609038544097	-0.970420949262	0.0192592680011	0.249380266381	1.0
443	2016-06-23	79.139999	79.160004	79.459999	78.550003	8279500	-0.141004842051	0.01707053914	-0.020004999999997608	-1.02464183634	-0.575461543178	-2.11542134447	0.226137502594	0.0994106905769	0.0
444	2016-06-24	76.290001	76.830002	77.5	75.43	18224800	1.8195852977	-0.352937302452	-0.5400009999999895	0.0641124181865	-0.594487801691	-1.82965484553	-1.56805555902	-0.88429417433	0.0
445	2016-06-27	74.230003	75.800003	75.970001	73.300003	15131300	-0.443092491621	-1.1001764471	-1.5700000000000074	0.663484616733	-0.485483215845	-0.14749328782	-0.0786143354581	0.966665705143	1.0
446	2016-06-28	76.279999	75.5	76.599998	75.5	11266200	-0.584530670882	0.595024258268	0.7799990000000037	-0.814637530524	-0.459620014048	-0.264712756937	1.45953164557	0.550893528938	1.0
447	2016-06-29	78.040001	76.980003	78.480003	76.900002	11460000	-0.134550176128	0.782800620626	1.0599980000000073	-0.402000484063	-0.467465097448	-0.694786363321	0.0503403041888	-0.972986365857	1.0
448	2016-06-30	79.529999	78.309998	79.760002	78.279999	12485300	-0.0152782721579	0.881603584641	1.2200010000000105	-0.516285993624	-0.414224614186	-0.694786363321	0.38802336325	0.307500751403	1.0
449	2016-07-01	79.650002	79.120003	80.050003	79.120003	7271300	-0.852192025496	0.396666721356	0.5299990000000037	-1.00937227159	-0.365595601879	-0.264712756937	-0.250238911818	-0.292780528	0.0
450	2016-07-05	78.970001	79.040001	79.550003	78.370003	6845200	-0.25965865169	-0.0174910148568	-0.07000000000000739	-0.783732616778	-0.348983625367	0.0605788583947	-0.238646532368	0.101808019508	0.0
451	2016-07-06	78.639999	78.470001	78.82	77.68	7737600	0.0522272469106	0.149172209625	0.16999800000000675	-0.813412323412	-0.348561166067	-0.264712756937	0.0726024986959	0.161922432318	1.0
452	2016-07-07	79.349998	79.0	79.489998	78.709999	6819200	-0.358839605636	0.272800113061	0.34999799999999937	-1.13992580841	-0.328191742492	-0.453022344953	0.415392990009	0.102427490955	0.0
453	2016-07-08	78.989998	78.440002	79.349998	77.800003	14029100	1.58208131652	0.413759055954	0.549995999999993	-0.450569032023	-0.333126873922	-0.705330325119	-0.43578377836	-0.477845297339	1.0
454	2016-07-11	81.459999	79.330002	81.900002	79.239998	17417500	0.235688871198	1.49706585829	2.129997000000003	0.487904656346	-0.233763516557	-0.191729121772	1.45211286227	1.00148658179	1.0
455	2016-07-12	81.739998	81.790001	82.879997	81.510002	15294100	-0.364152002475	-0.00251393114408	-0.050003000000003794	-0.656259305152	-0.444501287717	-0.191729121772	-0.6834841769	-1.27073422436	0.0
456	2016-07-13	80.57	81.830002	81.879997	80.370003	10739200	-0.654482687769	-0.809960767571	-1.260002	-0.527300766092	-0.584846799468	-0.399801267986	-0.449698177564	0.370700108574	1.0
457	2016-07-14	81.739998	81.18	82.239998	80.860001	9361500	-0.37467394298	0.407563789072	0.5599979999999931	-0.643262019093	-0.583584115836	-0.255494160536	1.01191076867	0.728963587699	0.0
458	2016-07-15	81.25	81.779999	82.489998	80.964996	8919900	-0.240796652325	-0.323027422591	-0.5299990000000037	-0.519436430512	-0.570777482808	0.0697974547958	-0.729403289939	-1.05804711774	1.0
459	2016-07-18	82.650002	80.599998	82.790001	80.599998	12113600	0.427993290993	1.41976735303	2.0500040000000013	0.0495706030338	-0.499670750754	-0.54126065947	0.991039169861	1.0114923284	1.0
460	2016-07-19	82.769997	82.480003	83.690002	82.050003	9799400	-0.478247707902	0.222865969284	0.2899940000000072	-0.439536536168	-0.482694573487	-0.14749328782	-0.429756796784	-0.87785494483	1.0
461	2016-07-20	84.419998	83.269997	84.699997	83.230003	13991000	0.543027678852	0.785024482143	1.1500010000000032	-0.601822963026	-0.42441649445	0.263797959945	0.941872503993	0.802650606945	0.0
462	2016-07-21	84.18	84.709999	85.0	83.660004	10163500	-0.614455701877	-0.31078658437	-0.5299989999999895	-0.718402080281	-0.419996055771	0.546721257712	-0.638025163222	-0.911646224961	1.0
463	2016-07-22	84.489998	84.0	84.5	83.809998	5988400	-0.840939868592	0.349411625356	0.48999799999999993	-1.25630527308	-0.507359162626	0.90703011069	0.398228672308	0.682562044702	0.0
464	2016-07-25	83.190002	84.470001	84.790001	82.610001	13185900	1.82075926368	-0.796609127346	-1.2799989999999895	-0.00823112855192	-0.52284323573	0.762723003239	-0.777179499262	-0.66208240035	1.0
465	2016-07-26	83.589996	82.860001	83.629997	82.629997	7714700	-0.847763767104	0.511959430767	0.7299950000000024	-0.988315210902	-0.530161085826	0.457193946107	0.66401553547	0.819299028011	0.0
466	2016-07-27	83.099998	83.599998	83.639999	83.0	11629000	0.6744729187	-0.295727698233	-0.5	-1.29217332092	-0.622504660201	0.358411669696	-0.491443369759	-0.736242075096	1.0
467	2016-07-28	83.120003	83.459999	83.489998	82.120003	7476500	-0.752290163783	-0.191586142225	-0.3399959999999993	-0.677752131595	-0.655770270514	0.393800073039	0.215472094175	0.452741153917	0.0
468	2016-07-29	82.480003	83.370003	83.419998	81.945	8709300	0.10920324054	-0.552078192552	-0.8900000000000006	-0.583968261195	-0.711959809718	0.155797087229	-0.369453861662	-0.349468248406	1.0
469	2016-08-01	84.339996	82.790001	84.800003	82.589996	13401200	0.726199952024	1.05322789853	1.5499949999999956	0.0227037043842	-0.711356885862	-0.194351639004	1.16776524111	0.786814156196	0.0
470	2016-08-02	83.800003	84.339996	84.339996	82.910004	7691600	-0.866122390029	-0.318756219699	-0.5399929999999955	-0.638445698366	-0.722045703539	-0.681435568665	-0.929785352005	-1.21329117635	0.0
471	2016-08-03	83.669998	83.300003	83.839996	83.169998	5365800	-0.662010589739	0.273420565837	0.36999500000000296	-1.26786860645	-0.731620374989	-0.804112601529	0.290610044695	0.84095557952	1.0
472	2016-08-04	84.75	83.75	84.980003	83.690002	10731600	1.48751962916	0.682897468061	1.0	-0.757402919929	-0.71675734685	-0.871638672947	0.552233934028	0.00859950354111	0.0
473	2016-08-05	84.589996	85.010002	85.080002	84.440002	9401700	-0.367472513504	-0.238925476992	-0.42000600000000077	-1.30137086191	-0.714021113131	-1.10418409491	-0.435323215142	-0.553724672087	1.0
474	2016-08-08	85.0	84.989998	85.019997	84.300003	11528200	0.210364129844	0.0372970867486	0.010002000000000066	-1.23664702816	-0.694844786903	-1.17716773008	0.370402378726	0.511761150492	1.0
475	2016-08-09	85.239998	85.050003	85.629997	84.800003	15241000	0.368610188381	0.152858942803	0.18999499999999614	-1.14718223473	-0.66983894526	-0.0557354486872	-0.0164602414161	-0.272292952196	1.0
476	2016-08-10	87.330002	86.010002	87.730003	86.010002	28058200	1.22504426432	0.868930907165	1.3199999999999932	-0.439767753966	-0.539330003531	-0.0146434587593	1.03557227938	0.521219476511	1.0
477	2016-08-11	91.769997	92.139999	92.800003	91.260002	54078300	1.36763295498	-0.188412926557	-0.3700019999999995	-0.656815649074	0.153161275605	-1.53205538762	1.61816907207	0.114623701324	1.0
478	2016-08-12	98.25	92.980003	98.349998	92.910004	71707900	0.375111273235	3.12594495123	5.269997000000004	2.15587818365	2.24688537272	-3.96298608798	2.06765367841	0.0760433014858	0.0
479	2016-08-15	97.169998	98.279999	98.860001	96.82	33068400	-1.0522851182	-0.585878389835	-1.110000999999997	-0.367640996167	3.53631901883	-3.3385281412	-2.23415841445	-2.11701953518	0.0
480	2016-08-16	96.660004	96.150002	97.150002	95.050003	27437200	-0.443997321972	0.320520206378	0.5100020000000001	-0.304014937918	4.10684168371	-2.91221556737	0.700668741837	2.04715968841	1.0
481	2016-08-17	97.0	96.169998	97.25	96.050003	14958900	-0.913562496859	0.502162370066	0.8300019999999932	-0.95968639622	4.20009634779	-2.30373093248	0.247936536286	-0.504101273032	0.0
482	2016-08-18	97.0	97.25	97.940002	96.620003	14995500	-0.158903042971	-0.109507857531	-0.25	-0.877964920552	4.00494539081	-2.06572794667	-0.148654826643	-0.24185286598	0.0
483	2016-08-19	96.860001	96.910004	97.239998	96.339996	14053200	-0.266654297335	0.00269476926618	-0.050003000000003794	-1.17931289577	3.28568442007	-2.92496184295	-0.0308369664932	0.104550660642	0.0
484	2016-08-22	95.650002	96.470001	96.629997	94.75	16135500	0.0816119409332	-0.433293176675	-0.8199989999999957	-0.458987193142	2.15058448197	-2.69241642088	-0.562880440395	-0.254879580296	1.0
485	2016-08-23	95.790001	95.589996	96.480003	95.410004	9623800	-0.829007111093	0.145126574193	0.20000500000000443	-1.04672272383	0.741390324293	-2.52990547411	0.46038629166	0.557474097916	0.0
