#index	date	close	open	high	low	volume	percent_change	dollar_change	spread
0	2014-09-19	93.889999	92.699997	99.699997	89.949997	271879400	0.012837130944028045	1.1900020000000069	0.1045072105580623	
1	2014-09-22	89.889999	92.699997	92.949997	89.50	66657800	-0.030312816514977806	-2.809997999999993	0.037789551186583045	
2	2014-09-23	87.169998	88.940002	90.480003	86.620003	39009800	-0.019901101418909346	-1.7700040000000001	0.043836238714439826	
3	2014-09-24	90.57	88.470001	90.57	87.220001	32088000	0.023736848380955675	2.099998999999997	0.03742179380349754	
4	2014-09-25	88.919998	91.089996	91.50	88.50	28598000	-0.02382257212965508	-2.1699979999999925	0.033331482695344125	
5	2014-09-26	90.459999	89.730003	90.459999	88.660004	18340000	0.008135472813926016	0.7299959999999999	0.019978855430613687	
6	2014-09-29	88.75	89.620003	89.699997	88.019997	25302000	-0.009707687691106158	-0.870002999999997	0.01883724809939026	
7	2014-09-30	88.849998	89.00	90.879997	88.459999	24419400	-0.0016854157303370857	-0.15000200000000063	0.02721392215028315	
8	2014-10-01	86.099998	88.699997	88.940002	86.040001	24029600	-0.029312278330742188	-2.599998999999997	0.033180790422791526	
9	2014-10-02	87.059998	86.269997	88.199997	85.611	21469700	0.009157308768655567	0.7900009999999895	0.029873617662078536	
10	2014-10-03	88.099998	88.099998	89.940002	87.650002	18485700	0.0	0.0	0.02599319014740507	
11	2014-10-06	88.309998	89.150002	89.650002	88.059998	9268400	-0.00942236658615002	-0.8400040000000075	0.017919576242533614	
12	2014-10-07	87.669998	87.949997	89.699997	87.059998	12791700	-0.0031836157993273095	-0.27999899999998945	0.030064902347822102	
13	2014-10-08	88.300003	88.00	88.50	87.059998	10252600	0.003409125000000043	0.3000030000000038	0.016335813675510905	
14	2014-10-09	88.790001	88.510002	90.349998	88.00	21507000	0.003163472982409419	0.27999900000000366	0.02650871923561106	
15	2014-10-10	85.879997	88.25	88.739998	85.239998	15431400	-0.026855558073654355	-2.370002999999997	0.04019985137885232	
16	2014-10-13	85.120003	86.849998	86.889999	84.919998	14845000	-0.019919344154734495	-1.7299950000000024	0.022910984340809494	
17	2014-10-14	84.949997	85.809998	85.879997	83.220001	15559200	-0.01002215382874146	-0.8600009999999969	0.031154791261267096	
18	2014-10-15	85.599998	84.040001	86.489998	82.809998	16824300	0.01856255332505286	1.5599969999999956	0.04338599412512384	
19	2014-10-16	88.849998	84.980003	89.175003	84.014999	15232000	0.04554006664367855	3.869995000000003	0.05936839406679865	
20	2014-10-17	87.910004	90.400002	90.900002	87.669998	17360700	-0.027544225054331302	-2.489998	0.036229082960156415	
21	2014-10-20	88.260002	88.00	89.50	87.860001	9891400	0.0029545681818181828	0.26000200000000007	0.018608861697391826	
22	2014-10-21	90.900002	89.099998	92.50	88.50	23243800	0.02020206554886793	1.8000040000000013	0.044444444444444446	
23	2014-10-22	91.629997	92.25	93.50	91.010002	20312500	-0.006720899728997257	-0.620002999999997	0.02708285882776037	
24	2014-10-23	94.449997	92.919998	94.699997	92.82	20641000	0.016465766604945357	1.5299989999999895	0.020067215137621185	
25	2014-10-24	95.760002	95.07	98.00	94.779999	32132600	0.007257831071841874	0.6900020000000069	0.033747324490412116	
26	2014-10-27	97.790001	97.00	98.849998	96.300003	28302400	0.008144340206185605	0.7900010000000037	0.02618199072754248	
27	2014-10-28	99.68	99.839996	100.669998	98.610001	32003600	-0.0016025241026651532	-0.15999599999999248	0.020649529283270535	
28	2014-10-29	98.309998	99.879997	100.00	96.82	28655400	-0.01571885309528003	-1.56999900000001	0.03209041909507094	
29	2014-10-30	98.730003	98.480003	99.440002	97.300003	15484600	0.0025385864376953767	0.25	0.02170274260830359	
30	2014-10-31	98.599998	100.099998	100.220001	98.136002	18128300	-0.01498501528441589	-1.5	0.020976336607475235	
31	2014-11-03	101.800003	99.669998	102.800003	99.050003	40883700	0.02137057331936534	2.130004999999997	0.03722638587766721	
32	2014-11-04	106.07	100.425003	106.359001	99.510002	67814000	0.05621107126080931	5.644996999999989	0.06633573597904455	
33	2014-11-05	108.669998	108.480003	110.139999	106.480003	48344000	0.0017514287863728245	0.18999500000001035	0.033709380457244455	
34	2014-11-06	111.57	109.300003	111.699997	107.209999	33609000	0.020768498972502217	2.2699969999999894	0.04065738161827254	
35	2014-11-07	114.559998	112.93	114.769997	111.75	51457000	0.014433702293456	1.6299979999999863	0.026550591468201636	
36	2014-11-10	119.150002	117.269997	119.449997	115.199997	75971000	0.01603142362150821	1.880004999999997	0.03595296521424991	
37	2014-11-11	114.540001	117.25	117.550003	113.690002	70983600	-0.023112997867803808	-2.7099989999999963	0.03330601823501435	
38	2014-11-12	118.199997	115.050003	119.07	114.019997	53908000	0.027379347395584095	3.1499939999999924	0.0433012047159699	
39	2014-11-13	114.839996	119.300003	120.00	114.550003	62163000	-0.037384802077498724	-4.4600070000000045	0.0465533187262036	
40	2014-11-14	115.099998	115.059998	115.389999	113.349998	29849000	0.0003476447131522308	0.04000000000000625	0.017726807746381815	
41	2014-11-17	114.25	115.440002	115.629997	113.129997	22573000	-0.010308402454809441	-1.1900020000000069	0.021768470357712826	
42	2014-11-18	110.809998	114.330002	114.379997	110.410004	41098000	-0.030788104070880715	-3.520004	0.03526688282846231	
43	2014-11-19	108.82	109.830002	110.68	107.220001	46841000	-0.00919604827103618	-1.010002	0.03164874427945362	
44	2014-11-20	109.82	107.809998	112.440002	107.260002	36489000	0.01864392948045505	2.010002	0.04760373154072268	
45	2014-11-21	110.730003	113.209999	113.50	110.434998	27432000	-0.02190615689343836	-2.479996	0.02737342120770372	
46	2014-11-24	113.919998	112.00	113.93	111.550003	20646000	0.017142839285714345	1.9199980000000068	0.021069378727597215	
47	2014-11-25	113.470001	114.940002	115.169998	112.330002	23485000	-0.01278928984184297	-1.4700010000000105	0.02486752736481522	
48	2014-11-26	112.669998	113.330002	113.739998	112.330002	11794700	-0.005823735889460114	-0.6600039999999865	0.012477840707964661	
49	2014-11-28	111.639999	113.139999	113.230003	111.110001	8077800	-0.013257910670478263	-1.5	0.01886290612032125	
50	2014-12-01	105.989998	110.019997	110.050003	103.896004	38464200	-0.03662969559979177	-4.029999000000004	0.056978835632119695	
51	2014-12-02	109.889999	107.349998	110.00	106.610001	18651700	0.023660931973189265	2.5400010000000037	0.031209713191075055	
52	2014-12-03	110.639999	110.400002	111.68	108.797997	16221100	0.00217388583018325	0.23999700000000246	0.026076755220427378	
53	2014-12-04	109.169998	110.099998	110.50	108.910004	10779300	-0.00844686663845346	-0.9299999999999926	0.014502631723493982	
54	2014-12-05	107.900002	109.599998	110.349998	107.760002	12148100	-0.015510912691804964	-1.6999959999999987	0.023816055172413787	
55	2014-12-08	105.07	105.970001	107.400002	104.209999	19217300	-0.008492979064895953	-0.9000010000000032	0.030231264072065698	
56	2014-12-09	107.480003	102.269997	107.949997	101.199997	24866800	0.050943640880325755	5.210005999999993	0.06436233611442194	
57	2014-12-10	103.879997	107.089996	107.379997	103.510002	18466700	-0.029974779343534538	-3.2099989999999963	0.03668763453009171	
58	2014-12-11	104.970001	104.440002	106.839996	104.290001	15684300	0.005074674357053243	0.5299989999999895	0.024354089713660865	
59	2014-12-12	105.110001	104.699997	107.449997	104.179001	14537600	0.003915988650887933	0.4100040000000007	0.031180554131648164	
60	2014-12-15	104.699997	106.389999	107.769997	103.699997	16521800	-0.015884970541263064	-1.6900020000000069	0.03856175164265016	
61	2014-12-16	105.769997	103.75	107.68	103.699997	21700600	0.019469850602409675	2.0199970000000036	0.037991629028135306	
62	2014-12-17	109.019997	107.110001	109.190002	106.279999	17311100	0.01783209767685472	1.9099960000000067	0.026928265645012436	
63	2014-12-18	109.25	110.580002	111.199997	108.260002	22788100	-0.01202750927785291	-1.3300019999999932	0.026747895858182238	
64	2014-12-19	110.650002	109.93	110.650002	108.040001	14857800	0.006549640680432946	0.7200019999999938	0.02366489234141903	
65	2014-12-22	108.769997	110.629997	110.980003	108.529999	13041200	-0.016812799877414797	-1.8599999999999994	0.022333674266189752	
66	2014-12-23	105.519997	108.300003	108.470001	103.879997	19096300	-0.025669491440364966	-2.780006	0.04293334580488255	
67	2014-12-24	105.949997	105.68	107.209999	105.599998	5870400	0.0025548542770627305	0.2699969999999894	0.015215243801189458	
68	2014-12-26	105.949997	105.989998	106.940002	105.50	6529100	-0.0003774035357563053	-0.04000100000000373	0.013588770727299552	
69	2014-12-29	105.980003	105.949997	107.660004	105.639999	8068600	0.00028320906889690807	0.0300060000000002	0.01906294531213134	
70	2014-12-30	105.75	105.639999	106.709999	105.129997	10205700	0.0010412817213297863	0.1100009999999969	0.014948692061822597	
71	2014-12-31	103.940002	106.459999	106.470001	103.690002	10283400	-0.02367083433844471	-2.5199969999999894	0.026425845882006336	
72	2015-01-02	103.599998	104.239998	104.720001	102.519997	12303400	-0.006139677784721375	-0.6400000000000006	0.02117016976847895	
73	2015-01-05	101.00	102.760002	103.019997	99.900002	18337000	-0.0171273060115355	-1.760002	0.030624214461874643	
74	2015-01-06	103.32	101.25	103.849998	100.110001	15720400	0.020444444444444376	2.069999999999993	0.03656447181893731	
75	2015-01-07	102.129997	104.589996	104.739998	102.029999	11052200	-0.02352040437978405	-2.4599989999999963	0.026219031460590233	
76	2015-01-08	105.029999	102.949997	105.339996	102.68	12942100	0.020204002531442593	2.0800020000000075	0.025579344659666138	
77	2015-01-09	103.019997	105.239998	105.300003	102.889999	10222200	-0.021094650723957598	-2.2200009999999963	0.02314418570882997	
78	2015-01-12	101.620003	103.199997	103.360001	101.209999	7997200	-0.01531001982490367	-1.5799939999999992	0.020994063079777373	
79	2015-01-13	100.769997	102.589996	102.849998	100.010002	11294400	-0.017740511462735566	-1.8199989999999957	0.027930724800919907	
80	2015-01-14	99.580002	99.279999	100.18	98.059998	17808000	0.0030217868958680146	0.3000029999999896	0.021321552744033363	
81	2015-01-15	96.309998	99.669998	100.139999	96.019997	18260100	-0.03371124779193849	-3.3600000000000136	0.04204512791193239	
82	2015-01-16	96.889999	96.089996	97.800003	95.519997	13327900	0.008325559717996074	0.8000030000000038	0.023629454441637852	
83	2015-01-20	100.040001	98.300003	100.209999	97.589996	12105600	0.01770089467850779	1.739998	0.026419309742476325	
84	2015-01-21	103.290001	100.75	103.860001	100.32	15186900	0.02521092803970227	2.5400010000000037	0.03469908824397627	
85	2015-01-22	104.00	104.599998	104.919998	103.099998	11433000	-0.005736118656522339	-0.5999979999999994	0.017449664596832906	
86	2015-01-23	103.110001	104.019997	105.199997	103.019997	9873800	-0.008748279429387088	-0.9099960000000067	0.021049582591122246	
87	2015-01-26	103.989998	104.400002	105.129997	103.330002	10664900	-0.003927241304075844	-0.4100040000000007	0.017275253131148423	
88	2015-01-27	102.940002	102.889999	103.57	100.580002	15659900	0.0004859850372824262	0.050003000000003794	0.02905308249986356	
89	2015-01-28	98.449997	100.300003	101.489998	97.790001	42144700	-0.01844472527084578	-1.8500060000000076	0.03723267421383644	
90	2015-01-29	89.809998	90.529999	90.739998	87.360001	76561400	-0.007953175830699065	-0.7200010000000105	0.0374847183789185	
91	2015-01-30	89.080002	89.599998	92.00	88.110001	36806900	-0.005803526915257365	-0.5199960000000061	0.04354151555854044	
92	2015-02-02	90.129997	91.129997	91.660004	88.610001	18865300	-0.01097333515768688	-1.0	0.03365334989473743	
93	2015-02-03	90.610001	91.650002	91.650002	89.900002	13512300	-0.011347528393943774	-1.0400010000000037	0.019203335577691175	
94	2015-02-04	90.00	90.989998	91.879997	89.480003	14643600	-0.01088029477701494	-0.9899979999999999	0.026520736245325627	
95	2015-02-05	87.00	89.580002	89.839996	86.099998	28926200	-0.02880109335116998	-2.5800019999999932	0.04236038008426345	
96	2015-02-06	85.68	87.110001	87.400002	85.419998	17587600	-0.016416037005900046	-1.43000099999999	0.022918039105746562	
97	2015-02-09	86.00	85.830002	86.75	85.470001	12109500	0.00198063609505691	0.16999800000000675	0.014898434325805383	
98	2015-02-10	87.260002	87.010002	87.470001	86.519997	12043300	0.002873232895684797	0.25	0.010902668023121096	
99	2015-02-11	86.00	87.580002	87.699997	85.82	12391900	-0.018040670974179624	-1.5800019999999932	0.021661446921748546	
100	2015-02-12	87.099998	85.599998	88.300003	85.550003	15177800	0.01752336489540572	1.5	0.03184713449559084	
101	2015-02-13	89.050003	88.199997	89.300003	87.650002	14665200	0.009637256563625593	0.8500060000000076	0.018617782792665762	
102	2015-02-17	86.849998	88.779999	88.989998	86.699997	15191700	-0.021739141943446116	-1.9300010000000043	0.026077561226628087	
103	2015-02-18	86.739998	87.099998	87.43	86.50	7422300	-0.004133180347489784	-0.35999999999999943	0.010699494033582547	
104	2015-02-19	86.889999	86.809998	87.870003	86.709999	7604100	0.0009215643571378724	0.08000100000000998	0.01335640782998978	
105	2015-02-20	86.639999	87.25	87.290001	86.379997	7821700	-0.006991415472779334	-0.6100009999999969	0.010466432862536283	
106	2015-02-23	85.470001	86.510002	86.68	85.25	9367900	-0.0120217428731536	-1.0400010000000037	0.01662984038905973	
107	2015-02-24	84.690002	85.529999	85.529999	83.879997	15846400	-0.009821080437519902	-0.8399969999999968	0.01938669945137646	
108	2015-02-25	86.190002	84.379997	86.830002	84.360001	13645700	0.02145064072472062	1.8100050000000039	0.028961728492476527	
109	2015-02-26	85.370003	86.919998	87.160004	85.199997	8763300	-0.017832432531809418	-1.5499950000000098	0.022752417303660056	
110	2015-02-27	85.120003	85.949997	86.559998	85.00	8377200	-0.009656707725074142	-0.8299939999999992	0.018238124744256658	
111	2015-03-02	84.00	85.00	85.019997	83.75	11213400	-0.011764705882352941	-1.0	0.01502955029585803	
112	2015-03-03	81.580002	82.949997	83.25	80.029999	39246100	-0.016515913798043937	-1.369995000000003	0.03914181024215525	
113	2015-03-04	85.489998	80.269997	85.825996	80.169998	36607200	0.06503053687668627	5.220000999999996	0.06824322117046391	
114	2015-03-05	86.099998	85.75	86.269997	84.010002	18514800	0.004081609329446056	0.34999799999999937	0.026301949680558084	
115	2015-03-06	84.400002	85.739998	86.00	84.050003	10673700	-0.015628598451798415	-1.3399959999999993	0.022922264017867594	
116	2015-03-09	82.529999	84.349998	84.349998	81.480003	17616500	-0.0215767521417131	-1.8199989999999957	0.03439591384939925	
117	2015-03-10	82.970001	81.089996	83.150002	80.650002	13817000	0.023184179217372227	1.880004999999997	0.030476655439656015	
118	2015-03-11	81.989998	83.00	83.379997	81.190002	12768700	-0.012168698795180724	-1.010002	0.026547003170458806	
119	2015-03-12	81.919998	82.099998	82.900002	81.529999	11232000	-0.00219244828727027	-0.1799999999999926	0.016705316832223274	
120	2015-03-13	81.860001	81.800003	81.919998	80.769997	12663300	0.0007334718557405567	0.05999799999999311	0.01405353747883329	
121	2015-03-16	84.00	82.010002	85.199997	81.940002	16905700	0.02426530851688066	1.989998	0.039274681774896784	
122	2015-03-17	84.50	84.010002	85.099998	83.510002	17639000	0.005832615026006069	0.48999799999999993	0.018871235904442032	
123	2015-03-18	84.589996	83.870003	85.949997	83.300003	35663000	0.008584630669442117	0.7199930000000023	0.03146140348724557	
124	2015-03-19	85.739998	85.110001	87.040001	85.00	30454700	0.007402150071646727	0.629997000000003	0.02388060886087572	
125	2015-03-20	85.199997	86.330002	86.800003	85.089996	21181500	-0.013089366081562203	-1.130004999999997	0.019938284964369467	
126	2015-03-23	84.25	85.25	85.529999	84.209999	11184000	-0.011730205278592375	-1.0	0.01557522123893814	
127	2015-03-24	83.629997	84.349998	84.50	82.389999	14545100	-0.00853587453552751	-0.7200009999999963	0.025122050991845748	
128	2015-03-25	83.75	83.940002	84.480003	82.669998	13507200	-0.0022635453356315964	-0.1900020000000069	0.02158751241472333	
129	2015-03-26	84.169998	83.199997	84.995003	82.959999	12208000	0.011658666285769344	0.9700010000000105	0.024317429178390075	
130	2015-03-27	84.580002	84.779999	85.150002	83.339996	9703800	-0.0023590115871552487	-0.19999700000001042	0.021374657408038174	
131	2015-03-30	83.900002	85.029999	85.150002	83.75	10020500	-0.013289392135592087	-1.129997000000003	0.01657493626605733	
132	2015-03-31	83.239998	83.639999	84.449997	83.199997	11812900	-0.0047824127783646095	-0.40000100000000316	0.014980824813893063	
133	2015-04-01	82.360001	83.370003	83.720001	82.18	14896400	-0.01211469309890753	-1.010002	0.018584456197804588	
134	2015-04-02	82.279999	82.879997	83.00	81.25	19868200	-0.007239358370150512	-0.5999979999999994	0.02119157232239216	
135	2015-04-06	81.82	82.050003	82.589996	81.613998	12810500	-0.0028032052600901257	-0.23000300000001062	0.011911856741712565	
136	2015-04-07	82.209999	81.940002	82.949997	81.879997	9443000	0.0032950572786169734	0.2699969999999894	0.01303685645423777	
137	2015-04-08	85.389999	83.300003	85.540001	83.066002	26161500	0.025089987091597096	2.0899959999999993	0.029331898401424007	
138	2015-04-09	86.139999	87.029999	87.690002	85.199997	27800400	-0.010226358844379632	-0.8900000000000006	0.028757926069849702	
139	2015-04-10	84.580002	86.68	86.690002	84.150002	18300300	-0.024227018920166283	-2.0999980000000136	0.029662501113365707	
140	2015-04-13	84.279999	85.160004	85.709999	83.82	15797100	-0.010333548129001932	-0.880004999999997	0.022308769671114833	
141	2015-04-14	85.00	84.629997	85.129997	83.529999	11819000	0.004372007717310884	0.370002999999997	0.0188645643848004	
142	2015-04-15	84.669998	85.080002	85.360001	84.160004	12225800	-0.004819040789397096	-0.4100039999999865	0.014138403534609675	
143	2015-04-16	84.059998	85.150002	85.400002	83.889999	12048600	-0.012800986193752615	-1.0900040000000075	0.01784768039713962	
144	2015-04-17	81.900002	83.080002	83.25	81.610001	22653200	-0.014203177318170897	-1.1799999999999926	0.019881185116227818	
145	2015-04-20	82.199997	82.25	82.690002	81.519997	13471000	-0.0006079392097264899	-0.050003000000003794	0.014229310080194204	
146	2015-04-21	82.419998	82.860001	82.919998	82.139999	10056000	-0.005310197860123007	-0.44000299999999015	0.009438516514027854	
147	2015-04-22	82.050003	82.779999	82.839996	81.519997	13316900	-0.008818506992250626	-0.7299959999999999	0.01601648952233824	
148	2015-04-23	82.279999	81.879997	82.75	81.620003	11483300	0.0048852224554917925	0.40000200000000063	0.01376702031596057	
149	2015-04-24	84.57	82.879997	84.989998	82.800003	21058400	0.020390963575927616	1.6900029999999902	0.02615700255879964	
150	2015-04-27	84.900002	85.529999	86.269997	84.650002	17434200	-0.007365801559286853	-0.629997000000003	0.019010678759545426	
151	2015-04-28	85.080002	85.540001	85.57	83.82	11110500	-0.005377589368978503	-0.4599990000000105	0.02051342127804323	
152	2015-04-29	82.449997	84.059998	84.400002	81.639999	21098000	-0.019152998314370614	-1.610000999999997	0.03315119912171035	
153	2015-04-30	81.290001	82.220001	82.650002	80.440002	14209700	-0.011311116379091173	-0.9299999999999926	0.027031985480619025	
154	2015-05-01	81.169998	81.029999	82.25	80.110001	17910500	0.0017277428326267544	0.1399990000000031	0.02638716448311652	
155	2015-05-04	80.589996	81.169998	81.559998	80.120003	21551500	-0.0071455219205500955	-0.5800020000000075	0.01780409314307957	
156	2015-05-05	79.540001	80.440002	80.900002	77.769997	32661900	-0.011188475604463599	-0.9000010000000032	0.039129953010439644	
157	2015-05-06	80.00	79.650002	80.849998	79.510002	24953500	0.004394199513014442	0.34999799999999937	0.01678667063217449	
158	2015-05-07	86.00	88.830002	89.290001	84.910004	69448800	-0.03185862812431315	-2.8300019999999932	0.05010578218720153	
159	2015-05-08	87.059998	87.82	88.269997	86.889999	30140600	-0.00865408790708267	-0.7600020000000001	0.01578222799384982	
160	2015-05-11	86.720001	86.699997	87.669998	86.059998	19776900	0.00023072665158223863	0.020004000000000133	0.018567639471429514	
161	2015-05-12	86.769997	87.050003	87.50	86.139999	16077800	-0.0032166110321673416	-0.2800060000000002	0.015648383385111	
162	2015-05-13	87.529999	87.080002	88.470001	87.00	19015900	0.005167627350307255	0.4499970000000104	0.016837534981744787	
163	2015-05-14	88.400002	87.739998	88.480003	87.529999	12087900	0.007522270515666079	0.6600040000000007	0.010786919495855488	
164	2015-05-15	88.459999	88.510002	88.959999	88.050003	13424600	-0.000564941801718678	-0.050003000000003794	0.010284183701846647	
165	2015-05-18	87.110001	87.610001	87.93	86.610001	13490200	-0.005707110995239003	-0.5	0.015109878490042713	
166	2015-05-19	88.209999	86.989998	88.800003	86.470001	20727700	0.014024612346812518	1.2200009999999963	0.026598196802480625	
167	2015-05-20	90.699997	88.139999	90.800003	87.300003	29812300	0.029044679249429002	2.559997999999993	0.03914113261331095	
168	2015-05-21	93.879997	91.349998	94.769997	90.919998	40729400	0.027695665630994362	2.5299990000000037	0.04156993039923147	
169	2015-05-22	93.269997	94.279999	95.059998	93.190002	22183300	-0.010712791797971912	-1.010002	0.019941306743616098	
170	2015-05-26	92.519997	93.650002	93.919998	91.550003	15674900	-0.012066257083475524	-1.130004999999997	0.025460546948813195	
171	2015-05-27	92.599998	92.220001	92.989998	91.599998	9519300	0.004120548643238499	0.379997000000003	0.015041662239160607	
172	2015-05-28	90.949997	91.690002	91.93	90.580002	14213000	-0.008070727275150574	-0.7400050000000107	0.014783158206215426	
173	2015-05-29	89.32	91.349998	91.50	89.32	13893200	-0.022222200814936047	-2.029998000000006	0.02413239634839656	
174	2015-06-01	90.779999	90.089996	90.989998	89.489998	9905900	0.007659041299102781	0.6900030000000044	0.016586499048667522	
175	2015-06-02	90.510002	90.550003	91.540001	90.190002	9865300	-0.0004417559213112751	-0.04000100000000373	0.014912172348608926	
176	2015-06-03	90.790001	90.510002	91.040001	89.900002	9428000	0.003093569702937402	0.27999900000000366	0.012575829907735888	
177	2015-06-04	90.589996	90.709999	91.410004	90.269997	8689000	-0.0013229302317597533	-0.12000299999999697	0.012575918714173127	
178	2015-06-05	90.709999	90.459999	91.599998	90.459999	11353900	0.0027636524736198596	0.25	0.012584854143454846	
179	2015-06-08	88.290001	90.650002	91.599998	88.242996	15603000	-0.026034207919818874	-2.360000999999997	0.037520978470085245	
180	2015-06-09	87.580002	88.040001	88.18	86.120003	16081800	-0.005224886355919174	-0.4599990000000105	0.023459708060704337	
181	2015-06-10	88.900002	87.699997	88.989998	87.199997	12551300	0.013683067742864399	1.2000050000000044	0.020271812119319478	
182	2015-06-11	87.209999	89.029999	89.480003	87.099998	13716200	-0.02044254768552797	-1.8200000000000074	0.027008681650121182	
183	2015-06-12	86.629997	87.419998	87.790001	86.480003	9977100	-0.009036845322279734	-0.7900010000000037	0.01505312309833743	
184	2015-06-15	86.120003	86.300003	87.169998	86.050003	10230400	-0.002085747320310137	-0.18000000000000682	0.01299147385483797	
185	2015-06-16	86.089996	86.002998	86.699997	85.610001	10974200	0.001011569387383381	0.08699799999999414	0.012667523234560022	
186	2015-06-17	86.800003	86.580002	87.800003	86.480003	10241500	0.0025410140323167303	0.22000100000001055	0.015226669303649028	
187	2015-06-18	86.75	86.970001	87.589996	86.32	11737200	-0.00252961937990545	-0.22000099999999634	0.01462118342953505	
188	2015-06-19	85.739998	86.510002	86.599998	85.169998	10317000	-0.00890075115245056	-0.7700040000000001	0.016603773584905574	
189	2015-06-22	85.68	86.07	86.400002	85.580002	7154200	-0.004531195538515004	-0.38999999999998636	0.009548762736535748	
190	2015-06-23	85.080002	85.980003	86.339996	84.830002	11411300	-0.010467561858540564	-0.9000010000000032	0.017654553441641792	
191	2015-06-24	85.169998	85.163002	85.809998	84.849998	9434300	8.214834888043156e-05	0.00699600000000089	0.011272037714359444	
192	2015-06-25	85.239998	85.470001	85.599998	84.900002	8949800	-0.0026910377595525756	-0.2300029999999964	0.00820099588894027	
193	2015-06-26	83.279999	84.629997	84.650002	82.82	12668600	-0.015951767078521806	-1.3499979999999994	0.021797415801260663	
194	2015-06-29	81.07	83.279999	83.279999	80.800003	15199800	-0.026536971980511314	-2.2099990000000105	0.030179446487249444	
195	2015-06-30	82.269997	82.580002	83.690002	81.959999	12624600	-0.0037539960340517995	-0.31000499999998965	0.020988814200720872	
196	2015-07-01	82.459999	82.599998	83.00	81.989998	5950000	-0.0016949031887386135	-0.1399990000000031	0.01223799852607534	
197	2015-07-02	82.07	82.120003	82.32	81.779999	6760200	-0.0006089015851595109	-0.050003000000003794	0.0065777573559090505	
198	2015-07-06	80.230003	80.559998	81.50	80.120003	11864200	-0.004096263756113757	-0.3299949999999967	0.017165209172428614	
199	2015-07-07	79.620003	79.449997	79.790001	76.209999	34221700	0.002139786109746496	0.17000600000000077	0.04501165524611816	
200	2015-07-08	77.940002	76.580002	78.790001	76.220001	22714900	0.017759205595215495	1.3600000000000136	0.03326430149458199	
201	2015-07-09	79.040001	80.93	81.190002	79.040001	19778700	-0.023353503027307584	-1.889999000000003	0.026880052341813798	
202	2015-07-10	80.300003	81.129997	81.199997	79.839996	11224500	-0.010230420691375093	-0.8299939999999992	0.016849420801585788	
203	2015-07-13	81.860001	80.919998	82.199997	80.699997	10350500	0.011616448631152835	0.9400029999999902	0.018429782641785124	
204	2015-07-14	81.50	81.580002	82.019997	81.129997	7519300	-0.0009806569997386522	-0.08000199999999325	0.010914888264472804	
205	2015-07-15	80.730003	80.900002	81.50	80.209999	9514200	-0.002101347290448821	-0.16999900000000423	0.01596239510108292	
206	2015-07-16	81.529999	81.389999	82.00	80.900002	8604500	0.001720113057133722	0.14000000000000057	0.01350353564330389	
207	2015-07-17	83.360001	81.989998	83.699997	81.580002	14505400	0.016709391796789614	1.370002999999997	0.02564251603049605	
208	2015-07-20	82.669998	83.559998	83.68	82.050003	8126100	-0.010651029455505568	-0.8899999999999864	0.019611346197710346	
209	2015-07-21	82.540001	83.110001	83.25	82.220001	5750700	-0.006858380377110009	-0.5699999999999932	0.012435846514508388	
210	2015-07-22	84.150002	82.160004	84.75	82.00	11209200	0.02422100661046706	1.989998	0.03307077025780397	
211	2015-07-23	83.879997	84.660004	84.970001	83.25	7452300	-0.009213406132132921	-0.7800069999999977	0.020410596769843335	
212	2015-07-24	83.019997	85.169998	85.379997	82.650002	8759900	-0.025243642720292222	-2.150001000000003	0.03246322707840026	
213	2015-07-27	81.400002	80.849998	81.699997	79.68	12185700	0.0068027707310518585	0.5500040000000013	0.024899808936825755	
214	2015-07-28	80.559998	80.669998	80.800003	79.25	12122800	-0.0013635800511611967	-0.11000000000001364	0.01922722866035429	
215	2015-07-29	80.260002	80.980003	81.369003	80.010002	7177100	-0.008891096237672359	-0.7200009999999963	0.016856871221258105	
216	2015-07-30	79.959999	80.110001	80.639999	79.449997	6934700	-0.0018724503573530182	-0.15000200000000063	0.014868520022490247	
217	2015-07-31	78.339996	79.849998	79.904999	78.199997	12687000	-0.018910482627688983	-1.510002	0.021556382384084385	
218	2015-08-03	77.989998	78.199997	78.50	77.110001	9277000	-0.0026854093101818955	-0.20999899999999627	0.017798822517409045	
219	2015-08-04	78.870003	78.07	79.353996	77.800003	8501200	0.010247252465735927	0.8000030000000038	0.0198036570701479	
220	2015-08-05	79.82	79.589996	80.419998	79.480003	7502600	0.0028898606804804196	0.23000399999999388	0.011793426053407724	
221	2015-08-06	78.959999	79.849998	80.75	78.639999	9297800	-0.011145886315488738	-0.8899990000000031	0.02657264706075143	
222	2015-08-07	78.82	79.650002	80.199997	78.660004	8738800	-0.010420614929802606	-0.8300020000000075	0.01943576677685655	
223	2015-08-10	80.470001	79.860001	80.989998	79.50	11276700	0.007638367046852397	0.6099999999999994	0.018586639823032	
224	2015-08-11	77.339996	79.481003	80.00	76.150002	22976600	-0.02693734249931398	-2.141007000000002	0.04910054169467444	
225	2015-08-12	73.379997	72.32	73.849998	71.029999	41093200	0.014657038163716952	1.0599970000000098	0.03870966448956064	
226	2015-08-13	75.110001	74.00	76.730003	73.660004	23230700	0.015000013513513471	1.110000999999997	0.04117764039180706	
227	2015-08-14	74.760002	74.529999	75.489998	74.459999	12367300	0.0030860459289687686	0.2300029999999964	0.013798633439623375	
228	2015-08-17	75.190002	74.849998	75.239998	74.160004	12677400	0.00454247173126187	0.3400040000000075	0.01439608104505464	
229	2015-08-18	73.879997	74.050003	75.129997	73.730003	11155100	-0.002295827050810528	-0.17000600000000077	0.018927790171026925	
230	2015-08-19	73.120003	73.150002	73.559998	72.809998	18179400	-0.00041010251783730176	-0.02999900000000366	0.010255007511622085	
231	2015-08-20	70.32	71.980003	72.779999	70.029999	20995600	-0.0230620023730758	-1.6600030000000032	0.038650737062879754	
232	2015-08-21	68.18	69.32	70.660004	68.18	29128600	-0.016445470282746486	-1.1399999999999864	0.03607278545454536	
233	2015-08-24	65.800003	58.16	65.800003	58.00	31376400	0.13136181224209093	7.640003000000007	0.12584709279169676	
234	2015-08-25	68.57	68.839996	70.330002	67.489998	29948400	-0.00392208041383393	-0.2699960000000061	0.04133620671963332	
235	2015-08-26	68.660004	68.949997	69.449997	65.75	26389200	-0.0042058449980787605	-0.2899929999999955	0.053775117696569105	
236	2015-08-27	70.839996	70.839996	71.589996	70.019997	18123800	0.0	0.0	0.0221626071238061	
237	2015-08-28	70.07	69.68	70.50	69.044998	10604600	0.005597014925372938	0.38999999999998636	0.02082292665474051	
238	2015-08-31	66.120003	69.18	69.300003	66.019997	18479900	-0.044232393755420776	-3.05999700000001	0.04848493610159048	
239	2015-09-01	64.830002	64.379997	66.839996	64.050003	23460900	0.006989826358643512	0.4500049999999902	0.04318540394075842	
240	2015-09-02	65.540001	65.690002	66.00	64.971001	13376300	-0.0022834677337961284	-0.15000100000000316	0.01568237409855121	
241	2015-09-03	66.470001	65.820999	66.889999	65.410004	15803200	0.00986010558727612	0.6490019999999959	0.02237484031415595	
242	2015-09-04	63.91	65.404999	65.57	63.34	18186400	-0.022857564755868386	-1.494999000000007	0.034489425314073424	
243	2015-09-08	60.91	65.779999	66.809998	60.25	50328400	-0.07403464691448242	-4.869999000000007	0.10355983979445754	
244	2015-09-09	64.040001	62.73	64.669998	62.529999	33147900	0.020883165949306663	1.3100010000000069	0.03376191501331628	
245	2015-09-10	63.830002	63.52	64.25	63.34	13281600	0.004880384130982324	0.3100019999999972	0.01429132290080367	
246	2015-09-11	64.629997	63.369999	64.790001	62.700001	17747000	0.019883194254113893	1.259998000000003	0.0326562510205079	
247	2015-09-14	62.599998	62.549999	63.259998	61.48	26763300	0.0007993445371597797	0.04999899999999968	0.02844583368228137	
248	2015-09-15	64.849998	61.450001	65.360001	61.110001	29035000	0.05532948648772193	3.399996999999999	0.06730007970942264	
249	2015-09-16	67.230003	65.610001	68.080002	65.260002	25801000	0.024691388131513663	1.6200019999999995	0.042457089959136	
250	2015-09-17	66.00	66.410004	66.650002	65.599998	16594600	-0.00617382887072256	-0.4100040000000007	0.015859889257310213	
251	2015-09-18	65.75	65.400002	65.75	64.010002	20127300	0.005351651212487721	0.34999799999999937	0.026534471574007294	
252	2015-09-21	63.900002	65.379997	66.400002	62.959999	22355100	-0.02263681657862423	-1.4799950000000024	0.05321786860471738	
253	2015-09-22	61.900002	62.939999	63.27	61.580002	14897900	-0.016523625937776065	-1.0399969999999996	0.02707462330122863	
254	2015-09-23	60.00	61.959999	62.299999	59.68	22684600	-0.03163329618517268	-1.9599990000000034	0.042964890480197526	
255	2015-09-24	59.919998	59.419998	60.34	58.209999	20645700	0.008414675476764574	0.5	0.035696347769275945	
256	2015-09-25	59.240002	60.630001	60.84	58.919998	17009100	-0.02292592738040699	-1.389999000000003	0.032034736830698234	
257	2015-09-28	57.389999	58.810001	60.119999	57.314999	20661600	-0.02414558707455211	-1.4200019999999967	0.0482788296041308	
258	2015-09-29	57.82	57.299999	58.650002	57.200001	16771000	0.009075061240402476	0.5200010000000006	0.025191122525982653	
259	2015-09-30	58.970001	58.869999	60.080002	58.349998	16767100	0.0016986920621487266	0.10000200000000348	0.02936191446028515	
260	2015-10-01	58.869999	59.50	59.830002	58.23	8147700	-0.010588252100840337	-0.630001	0.027033910847629617	
261	2015-10-02	63.200001	58.360001	63.240002	58.200001	22356300	0.08293351468585484	4.840000000000003	0.08292202890881815	
262	2015-10-05	63.93	63.470001	64.775002	62.200001	13583500	0.007247502643020224	0.45999899999999627	0.04042387723372153	
263	2015-10-06	63.919998	63.720001	64.730003	63.279999	9620900	0.0031386848220544784	0.1999969999999962	0.022720213277344192	
264	2015-10-07	66.279999	64.839996	66.660004	64.379997	15770100	0.022208560901206785	1.4400030000000044	0.03477741133226854	
265	2015-10-08	67.699997	66.040001	68.410004	65.959999	18667500	0.025136220091819688	1.6599959999999925	0.03663832864720103	
266	2015-10-09	68.709999	67.699997	69.449997	67.309998	14762900	0.014918789435101453	1.010002	0.03137598508543323	
267	2015-10-12	70.300003	69.639999	70.470001	69.00	15549100	0.009477369464063327	0.6600040000000007	0.02100901785037843	
268	2015-10-13	69.68	69.489998	70.32	68.379997	13052800	0.002734235220441464	0.1900020000000069	0.02787961526017971	
269	2015-10-14	68.540001	69.50	69.699997	67.425003	12286100	-0.013812935251798508	-0.9599989999999963	0.03296137327614178	
270	2015-10-15	71.779999	69.339996	72.440002	69.260002	18203000	0.03518896943691783	2.4400030000000044	0.04506802880768252	
271	2015-10-16	71.989998	72.50	73.639999	71.209999	15953500	-0.007034510344827587	-0.5100020000000001	0.03363554617808226	
272	2015-10-19	72.650002	71.800003	73.00	71.522003	10886900	0.011838425689202224	0.8499989999999968	0.020463786069097083	
273	2015-10-20	71.790001	72.989998	73.00	71.550003	11093400	-0.016440567651474607	-1.1999969999999962	0.020030349634136912	
274	2015-10-21	69.480003	71.790001	71.790001	68.889999	16800200	-0.032177155144488816	-2.3099980000000073	0.041056160796880854	
275	2015-10-22	70.989998	70.160004	71.629997	70.07	10811400	0.0118300164293035	0.8299939999999992	0.02210410170592856	
276	2015-10-23	75.620003	73.980003	75.760002	72.839996	22510800	0.022168152656063027	1.6400000000000006	0.03903751180330836	
277	2015-10-26	76.349998	75.440002	77.419998	75.129997	24819700	0.012062512935776332	0.9099959999999925	0.030173278872126008	
278	2015-10-27	79.440002	76.349998	82.790001	76.349998	50815800	0.04047156622060432	3.0900040000000075	0.08267543488028761	
279	2015-10-28	82.349998	79.480003	82.544998	79.199997	25027100	0.03610964886350096	2.869995000000003	0.0413396895424849	
280	2015-10-29	82.220001	81.970001	82.529999	80.82	16431700	0.003049896266318211	0.25	0.020829514333034854	
281	2015-10-30	83.830002	82.699997	84.440002	82.599998	20740500	0.013663906178859923	1.130004999999997	0.022098168630866416	
282	2015-11-02	84.349998	83.519997	84.830002	82.75	13827400	0.009937751793741033	0.8300009999999958	0.024781105164147922	
283	2015-11-03	83.440002	84.00	84.589996	83.129997	11641300	-0.0066666428571427756	-0.5599979999999931	0.01743907050359443	
284	2015-11-04	85.400002	84.449997	85.599998	84.029999	23728500	0.0112493195233625	0.9500050000000044	0.01848688853981089	
285	2015-11-05	85.379997	85.220001	86.419998	84.199997	20657200	0.0018774465867467743	0.1599960000000067	0.02602580335317484	
286	2015-11-06	83.610001	85.529999	86.349998	80.769997	38531000	-0.022448240645951682	-1.9199980000000068	0.0659808560955421	
287	2015-11-09	81.379997	83.440002	83.470001	80.220001	19091500	-0.02468845818100536	-2.060005000000004	0.03943696177306736	
288	2015-11-10	81.43	81.099998	82.43	79.620003	22004400	0.004069075316130186	0.33000200000000746	0.03457819522030647	
289	2015-11-11	79.849998	82.279999	82.489998	78.120003	29636600	-0.029533313436233808	-2.4300010000000043	0.053907297611311286	
290	2015-11-12	78.760002	78.989998	80.50	78.449997	18839800	-0.002911710416804921	-0.22999599999999987	0.025990529318542045	
291	2015-11-13	75.849998	77.150002	78.00	75.639999	24235500	-0.01685034304989391	-1.3000040000000013	0.030849686274509763	
292	2015-11-16	78.300003	75.830002	78.75	75.769997	17045500	0.03257287267380015	2.4700010000000105	0.038668694002832175	
293	2015-11-17	78.129997	78.900002	79.139999	77.470001	12471400	-0.009759251970614622	-0.7700049999999976	0.02126979571591294	
294	2015-11-18	77.690002	78.25	78.309998	76.150002	16735400	-0.007156523961661254	-0.5599979999999931	0.027702911020868047	
295	2015-11-19	77.870003	78.059998	79.150002	77.403	15692700	-0.0024339611179594977	-0.18999499999999614	0.02240751604946113	
296	2015-11-20	79.949997	78.440002	80.785004	78.400002	21025800	0.019250318224112096	1.5099949999999893	0.03011556304132561	
297	2015-11-23	81.309998	80.449997	82.190002	79.970001	18766400	0.010689882312860707	0.8600009999999969	0.027448084429033404	
298	2015-11-24	80.860001	80.849998	81.110001	79.269997	15283600	0.0001237229467834686	0.010002999999997542	0.02275683645264253	
299	2015-11-25	81.709999	80.910004	82.675003	80.82	16330900	0.00988746706773115	0.7999949999999956	0.022813958501771897	
300	2015-11-27	81.379997	80.57	81.410004	79.275002	12599900	0.010053332505895617	0.8099970000000098	0.02636618758319582	
301	2015-11-30	84.080002	81.50	84.470001	81.379997	97914100	0.03165646625766863	2.5800019999999932	0.03732339609465633	
302	2015-12-01	84.00	83.769997	84.389999	83.50	26235500	0.0027456488986145767	0.2300029999999964	0.010609751635150868	
303	2015-12-02	85.00	84.269997	85.82	84.25	36611500	0.008662667924385904	0.7300029999999964	0.018550245499206728	
304	2015-12-03	82.589996	85.050003	85.099998	82.099998	23029200	-0.028924243541766887	-2.4600070000000045	0.03579098088636949	
305	2015-12-04	84.849998	82.580002	85.00	82.419998	15555000	0.02748844690025566	2.269996000000006	0.030818873559099243	
306	2015-12-07	84.760002	84.800003	85.129997	84.199997	11875500	-0.00047170988897257145	-0.04000100000000373	0.010969567970937568	
307	2015-12-08	84.379997	82.769997	84.669998	82.610001	14667400	0.019451492791524437	1.6099999999999994	0.02464848428292507	
308	2015-12-09	83.419998	84.370003	85.199997	82.970001	21919200	-0.011259985376556052	-0.9500049999999902	0.026580797266936063	
309	2015-12-10	84.330002	83.339996	84.339996	82.849998	10474700	0.01187912224041856	0.990005999999994	0.017772982856479786	
310	2015-12-11	79.739998	82.849998	83.050003	79.421997	20793600	-0.037537719675020384	-3.1099999999999994	0.04462766577594355	
311	2015-12-14	80.57	80.150002	80.760002	78.989998	12077700	0.005240149588517697	0.41999799999999254	0.022025933026058576	
312	2015-12-15	82.489998	81.059998	83.389999	80.900002	13054800	0.01764125382781291	1.4300000000000068	0.030449367910715234	
313	2015-12-16	84.629997	83.300003	85.050003	82.995003	16575600	0.015966313950793006	1.3299939999999992	0.024474483415709007	
314	2015-12-17	83.559998	85.00	85.32	82.849998	13003000	-0.01694120000000008	-1.4400020000000069	0.02930709574403286	
315	2015-12-18	82.650002	83.199997	83.75	82.029999	12168700	-0.006610517065283014	-0.5499949999999956	0.02074164619078468	
316	2015-12-21	82.870003	83.150002	83.730003	82.43	8094600	-0.0033673961908023005	-0.27999900000000366	0.015660799431971944	
317	2015-12-22	84.839996	82.889999	85.099998	82.889999	12778200	0.023525117909580336	1.9499969999999962	0.02635186389888101	
318	2015-12-23	84.800003	85.050003	85.089996	83.720001	11238500	-0.002939447280207621	-0.25	0.01613182162619415	
319	2015-12-24	83.709999	84.559998	84.800003	83.410004	3775300	-0.010052022470482992	-0.8499989999999968	0.016521055741149187	
320	2015-12-28	82.139999	82.559998	82.75	81.519997	9319400	-0.005087197313158729	-0.41999899999999	0.01493628442506889	
321	2015-12-29	83.260002	82.50	83.510002	82.410004	6942700	0.009212145454545455	0.7600020000000001	0.01327217648078937	
322	2015-12-30	81.68	82.949997	83.110001	81.50	6984300	-0.015310392356011652	-1.2699969999999894	0.01955902362070743	
323	2015-12-31	81.269997	81.480003	82.169998	81.25	6744500	-0.0025773931304346274	-0.2100059999999928	0.011305658986175198	
324	2016-01-04	76.690002	78.18	78.309998	75.18	23066300	-0.01905855717574827	-1.489998	0.0404209719064895	
325	2016-01-05	78.629997	77.919998	78.68	77.260002	14258900	0.009111897051126673	0.7099989999999963	0.01814114398406728	
326	2016-01-06	77.330002	77.120003	78.485001	76.970001	11569300	0.002723015972911675	0.20999899999999627	0.019617998717449063	
327	2016-01-07	72.720001	73.290001	75.50	71.540001	27288100	-0.0077773228574523744	-0.5700000000000074	0.05424284563738307	
328	2016-01-08	70.800003	74.330002	74.660004	70.669998	20814600	-0.047490904143928175	-3.5299989999999895	0.054985266485727664	
329	2016-01-11	69.919998	71.290001	71.730003	69.019997	16961400	-0.019217323338233602	-1.370002999999997	0.03838263606247873	
330	2016-01-12	72.68	71.449997	72.769997	71.00	13456000	0.01721487825954717	1.2300030000000106	0.024561118945974913	
331	2016-01-13	70.290001	72.769997	73.238998	70.220001	12480200	-0.034079924450182396	-2.479996	0.04220602603391618	
332	2016-01-14	72.25	70.290001	72.720001	68.269997	17719600	0.027884463965223108	1.9599989999999963	0.062438669409017225	
333	2016-01-15	69.589996	68.699997	71.00	67.541	20722500	0.012954862283327366	0.8899990000000031	0.050025311665176	
334	2016-01-19	70.129997	71.940002	72.309998	69.809998	17421700	-0.02515992423797825	-1.8100050000000039	0.03519391873860716	
335	2016-01-20	68.709999	68.025002	69.112	65.339996	19464400	0.010069782871891655	0.6849969999999956	0.05517247189693581	
336	2016-01-21	70.720001	68.779999	71.650002	67.143997	16576500	0.02820590328883245	1.9400019999999927	0.06460222222222224	
337	2016-01-22	70.370003	72.510002	73.339996	69.889999	15834700	-0.029513155991914095	-2.139999000000003	0.04829222955304343	
338	2016-01-25	69.720001	70.800003	70.800003	69.019997	14782800	-0.015254264890356112	-1.0800020000000075	0.02533455663721729	
339	2016-01-26	69.769997	69.010002	70.190002	68.879997	11473300	0.01101282390920672	0.7599950000000035	0.01887887317249518	
340	2016-01-27	69.540001	69.959999	71.419998	68.745003	18257600	-0.006003402029779797	-0.41999799999999254	0.03835118279569907	
341	2016-01-28	66.919998	72.550003	73.150002	66.669998	33165100	-0.07760171974079721	-5.630004999999997	0.09292326598606668	
342	2016-01-29	67.029999	67.980003	68.93	65.400002	25594700	-0.013974756664838522	-0.9500039999999927	0.05229239238141788	
343	2016-02-01	67.029999	66.50	67.699997	65.349998	16213800	0.007969909774436146	0.5299990000000037	0.03519806811351802	
344	2016-02-02	65.089996	67.050003	67.739998	64.660004	19150800	-0.029232019572020068	-1.9600070000000045	0.046617133696209574	
345	2016-02-03	63.439999	65.599998	65.730003	60.869999	31918600	-0.03292681502825654	-2.159998999999999	0.07532554421866573	
346	2016-02-04	64.860001	64.330002	65.720001	63.099998	22911500	0.008238753047139712	0.5299990000000037	0.04056046039413742	
347	2016-02-05	62.639999	64.709999	64.860001	62.18	12842800	-0.03198887392966879	-2.069999999999993	0.04208874820712596	
348	2016-02-08	61.099998	60.900002	62.049999	60.450001	16157900	0.0032840064602953334	0.19999599999999873	0.026229475409836056	
349	2016-02-09	61.389999	60.110001	62.220001	59.25	12738300	0.02129426016812088	1.2799980000000062	0.048888905349794294	
350	2016-02-10	61.779999	61.900002	63.09	60.869999	8998600	-0.001938659064986849	-0.12000300000000408	0.035899110317762745	
351	2016-02-11	60.57	60.25	61.630001	59.849998	15008500	0.00531120331950208	0.3200000000000003	0.029465369971858977	
352	2016-02-12	60.889999	61.27	62.779999	60.279999	13669600	-0.006202072792557532	-0.38000100000000003	0.04092992829837859	
353	2016-02-16	66.290001	64.419998	66.889999	64.040001	21735400	0.02902829956623092	1.870002999999997	0.04360795687864705	
354	2016-02-17	66.379997	67.300003	67.389999	65.68	14457100	-0.013670222273244189	-0.9200060000000008	0.02558346798324351	
355	2016-02-18	66.519997	67.00	68.50	66.230003	14547800	-0.007164223880596962	-0.4800029999999964	0.03400235247159276	
356	2016-02-19	67.279999	66.800003	67.75	66.089996	12334900	0.007185568539570273	0.47999599999999987	0.024761395812031694	
357	2016-02-22	68.839996	68.300003	69.529999	67.980003	13405400	0.007906192917736702	0.5399929999999955	0.02260457942689656	
358	2016-02-23	66.970001	68.50	68.660004	66.464996	12930600	-0.022335751824817573	-1.5299990000000037	0.032405816546794024	
359	2016-02-24	67.230003	66.169998	67.690002	65.209999	10781500	0.01601942016078026	1.0600049999999896	0.03718145399414218	
360	2016-02-25	66.660004	65.669998	66.720001	64.660004	14686100	0.015075468709470553	0.990005999999994	0.031134239686628214	
361	2016-02-26	66.910004	68.089996	68.830002	66.860001	12084100	-0.017329887932435752	-1.1799919999999986	0.029185199999999946	
362	2016-02-29	68.809998	67.639999	70.580002	67.559998	17984200	0.017297442597537443	1.16999899999999	0.044265358246948154	
363	2016-03-01	70.860001	70.019997	71.839996	69.860001	14007700	0.011996630048413073	0.8400039999999933	0.028108958377469632	
364	2016-03-02	71.25	72.040001	72.040001	70.75	10503000	-0.010966143656772072	-0.7900010000000037	0.018005457338227022	
365	2016-03-03	71.019997	71.309998	72.589996	70.459999	11596400	-0.004066764943675773	-0.2900009999999895	0.02993040223179946	
366	2016-03-04	72.220001	70.959999	72.959999	70.720001	10763600	0.017756510960491984	1.260002	0.03128925827629557	
367	2016-03-07	72.889999	72.199997	73.980003	72.00	11244500	0.009556814801529796	0.6900020000000069	0.027293446200108748	
368	2016-03-08	71.07	72.400002	72.650002	70.959999	8670700	-0.01837019286270196	-1.3300020000000075	0.02355897367311676	
369	2016-03-09	72.43	71.589996	72.610001	70.68	7283400	0.011733538859256362	0.8400040000000075	0.026801847710091455	
370	2016-03-10	71.970001	72.50	73.050003	70.605003	11247900	-0.007310331034482809	-0.5299990000000037	0.0338478574524272	
371	2016-03-11	74.010002	72.580002	74.010002	72.220001	11219200	0.019702396811727932	1.4300000000000068	0.024421869856828763	
372	2016-03-14	73.349998	74.010002	74.419998	72.889999	11069800	-0.008917767628218692	-0.6600040000000007	0.020765458740499506	
373	2016-03-15	72.230003	72.620003	72.839996	71.75	8373700	-0.005370421149665893	-0.39000000000000057	0.0150499959247499	
374	2016-03-16	73.50	72.010002	73.660004	71.860001	7701200	0.020691542266586798	1.489998	0.02474060855280593	
375	2016-03-17	74.25	73.760002	74.370003	73.510002	9423900	0.006643139733103586	0.48999799999999993	0.011620849785543506	
376	2016-03-18	76.25	74.970001	76.300003	74.709999	13350100	0.017073482498686423	1.2799990000000037	0.021029017186688256	
377	2016-03-21	78.110001	77.089996	79.68	76.940002	15493300	0.013231353650608539	1.0200049999999976	0.03530925325984381	
378	2016-03-22	78.18	77.00	78.550003	76.907997	9148400	0.015324675324675413	1.1800000000000068	0.02116259827297344	
379	2016-03-23	76.559998	78.160004	78.980003	76.150002	10806800	-0.0204709047865454	-1.6000060000000076	0.03658222548368369	
380	2016-03-24	75.860001	75.150002	76.150002	73.529999	8833400	0.00944775756626056	0.7099989999999963	0.03469972780544872	
381	2016-03-28	76.480003	76.449997	76.889999	74.900002	6082100	0.00039249184012394667	0.0300060000000002	0.02602493951481073	
382	2016-03-29	78.080002	75.599998	78.239998	75.57	12535000	0.0328042865821239	2.480003999999994	0.0347475013014056	
383	2016-03-30	78.860001	79.010002	79.550003	78.540001	10696000	-0.0018985064701049262	-0.15000100000000316	0.012795363030429538	
384	2016-03-31	79.029999	78.50	79.839996	78.410004	11318500	0.006751579617834441	0.5299990000000037	0.01815517055897396	
385	2016-04-01	78.730003	78.239998	79.019997	78.199997	9262200	0.006262845252117676	0.49000499999999647	0.010447856211710254	
386	2016-04-04	79.080002	78.330002	79.550003	78.32	9817300	0.00957487528214285	0.75	0.015628015612019305	
387	2016-04-05	77.32	78.199997	78.300003	76.910004	9603900	-0.011253158999481842	-0.879997000000003	0.017875501888030557	
388	2016-04-06	78.68	77.300003	79.150002	77.190002	9071900	0.01785248313638491	1.379997000000003	0.02513142662268052	
389	2016-04-07	77.610001	77.599998	78.599998	77.182999	10937900	0.00012890464249751065	0.010002999999997542	0.01825912001970961	
390	2016-04-08	77.470001	78.269997	78.760002	76.621002	8401200	-0.010220979055358941	-0.7999960000000073	0.02746885870641909	
391	2016-04-11	77.709999	78.07	78.588997	77.43	7896500	-0.004611259126424964	-0.3600009999999969	0.014879920496083705	
392	2016-04-12	77.860001	78.00	78.239998	76.870003	7115400	-0.001794858974359014	-0.1399990000000031	0.017579815105993782	
393	2016-04-13	79.639999	78.739998	79.720001	78.50	14150900	0.011430035850394652	0.9000010000000032	0.015405998523917087	
394	2016-04-14	79.610001	79.309998	79.858002	78.360001	12611500	0.003782663063489219	0.3000030000000038	0.01885226540933973	
395	2016-04-15	78.970001	79.449997	79.75	78.459999	11709100	-0.006041485438948473	-0.47999599999999987	0.016285835327431372	
396	2016-04-18	79.010002	78.519997	79.120003	77.709999	7767000	0.006240512209902357	0.49000499999999647	0.017901403021020786	
397	2016-04-19	79.459999	79.199997	80.480003	78.470001	14742000	0.0032828536597040536	0.26000200000000007	0.02533722489190029	
398	2016-04-20	81.209999	79.00	81.735001	78.989998	14911900	0.027974670886075904	2.2099989999999963	0.03426756153965144	
399	2016-04-21	80.779999	81.080002	81.779999	80.199997	8819000	-0.0037000862432143206	-0.3000029999999896	0.01952306919854779	
400	2016-04-22	79.889999	80.120003	81.440002	79.154999	8649300	-0.002870743776682009	-0.23000399999999388	0.028560752095984642	
401	2016-04-25	78.839996	79.800003	79.839996	78.68	9207600	-0.01203016245500648	-0.9600070000000045	0.014624256269693907	
402	2016-04-26	78.610001	78.849998	79.559998	77.800003	9632700	-0.0030437159934994856	-0.23999700000000246	0.022354820413786353	
403	2016-04-27	77.650002	78.300003	78.620003	76.57	11491900	-0.008301417306459146	-0.6500010000000032	0.026290515348172047	
404	2016-04-28	76.400002	77.650002	77.900002	76.089996	9959900	-0.016097874665862856	-1.25	0.023498941291815886	
405	2016-04-29	76.940002	76.809998	77.279999	75.660004	10124300	0.0016925400779207649	0.13000400000001378	0.02107310569105695	
406	2016-05-02	76.610001	76.889999	77.00	75.940002	7718100	-0.0036415399095011845	-0.2799980000000062	0.013811048859934763	
407	2016-05-03	75.910004	75.959999	76.269997	75.425003	8019200	-0.0006581753641149412	-0.04999499999999557	0.011127859133577549	
408	2016-05-04	75.82	75.639999	75.910004	75.010002	14258400	0.0023797065359557985	0.18000099999999009	0.01188435238270404	
409	2016-05-05	78.830002	79.519997	79.940002	78.099998	27950900	-0.008676999824333623	-0.6899950000000104	0.02323970965102447	
410	2016-05-06	79.199997	78.349998	79.720001	78.25	12862100	0.010848743097606675	0.8499989999999968	0.018660755907989667	
411	2016-05-09	79.410004	78.940002	79.980003	78.889999	11795800	0.005953914214494114	0.4700019999999938	0.013767021897049921	
412	2016-05-10	79.720001	79.790001	79.980003	79.150002	9319700	-0.0008773029091703782	-0.07000000000000739	0.010406883450481004	
413	2016-05-11	79.800003	79.43	80.485001	79.410004	11072500	0.0046582273700112925	0.370002999999997	0.013502442752575922	
414	2016-05-12	79.160004	80.010002	80.449997	78.32	8791400	-0.010623646778561502	-0.8499979999999994	0.02676379870212486	
415	2016-05-13	77.160004	78.824997	79.160004	76.970001	10078000	-0.02112265224697688	-1.6649929999999955	0.028079661325898946	
416	2016-05-16	79.290001	77.860001	79.93	77.589996	11661000	0.018366298248570622	1.4300000000000068	0.029780515052109352	
417	2016-05-17	79.349998	79.830002	80.199997	79.309998	10970700	-0.006012827107282221	-0.4800039999999939	0.011182296770951164	
418	2016-05-18	79.029999	78.709999	80.00	78.470001	9085800	0.0040655571600249595	0.3200000000000074	0.019398998597679754	
419	2016-05-19	78.32	78.650002	79.260002	77.599998	8317500	-0.004195829518224392	-0.33000200000000746	0.021150589015090933	
420	2016-05-20	78.790001	78.32	79.449997	78.32	11043900	0.006001034218590533	0.47000100000001055	0.014384787636784534	
421	2016-05-23	79.00	78.949997	79.50	78.599998	7187500	0.0006333502457258332	0.050003000000003794	0.011396036936930119	
422	2016-05-24	81.120003	79.169998	81.309998	79.07	16707700	0.024630605649377305	1.9500049999999902	0.027949316688818282	
423	2016-05-25	75.589996	78.529999	79.199997	74.120003	49606600	-0.03743796049201534	-2.9400030000000044	0.06592258194661892	
424	2016-05-26	78.349998	75.589996	78.864998	75.589996	26968600	0.036512794629596224	2.760002	0.04254907272505156	
425	2016-05-27	80.970001	78.489998	81.00	78.389999	24552900	0.031596420731212105	2.4800029999999964	0.03273549500022256	
426	2016-05-31	82.00	81.00	82.029999	80.199997	78861400	0.012345679012345678	1.0	0.02245401226993874	
427	2016-06-01	76.690002	82.00	82.00	76.550003	62531500	-0.06475607317073162	-5.309997999999993	0.06868733923136501	
428	2016-06-02	77.300003	76.650002	77.75	76.559998	45379500	0.008480117195561236	0.6500010000000032	0.015459590274128368	
429	2016-06-03	76.620003	77.239998	77.800003	75.709999	23685700	-0.008026864526847902	-0.619995000000003	0.02716760673880416	
430	2016-06-06	78.059998	77.110001	78.330002	76.699997	19166100	0.012320023183503736	0.9499969999999962	0.02100928027975301	
431	2016-06-07	77.839996	78.190002	78.370003	77.32	12878000	-0.004476352360241755	-0.3500060000000076	0.013458988828545697	
432	2016-06-08	77.639999	78.00	78.529999	77.375	11614100	-0.0046153974358973966	-0.3600009999999969	0.014841930190451925	
433	2016-06-09	77.559998	77.389999	78.07	76.779999	8994400	0.002196653342765775	0.16999899999999002	0.016650545659578034	
434	2016-06-10	75.919998	76.43	77.050003	75.760002	10421100	-0.006672798639277771	-0.5100020000000001	0.016934703208857326	
435	2016-06-13	75.449997	75.25	76.455002	74.849998	11300800	0.0026577674418604147	0.1999969999999962	0.02130065072264061	
436	2016-06-14	77.769997	76.889999	78.449997	76.75	22358900	0.011444895453828794	0.8799980000000005	0.021983667968024468	
437	2016-06-15	78.389999	78.309998	78.768997	77.510002	14734800	0.0010215936922895847	0.08000100000000998	0.016068857997489288	
438	2016-06-16	78.269997	77.839996	78.400002	76.199997	13570700	0.005524165237624168	0.4300010000000043	0.02818531930880305	
439	2016-06-17	77.00	78.449997	78.449997	76.480003	15582600	-0.018483072727204772	-1.4499969999999962	0.025345693638064205	
440	2016-06-20	78.150002	77.900002	78.790001	77.839996	9625600	0.0032092425363480733	0.25	0.012175648518407016	
441	2016-06-21	78.620003	78.75	79.080002	78.400002	8881800	-0.001650755555555594	-0.12999700000000303	0.00864205359391132	
442	2016-06-22	78.730003	79.040001	79.120003	78.209999	8170900	-0.003922039424063359	-0.3099980000000073	0.011535830347066489	
443	2016-06-23	79.139999	79.160004	79.459999	78.550003	8279500	-0.0002527160054210913	-0.020004999999997608	0.011497106541431872	
444	2016-06-24	76.290001	76.830002	77.50	75.43	18224800	-0.00702851732321951	-0.5400009999999895	0.02703761702512497	
445	2016-06-27	74.230003	75.800003	75.970001	73.300003	15131300	-0.02071240023565708	-1.5700000000000074	0.035592853338951305	
446	2016-06-28	76.279999	75.50	76.599998	75.50	11266200	0.010331112582781505	0.7799990000000037	0.01449463707006612	
447	2016-06-29	78.040001	76.980003	78.480003	76.900002	11460000	0.013769783822949544	1.0599980000000073	0.02038447889602681	
448	2016-06-30	79.529999	78.309998	79.760002	78.279999	12485300	0.015579121838312532	1.2200010000000105	0.018753206134437476	
449	2016-07-01	79.650002	79.120003	80.050003	79.120003	7271300	0.006698672647927019	0.5299990000000037	0.01171505915112879	
450	2016-07-05	78.970001	79.040001	79.550003	78.370003	6845200	-0.0008856275191596643	-0.07000000000000739	0.014935763370220158	
451	2016-07-06	78.639999	78.470001	78.82	77.68	7737600	0.0021664075166764273	0.16999800000000675	0.014512125262554723	
452	2016-07-07	79.349998	79.00	79.489998	78.709999	6819200	0.004430354430379739	0.34999799999999937	0.009851582063171275	
453	2016-07-08	78.989998	78.440002	79.349998	77.800003	14029100	0.007011677536673099	0.549995999999993	0.019691227847297155	
454	2016-07-11	81.459999	79.330002	81.900002	79.239998	17417500	0.026849829147867703	2.129997000000003	0.033086684289528684	
455	2016-07-12	81.739998	81.790001	82.879997	81.510002	15294100	-0.0006113583492926452	-0.050003000000003794	0.016755274364063353	
456	2016-07-13	80.57	81.830002	81.879997	80.370003	10739200	-0.01539779994139558	-1.260002	0.01859598499266036	
457	2016-07-14	81.739998	81.18	82.239998	80.860001	9361500	0.006898226164079737	0.5599979999999931	0.016940793235217237	
458	2016-07-15	81.25	81.779999	82.489998	80.964996	8919900	-0.0064807900034335245	-0.5299990000000037	0.01870823786240716	
459	2016-07-18	82.650002	80.599998	82.790001	80.599998	12113600	0.025434293435094145	2.0500040000000013	0.02683005206738137	
460	2016-07-19	82.769997	82.480003	83.690002	82.050003	9799400	0.0035159310069376114	0.2899940000000072	0.019848701966717133	
461	2016-07-20	84.419998	83.269997	84.699997	83.230003	13991000	0.013810508483625899	1.1500010000000032	0.01753228032477429	
462	2016-07-21	84.18	84.709999	85.00	83.660004	10163500	-0.006256628571085091	-0.5299989999999895	0.015868269381658286	
463	2016-07-22	84.489998	84.00	84.50	83.809998	5988400	0.005833309523809523	0.48999799999999993	0.008190420893707967	
464	2016-07-25	83.190002	84.470001	84.790001	82.610001	13185900	-0.015153296849138069	-1.2799989999999895	0.026005009674251366	
465	2016-07-26	83.589996	82.860001	83.629997	82.629997	7714700	0.008809980583997366	0.7299950000000024	0.01201562052296102	
466	2016-07-27	83.099998	83.599998	83.639999	83.00	11629000	-0.005980861387101947	-0.5	0.00767845249378414	
467	2016-07-28	83.120003	83.459999	83.489998	82.120003	7476500	-0.004073759933785757	-0.3399959999999993	0.016448493018987997	
468	2016-07-29	82.480003	83.370003	83.419998	81.945	8709300	-0.010675302482596774	-0.8900000000000006	0.017787132307972464	
469	2016-08-01	84.339996	82.790001	84.800003	82.589996	13401200	0.01872200726268859	1.5499949999999956	0.02644656303081253	
470	2016-08-02	83.800003	84.339996	84.339996	82.910004	7691600	-0.006402573222792132	-0.5399929999999955	0.017009539770486127	
471	2016-08-03	83.669998	83.300003	83.839996	83.169998	5365800	0.004441716526708924	0.36999500000000296	0.008025369778850183	
472	2016-08-04	84.75	83.75	84.980003	83.690002	10731600	0.011940298507462687	1.0	0.015311584569732813	
473	2016-08-05	84.589996	85.010002	85.080002	84.440002	9401700	-0.004940665687785783	-0.42000600000000077	0.007547169900320239	
474	2016-08-08	85.00	84.989998	85.019997	84.300003	11528200	0.00011768443623213247	0.010002000000000066	0.008471016041779115	
475	2016-08-09	85.239998	85.050003	85.629997	84.800003	15241000	0.0022339211440121423	0.18999499999999614	0.00974800628487869	
476	2016-08-10	87.330002	86.010002	87.730003	86.010002	28058200	0.015347052311427608	1.3199999999999932	0.019845401641966	
477	2016-08-11	91.769997	92.139999	92.800003	91.260002	54078300	-0.004015650141259493	-0.3700019999999995	0.01674733329883824	
478	2016-08-12	98.25	92.980003	98.349998	92.910004	71707900	0.05667882157414002	5.269997000000004	0.05689477503171925	
479	2016-08-15	97.169998	98.279999	98.860001	96.82	33068400	-0.011294271584190765	-1.110000999999997	0.020874914620745724	
480	2016-08-16	96.660004	96.150002	97.150002	95.050003	27437200	0.005304232858986317	0.5100020000000001	0.021783091485407628	
481	2016-08-17	97.00	96.169998	97.25	96.050003	14958900	0.008630571043580485	0.8300019999999932	0.012424258553856754	
482	2016-08-18	97.00	97.25	97.940002	96.620003	14995500	-0.002570694087403599	-0.25	0.013590723294723397	
483	2016-08-19	96.860001	96.910004	97.239998	96.339996	14053200	-0.0005159735624405071	-0.050003000000003794	0.009289384081917124	
484	2016-08-22	95.650002	96.470001	96.629997	94.75	16135500	-0.008500041375556695	-0.8199989999999957	0.019571069858873604	
485	2016-08-23	95.790001	95.589996	96.480003	95.410004	9623800	0.0020923214600825427	0.20000500000000443	0.011181931411567488	
486	2016-08-24	93.879997	95.68	96.300003	93.559998	12601200	-0.018812740384615424	-1.8000030000000038	0.028909105753995242	
