#index	date	close	open	high	low	volume	percent_change	dollar_change	spread
0	2012-01-03	0.31	0.31	0.31	0.31	000	0.0	0.0	0.0	
1	2012-01-04	0.31	0.31	0.31	0.31	000	0.0	0.0	0.0	
2	2012-01-05	0.31	0.31	0.31	0.31	000	0.0	0.0	0.0	
3	2012-01-06	0.31	0.33	0.33	0.31	1600	-0.060606060606060656	-0.020000000000000018	0.06250000000000006	
4	2012-01-09	0.33	0.33	0.33	0.33	9000	0.0	0.0	0.0	
5	2012-01-10	0.33	0.33	0.33	0.33	000	0.0	0.0	0.0	
6	2012-01-11	0.37	0.35	0.37	0.35	3500	0.0571428571428572	0.020000000000000018	0.05555555555555561	
7	2012-01-12	0.42	0.42	0.42	0.42	4500	0.0	0.0	0.0	
8	2012-01-13	0.42	0.42	0.42	0.42	000	0.0	0.0	0.0	
9	2012-01-16	0.455	0.495	0.495	0.45	35000	-0.08080808080808077	-0.03999999999999998	0.09473684210526313	
10	2012-01-17	0.37	0.44	0.44	0.37	8800	-0.15909090909090912	-0.07	0.17283950617283952	
11	2012-01-18	0.37	0.37	0.37	0.37	000	0.0	0.0	0.0	
12	2012-01-19	0.37	0.37	0.37	0.37	500	0.0	0.0	0.0	
13	2012-01-20	0.37	0.37	0.37	0.37	000	0.0	0.0	0.0	
14	2012-01-23	0.37	0.37	0.37	0.37	000	0.0	0.0	0.0	
15	2012-01-24	0.37	0.37	0.37	0.37	000	0.0	0.0	0.0	
16	2012-01-25	0.37	0.37	0.37	0.37	000	0.0	0.0	0.0	
17	2012-01-26	0.37	0.37	0.37	0.37	000	0.0	0.0	0.0	
18	2012-01-27	0.37	0.37	0.37	0.37	5000	0.0	0.0	0.0	
19	2012-01-30	0.37	0.37	0.37	0.37	000	0.0	0.0	0.0	
20	2012-01-31	0.37	0.37	0.37	0.37	500	0.0	0.0	0.0	
21	2012-02-01	0.37	0.37	0.37	0.37	000	0.0	0.0	0.0	
22	2012-02-02	0.33	0.37	0.37	0.33	501900	-0.10810810810810806	-0.03999999999999998	0.11428571428571424	
23	2012-02-03	0.33	0.33	0.33	0.33	49500	0.0	0.0	0.0	
24	2012-02-06	0.32	0.32	0.32	0.32	1000	0.0	0.0	0.0	
25	2012-02-07	0.32	0.32	0.32	0.32	000	0.0	0.0	0.0	
26	2012-02-08	0.32	0.32	0.32	0.32	000	0.0	0.0	0.0	
27	2012-02-09	0.32	0.32	0.32	0.32	000	0.0	0.0	0.0	
28	2012-02-10	0.32	0.32	0.32	0.32	000	0.0	0.0	0.0	
29	2012-02-13	0.32	0.32	0.32	0.32	000	0.0	0.0	0.0	
30	2012-02-14	0.32	0.32	0.32	0.32	000	0.0	0.0	0.0	
31	2012-02-15	0.32	0.32	0.32	0.32	000	0.0	0.0	0.0	
32	2012-02-16	0.32	0.32	0.32	0.32	000	0.0	0.0	0.0	
33	2012-02-17	0.32	0.32	0.32	0.32	25000	0.0	0.0	0.0	
34	2012-02-21	0.32	0.32	0.32	0.32	50000	0.0	0.0	0.0	
35	2012-02-22	0.32	0.32	0.32	0.32	000	0.0	0.0	0.0	
36	2012-02-23	0.32	0.32	0.32	0.32	000	0.0	0.0	0.0	
37	2012-02-24	0.32	0.32	0.32	0.32	000	0.0	0.0	0.0	
38	2012-02-27	0.32	0.32	0.32	0.32	000	0.0	0.0	0.0	
39	2012-02-28	0.32	0.32	0.32	0.32	000	0.0	0.0	0.0	
40	2012-02-29	0.32	0.32	0.32	0.32	000	0.0	0.0	0.0	
41	2012-03-01	0.32	0.32	0.32	0.32	000	0.0	0.0	0.0	
42	2012-03-02	0.32	0.32	0.32	0.32	000	0.0	0.0	0.0	
43	2012-03-05	0.32	0.32	0.32	0.32	000	0.0	0.0	0.0	
44	2012-03-06	0.32	0.32	0.32	0.32	000	0.0	0.0	0.0	
45	2012-03-07	0.32	0.32	0.32	0.32	000	0.0	0.0	0.0	
46	2012-03-08	0.32	0.32	0.32	0.32	000	0.0	0.0	0.0	
47	2012-03-09	0.32	0.32	0.32	0.32	000	0.0	0.0	0.0	
48	2012-03-12	0.32	0.32	0.32	0.32	000	0.0	0.0	0.0	
49	2012-03-13	0.32	0.32	0.32	0.32	000	0.0	0.0	0.0	
50	2012-03-14	0.32	0.32	0.32	0.32	000	0.0	0.0	0.0	
51	2012-03-15	0.315	0.325	0.325	0.315	35500	-0.030769230769230795	-0.010000000000000009	0.03125000000000003	
52	2012-03-16	0.315	0.315	0.315	0.315	000	0.0	0.0	0.0	
53	2012-03-19	0.315	0.315	0.315	0.315	000	0.0	0.0	0.0	
54	2012-03-20	0.315	0.315	0.315	0.315	000	0.0	0.0	0.0	
55	2012-03-21	0.315	0.315	0.315	0.315	000	0.0	0.0	0.0	
56	2012-03-22	0.315	0.315	0.315	0.315	000	0.0	0.0	0.0	
57	2012-03-23	0.315	0.315	0.315	0.315	000	0.0	0.0	0.0	
58	2012-03-26	0.315	0.315	0.315	0.315	000	0.0	0.0	0.0	
59	2012-03-27	0.315	0.315	0.315	0.315	000	0.0	0.0	0.0	
60	2012-03-28	0.315	0.315	0.315	0.315	000	0.0	0.0	0.0	
61	2012-03-29	0.315	0.315	0.315	0.315	000	0.0	0.0	0.0	
62	2012-03-30	0.315	0.315	0.315	0.315	000	0.0	0.0	0.0	
63	2012-04-02	0.315	0.315	0.315	0.315	000	0.0	0.0	0.0	
64	2012-04-03	0.315	0.315	0.315	0.315	000	0.0	0.0	0.0	
65	2012-04-04	0.36	0.36	0.36	0.36	5000	0.0	0.0	0.0	
66	2012-04-05	0.36	0.36	0.36	0.36	000	0.0	0.0	0.0	
67	2012-04-09	0.36	0.36	0.36	0.36	22000	0.0	0.0	0.0	
68	2012-04-10	0.36	0.36	0.36	0.36	000	0.0	0.0	0.0	
69	2012-04-11	0.35	0.33	0.35	0.33	25000	0.06060606060606049	0.019999999999999962	0.0588235294117646	
70	2012-04-12	0.35	0.35	0.35	0.35	000	0.0	0.0	0.0	
71	2012-04-13	0.35	0.35	0.35	0.35	000	0.0	0.0	0.0	
72	2012-04-16	0.35	0.35	0.35	0.35	000	0.0	0.0	0.0	
73	2012-04-17	0.35	0.35	0.35	0.35	000	0.0	0.0	0.0	
74	2012-04-18	0.35	0.35	0.35	0.35	000	0.0	0.0	0.0	
75	2012-04-19	0.35	0.35	0.35	0.35	000	0.0	0.0	0.0	
76	2012-04-20	0.35	0.35	0.35	0.35	000	0.0	0.0	0.0	
77	2012-04-23	0.35	0.35	0.35	0.35	000	0.0	0.0	0.0	
78	2012-04-24	0.35	0.35	0.35	0.35	000	0.0	0.0	0.0	
79	2012-04-25	0.35	0.35	0.35	0.35	000	0.0	0.0	0.0	
80	2012-04-26	0.32	0.32	0.32	0.32	600	0.0	0.0	0.0	
81	2012-04-27	0.32	0.32	0.32	0.32	000	0.0	0.0	0.0	
82	2012-04-30	0.32	0.32	0.32	0.32	000	0.0	0.0	0.0	
83	2012-05-01	0.32	0.32	0.32	0.32	3800	0.0	0.0	0.0	
84	2012-05-02	0.315	0.32	0.32	0.315	10000	-0.015625000000000014	-0.0050000000000000044	0.015748031496063006	
85	2012-05-03	0.315	0.315	0.315	0.315	000	0.0	0.0	0.0	
86	2012-05-04	0.305	0.305	0.305	0.305	21000	0.0	0.0	0.0	
87	2012-05-07	0.305	0.305	0.305	0.305	18000	0.0	0.0	0.0	
88	2012-05-08	0.305	0.305	0.305	0.305	000	0.0	0.0	0.0	
89	2012-05-09	0.285	0.285	0.285	0.285	7500	0.0	0.0	0.0	
90	2012-05-10	0.285	0.285	0.285	0.285	18000	0.0	0.0	0.0	
91	2012-05-11	0.285	0.285	0.285	0.285	000	0.0	0.0	0.0	
92	2012-05-14	0.285	0.285	0.285	0.285	000	0.0	0.0	0.0	
93	2012-05-15	0.285	0.285	0.285	0.285	000	0.0	0.0	0.0	
94	2012-05-16	0.285	0.285	0.285	0.285	000	0.0	0.0	0.0	
95	2012-05-17	0.27	0.285	0.285	0.27	48500	-0.05263157894736828	-0.014999999999999958	0.05405405405405391	
96	2012-05-18	0.25	0.27	0.27	0.25	40000	-0.07407407407407414	-0.020000000000000018	0.07692307692307698	
97	2012-05-22	0.25	0.25	0.25	0.25	000	0.0	0.0	0.0	
98	2012-05-23	0.25	0.25	0.25	0.25	000	0.0	0.0	0.0	
99	2012-05-24	0.25	0.25	0.25	0.25	000	0.0	0.0	0.0	
100	2012-05-25	0.25	0.25	0.25	0.25	000	0.0	0.0	0.0	
101	2012-05-28	0.25	0.25	0.25	0.25	000	0.0	0.0	0.0	
102	2012-05-29	0.25	0.25	0.25	0.25	000	0.0	0.0	0.0	
103	2012-05-30	0.25	0.25	0.25	0.25	20000	0.0	0.0	0.0	
104	2012-05-31	0.25	0.25	0.25	0.25	3500	0.0	0.0	0.0	
105	2012-06-01	0.225	0.225	0.225	0.225	33500	0.0	0.0	0.0	
106	2012-06-04	0.225	0.225	0.225	0.225	25000	0.0	0.0	0.0	
107	2012-06-05	0.225	0.225	0.225	0.225	000	0.0	0.0	0.0	
108	2012-06-06	0.225	0.225	0.225	0.225	000	0.0	0.0	0.0	
109	2012-06-07	0.225	0.225	0.225	0.225	000	0.0	0.0	0.0	
110	2012-06-08	0.225	0.225	0.225	0.225	000	0.0	0.0	0.0	
111	2012-06-11	0.225	0.225	0.225	0.225	000	0.0	0.0	0.0	
112	2012-06-12	0.225	0.225	0.225	0.225	000	0.0	0.0	0.0	
113	2012-06-13	0.225	0.225	0.225	0.225	000	0.0	0.0	0.0	
114	2012-06-14	0.225	0.225	0.225	0.225	000	0.0	0.0	0.0	
115	2012-06-15	0.225	0.225	0.225	0.225	000	0.0	0.0	0.0	
116	2012-06-18	0.225	0.225	0.225	0.225	000	0.0	0.0	0.0	
117	2012-06-19	0.225	0.225	0.225	0.225	000	0.0	0.0	0.0	
118	2012-06-20	0.225	0.225	0.225	0.225	000	0.0	0.0	0.0	
119	2012-06-21	0.225	0.225	0.225	0.225	000	0.0	0.0	0.0	
120	2012-06-22	0.225	0.225	0.225	0.225	000	0.0	0.0	0.0	
121	2012-06-25	0.185	0.20	0.20	0.185	55500	-0.07500000000000007	-0.015000000000000013	0.07792207792207799	
122	2012-06-26	0.155	0.18	0.18	0.155	59000	-0.13888888888888887	-0.024999999999999994	0.14925373134328357	
123	2012-06-27	0.175	0.16	0.175	0.16	487200	0.0937499999999999	0.014999999999999986	0.08955223880597007	
124	2012-06-28	0.175	0.175	0.175	0.175	000	0.0	0.0	0.0	
125	2012-06-29	0.18	0.18	0.18	0.18	26000	0.0	0.0	0.0	
126	2012-07-03	0.18	0.18	0.18	0.18	000	0.0	0.0	0.0	
127	2012-07-04	0.18	0.18	0.18	0.18	000	0.0	0.0	0.0	
128	2012-07-05	0.185	0.185	0.185	0.185	13800	0.0	0.0	0.0	
129	2012-07-06	0.185	0.185	0.185	0.185	000	0.0	0.0	0.0	
130	2012-07-09	0.185	0.185	0.185	0.185	000	0.0	0.0	0.0	
131	2012-07-10	0.185	0.185	0.185	0.185	000	0.0	0.0	0.0	
132	2012-07-11	0.185	0.185	0.185	0.185	000	0.0	0.0	0.0	
133	2012-07-12	0.185	0.185	0.185	0.185	000	0.0	0.0	0.0	
134	2012-07-13	0.185	0.185	0.185	0.185	000	0.0	0.0	0.0	
135	2012-07-16	0.185	0.185	0.185	0.185	000	0.0	0.0	0.0	
136	2012-07-17	0.185	0.185	0.185	0.185	000	0.0	0.0	0.0	
137	2012-07-18	0.185	0.185	0.185	0.185	000	0.0	0.0	0.0	
138	2012-07-19	0.185	0.185	0.185	0.185	000	0.0	0.0	0.0	
139	2012-07-20	0.185	0.185	0.185	0.185	000	0.0	0.0	0.0	
140	2012-07-23	0.185	0.185	0.185	0.185	000	0.0	0.0	0.0	
141	2012-07-24	0.185	0.185	0.185	0.185	000	0.0	0.0	0.0	
142	2012-07-25	0.185	0.185	0.185	0.185	000	0.0	0.0	0.0	
143	2012-07-26	0.185	0.185	0.185	0.185	143000	0.0	0.0	0.0	
144	2012-07-27	0.16	0.16	0.16	0.16	10000	0.0	0.0	0.0	
145	2012-07-30	0.16	0.16	0.16	0.16	90000	0.0	0.0	0.0	
146	2012-07-31	0.16	0.16	0.16	0.16	000	0.0	0.0	0.0	
147	2012-08-01	0.16	0.16	0.16	0.16	000	0.0	0.0	0.0	
148	2012-08-02	0.16	0.16	0.16	0.16	000	0.0	0.0	0.0	
149	2012-08-03	0.16	0.16	0.16	0.16	000	0.0	0.0	0.0	
150	2012-08-07	0.16	0.16	0.16	0.16	000	0.0	0.0	0.0	
151	2012-08-08	0.20	0.115	0.20	0.11	102000	0.7391304347826088	0.085	0.5714285714285715	
152	2012-08-09	0.20	0.20	0.20	0.20	10000	0.0	0.0	0.0	
153	2012-08-10	0.20	0.20	0.20	0.20	000	0.0	0.0	0.0	
154	2012-08-13	0.20	0.20	0.20	0.20	000	0.0	0.0	0.0	
155	2012-08-14	0.20	0.20	0.20	0.20	000	0.0	0.0	0.0	
156	2012-08-15	0.20	0.20	0.20	0.20	000	0.0	0.0	0.0	
157	2012-08-16	0.20	0.20	0.20	0.20	000	0.0	0.0	0.0	
158	2012-08-17	0.20	0.20	0.20	0.20	000	0.0	0.0	0.0	
159	2012-08-20	0.20	0.20	0.20	0.20	000	0.0	0.0	0.0	
160	2012-08-21	0.20	0.20	0.20	0.20	000	0.0	0.0	0.0	
161	2012-08-22	0.20	0.20	0.20	0.20	000	0.0	0.0	0.0	
162	2012-08-23	0.20	0.20	0.20	0.20	000	0.0	0.0	0.0	
163	2012-08-24	0.20	0.20	0.20	0.20	000	0.0	0.0	0.0	
164	2012-08-27	0.20	0.20	0.20	0.20	000	0.0	0.0	0.0	
165	2012-08-28	0.20	0.20	0.20	0.20	000	0.0	0.0	0.0	
166	2012-08-29	0.20	0.20	0.20	0.20	000	0.0	0.0	0.0	
167	2012-08-30	0.20	0.20	0.20	0.20	000	0.0	0.0	0.0	
168	2012-08-31	0.20	0.20	0.20	0.20	000	0.0	0.0	0.0	
169	2012-09-04	0.20	0.20	0.20	0.20	000	0.0	0.0	0.0	
170	2012-09-05	0.27	0.20	0.27	0.20	12500	0.35000000000000003	0.07	0.2978723404255319	
171	2012-09-06	0.27	0.27	0.27	0.27	000	0.0	0.0	0.0	
172	2012-09-07	0.27	0.27	0.27	0.27	000	0.0	0.0	0.0	
173	2012-09-10	0.25	0.255	0.255	0.25	100500	-0.01960784313725492	-0.0050000000000000044	0.01980198019801982	
174	2012-09-11	0.25	0.25	0.25	0.25	000	0.0	0.0	0.0	
175	2012-09-12	0.25	0.25	0.25	0.25	000	0.0	0.0	0.0	
176	2012-09-13	0.25	0.25	0.25	0.25	10000	0.0	0.0	0.0	
177	2012-09-14	0.22	0.22	0.22	0.22	25000	0.0	0.0	0.0	
178	2012-09-17	0.22	0.22	0.22	0.22	000	0.0	0.0	0.0	
179	2012-09-18	0.22	0.22	0.22	0.22	000	0.0	0.0	0.0	
180	2012-09-19	0.22	0.22	0.22	0.22	000	0.0	0.0	0.0	
181	2012-09-20	0.22	0.22	0.22	0.22	000	0.0	0.0	0.0	
182	2012-09-21	0.22	0.22	0.22	0.22	000	0.0	0.0	0.0	
183	2012-09-24	0.22	0.22	0.22	0.22	000	0.0	0.0	0.0	
184	2012-09-25	0.22	0.22	0.22	0.22	000	0.0	0.0	0.0	
185	2012-09-26	0.22	0.22	0.22	0.22	000	0.0	0.0	0.0	
186	2012-09-27	0.22	0.22	0.22	0.22	000	0.0	0.0	0.0	
187	2012-09-28	0.22	0.22	0.22	0.22	000	0.0	0.0	0.0	
188	2012-10-01	0.22	0.22	0.22	0.22	000	0.0	0.0	0.0	
189	2012-10-02	0.22	0.22	0.22	0.22	000	0.0	0.0	0.0	
190	2012-10-03	0.20	0.20	0.20	0.20	10000	0.0	0.0	0.0	
191	2012-10-04	0.20	0.20	0.20	0.20	000	0.0	0.0	0.0	
192	2012-10-05	0.16	0.16	0.16	0.16	9300	0.0	0.0	0.0	
193	2012-10-09	0.20	0.20	0.20	0.20	10000	0.0	0.0	0.0	
194	2012-10-10	0.20	0.20	0.20	0.20	000	0.0	0.0	0.0	
195	2012-10-11	0.20	0.20	0.20	0.20	000	0.0	0.0	0.0	
196	2012-10-12	0.20	0.20	0.20	0.20	12000	0.0	0.0	0.0	
197	2012-10-15	0.20	0.20	0.20	0.20	000	0.0	0.0	0.0	
198	2012-10-16	0.19	0.19	0.19	0.19	11000	0.0	0.0	0.0	
199	2012-10-17	0.165	0.165	0.165	0.165	3500	0.0	0.0	0.0	
200	2012-10-18	0.165	0.165	0.165	0.165	000	0.0	0.0	0.0	
201	2012-10-19	0.165	0.165	0.165	0.165	000	0.0	0.0	0.0	
202	2012-10-22	0.30	0.30	0.30	0.30	1000	0.0	0.0	0.0	
203	2012-10-23	0.30	0.30	0.30	0.30	000	0.0	0.0	0.0	
204	2012-10-24	0.30	0.30	0.30	0.30	000	0.0	0.0	0.0	
205	2012-10-25	0.30	0.30	0.30	0.30	000	0.0	0.0	0.0	
206	2012-10-26	0.30	0.30	0.30	0.30	000	0.0	0.0	0.0	
207	2012-10-29	0.30	0.30	0.30	0.30	000	0.0	0.0	0.0	
208	2012-10-30	0.30	0.30	0.30	0.30	000	0.0	0.0	0.0	
209	2012-10-31	0.30	0.30	0.30	0.30	000	0.0	0.0	0.0	
210	2012-11-01	0.30	0.30	0.30	0.30	000	0.0	0.0	0.0	
211	2012-11-02	0.20	0.20	0.20	0.20	1200	0.0	0.0	0.0	
212	2012-11-05	0.20	0.20	0.20	0.20	000	0.0	0.0	0.0	
213	2012-11-06	0.20	0.20	0.20	0.20	000	0.0	0.0	0.0	
214	2012-11-07	0.20	0.20	0.20	0.20	000	0.0	0.0	0.0	
215	2012-11-08	0.20	0.20	0.20	0.20	000	0.0	0.0	0.0	
216	2012-11-09	0.20	0.20	0.20	0.20	000	0.0	0.0	0.0	
217	2012-11-12	0.20	0.20	0.20	0.20	000	0.0	0.0	0.0	
218	2012-11-13	0.20	0.20	0.20	0.20	000	0.0	0.0	0.0	
219	2012-11-14	0.20	0.20	0.20	0.20	16000	0.0	0.0	0.0	
220	2012-11-15	0.20	0.20	0.20	0.20	000	0.0	0.0	0.0	
221	2012-11-16	0.20	0.20	0.20	0.20	000	0.0	0.0	0.0	
222	2012-11-19	0.20	0.20	0.20	0.20	000	0.0	0.0	0.0	
223	2012-11-20	0.20	0.20	0.20	0.20	000	0.0	0.0	0.0	
224	2012-11-21	0.20	0.20	0.20	0.20	000	0.0	0.0	0.0	
225	2012-11-22	0.20	0.20	0.20	0.20	000	0.0	0.0	0.0	
226	2012-11-23	0.20	0.20	0.20	0.20	000	0.0	0.0	0.0	
227	2012-11-26	0.20	0.20	0.20	0.20	000	0.0	0.0	0.0	
228	2012-11-27	0.20	0.20	0.20	0.20	000	0.0	0.0	0.0	
229	2012-11-28	0.20	0.20	0.20	0.20	000	0.0	0.0	0.0	
230	2012-11-29	0.20	0.20	0.20	0.20	000	0.0	0.0	0.0	
231	2012-11-30	0.20	0.20	0.20	0.20	000	0.0	0.0	0.0	
232	2012-12-03	0.20	0.20	0.20	0.20	000	0.0	0.0	0.0	
233	2012-12-04	0.20	0.20	0.20	0.20	000	0.0	0.0	0.0	
234	2012-12-05	0.20	0.20	0.20	0.20	000	0.0	0.0	0.0	
235	2012-12-06	0.20	0.20	0.20	0.20	000	0.0	0.0	0.0	
236	2012-12-07	0.20	0.20	0.20	0.20	000	0.0	0.0	0.0	
237	2012-12-10	0.20	0.20	0.20	0.20	000	0.0	0.0	0.0	
238	2012-12-11	0.20	0.20	0.20	0.20	000	0.0	0.0	0.0	
239	2012-12-12	0.20	0.20	0.20	0.20	000	0.0	0.0	0.0	
240	2012-12-13	0.20	0.20	0.20	0.20	40000	0.0	0.0	0.0	
241	2012-12-14	0.20	0.20	0.20	0.20	000	0.0	0.0	0.0	
242	2012-12-17	0.20	0.20	0.20	0.20	000	0.0	0.0	0.0	
243	2012-12-18	0.20	0.20	0.20	0.20	000	0.0	0.0	0.0	
244	2012-12-19	0.20	0.20	0.20	0.20	000	0.0	0.0	0.0	
245	2012-12-20	0.39	0.20	0.39	0.20	6000	0.95	0.19	0.6440677966101694	
246	2012-12-21	0.39	0.39	0.39	0.39	000	0.0	0.0	0.0	
247	2012-12-24	0.39	0.39	0.39	0.39	000	0.0	0.0	0.0	
248	2012-12-27	0.39	0.39	0.39	0.39	000	0.0	0.0	0.0	
249	2012-12-28	0.39	0.39	0.39	0.39	000	0.0	0.0	0.0	
250	2012-12-31	0.30	0.30	0.30	0.30	10000	0.0	0.0	0.0	
251	2013-01-02	0.30	0.30	0.30	0.30	000	0.0	0.0	0.0	
252	2013-01-03	0.30	0.30	0.30	0.30	000	0.0	0.0	0.0	
253	2013-01-04	0.30	0.30	0.30	0.30	000	0.0	0.0	0.0	
254	2013-01-07	0.30	0.30	0.30	0.30	000	0.0	0.0	0.0	
255	2013-01-08	0.30	0.30	0.30	0.30	000	0.0	0.0	0.0	
256	2013-01-09	0.30	0.30	0.30	0.30	000	0.0	0.0	0.0	
257	2013-01-10	0.30	0.30	0.30	0.30	000	0.0	0.0	0.0	
258	2013-01-11	0.30	0.30	0.30	0.30	000	0.0	0.0	0.0	
259	2013-01-14	0.30	0.30	0.30	0.30	000	0.0	0.0	0.0	
260	2013-01-15	0.30	0.30	0.30	0.30	000	0.0	0.0	0.0	
261	2013-01-16	0.30	0.30	0.30	0.30	000	0.0	0.0	0.0	
262	2013-01-17	0.30	0.30	0.30	0.30	000	0.0	0.0	0.0	
263	2013-01-18	0.30	0.30	0.30	0.30	000	0.0	0.0	0.0	
264	2013-01-21	0.30	0.30	0.30	0.30	000	0.0	0.0	0.0	
265	2013-01-22	0.295	0.20	0.295	0.20	9000	0.47499999999999987	0.09499999999999997	0.38383838383838376	
266	2013-01-23	0.295	0.295	0.295	0.295	000	0.0	0.0	0.0	
267	2013-01-24	0.295	0.295	0.295	0.295	375000	0.0	0.0	0.0	
268	2013-01-25	0.30	0.30	0.30	0.30	10300	0.0	0.0	0.0	
269	2013-01-28	0.38	0.36	0.385	0.36	14200	0.05555555555555561	0.020000000000000018	0.06756756756756763	
270	2013-01-29	0.45	0.385	0.45	0.385	18900	0.16883116883116883	0.065	0.15568862275449102	
271	2013-01-30	0.33	0.33	0.33	0.33	4300	0.0	0.0	0.0	
272	2013-01-31	0.33	0.39	0.39	0.33	3800	-0.15384615384615383	-0.06	0.16666666666666666	
273	2013-02-01	0.34	0.34	0.34	0.34	5500	0.0	0.0	0.0	
274	2013-02-04	0.34	0.34	0.34	0.34	000	0.0	0.0	0.0	
275	2013-02-05	0.34	0.34	0.34	0.34	000	0.0	0.0	0.0	
276	2013-02-06	0.34	0.34	0.34	0.34	000	0.0	0.0	0.0	
277	2013-02-07	0.34	0.34	0.34	0.34	000	0.0	0.0	0.0	
278	2013-02-08	0.30	0.33	0.33	0.30	8000	-0.09090909090909098	-0.030000000000000027	0.09523809523809532	
279	2013-02-11	0.30	0.30	0.30	0.30	000	0.0	0.0	0.0	
280	2013-02-12	0.30	0.30	0.30	0.30	4000	0.0	0.0	0.0	
281	2013-02-13	0.28	0.28	0.28	0.28	5000	0.0	0.0	0.0	
282	2013-02-14	0.25	0.25	0.25	0.25	7500	0.0	0.0	0.0	
283	2013-02-15	0.30	0.30	0.30	0.30	1000	0.0	0.0	0.0	
284	2013-02-19	0.30	0.30	0.30	0.30	000	0.0	0.0	0.0	
285	2013-02-20	0.30	0.30	0.30	0.30	000	0.0	0.0	0.0	
286	2013-02-21	0.30	0.30	0.30	0.30	000	0.0	0.0	0.0	
287	2013-02-22	0.30	0.30	0.30	0.30	000	0.0	0.0	0.0	
288	2013-02-25	0.30	0.30	0.30	0.30	000	0.0	0.0	0.0	
289	2013-02-26	0.30	0.30	0.30	0.30	000	0.0	0.0	0.0	
290	2013-02-27	0.30	0.30	0.30	0.30	000	0.0	0.0	0.0	
291	2013-02-28	0.30	0.30	0.30	0.30	5000	0.0	0.0	0.0	
292	2013-03-01	0.30	0.30	0.30	0.30	000	0.0	0.0	0.0	
293	2013-03-04	0.30	0.30	0.30	0.30	000	0.0	0.0	0.0	
294	2013-03-05	0.30	0.30	0.30	0.30	000	0.0	0.0	0.0	
295	2013-03-06	0.30	0.30	0.30	0.30	000	0.0	0.0	0.0	
296	2013-03-07	0.30	0.30	0.30	0.30	000	0.0	0.0	0.0	
297	2013-03-08	0.30	0.30	0.30	0.30	000	0.0	0.0	0.0	
298	2013-03-11	0.30	0.30	0.30	0.30	000	0.0	0.0	0.0	
299	2013-03-12	0.30	0.30	0.30	0.30	000	0.0	0.0	0.0	
300	2013-03-13	0.25	0.26	0.26	0.25	4000	-0.03846153846153849	-0.010000000000000009	0.03921568627450984	
301	2013-03-14	0.25	0.25	0.25	0.25	31000	0.0	0.0	0.0	
302	2013-03-15	0.25	0.25	0.25	0.25	10000	0.0	0.0	0.0	
303	2013-03-18	0.25	0.25	0.25	0.25	000	0.0	0.0	0.0	
304	2013-03-19	0.25	0.25	0.25	0.25	000	0.0	0.0	0.0	
305	2013-03-20	0.25	0.25	0.25	0.25	000	0.0	0.0	0.0	
306	2013-03-21	0.25	0.25	0.25	0.25	000	0.0	0.0	0.0	
307	2013-03-22	0.25	0.25	0.25	0.25	000	0.0	0.0	0.0	
308	2013-03-25	0.25	0.25	0.25	0.25	000	0.0	0.0	0.0	
309	2013-03-26	0.30	0.25	0.30	0.25	40400	0.19999999999999996	0.04999999999999999	0.18181818181818177	
310	2013-03-27	0.30	0.30	0.30	0.30	000	0.0	0.0	0.0	
311	2013-03-28	0.30	0.30	0.30	0.30	000	0.0	0.0	0.0	
312	2013-04-01	0.30	0.30	0.30	0.30	000	0.0	0.0	0.0	
313	2013-04-02	0.30	0.30	0.30	0.30	000	0.0	0.0	0.0	
314	2013-04-03	0.30	0.30	0.30	0.30	000	0.0	0.0	0.0	
315	2013-04-04	0.30	0.30	0.30	0.30	000	0.0	0.0	0.0	
316	2013-04-05	0.30	0.30	0.30	0.30	000	0.0	0.0	0.0	
317	2013-04-08	0.30	0.30	0.30	0.30	000	0.0	0.0	0.0	
318	2013-04-09	0.30	0.30	0.30	0.30	3400	0.0	0.0	0.0	
319	2013-04-10	0.30	0.30	0.30	0.30	000	0.0	0.0	0.0	
320	2013-04-11	0.30	0.30	0.30	0.30	000	0.0	0.0	0.0	
321	2013-04-12	0.30	0.30	0.30	0.30	000	0.0	0.0	0.0	
322	2013-04-15	0.30	0.30	0.30	0.30	000	0.0	0.0	0.0	
323	2013-04-16	0.30	0.30	0.30	0.30	000	0.0	0.0	0.0	
324	2013-04-17	0.30	0.30	0.30	0.30	000	0.0	0.0	0.0	
325	2013-04-18	0.28	0.28	0.28	0.28	2500	0.0	0.0	0.0	
326	2013-04-19	0.28	0.28	0.28	0.28	000	0.0	0.0	0.0	
327	2013-04-22	0.25	0.25	0.25	0.15	5500	0.0	0.0	0.4	
328	2013-04-23	0.25	0.25	0.25	0.25	000	0.0	0.0	0.0	
329	2013-04-24	0.25	0.25	0.25	0.25	000	0.0	0.0	0.0	
330	2013-04-25	0.25	0.25	0.25	0.25	000	0.0	0.0	0.0	
331	2013-04-26	0.25	0.25	0.25	0.25	000	0.0	0.0	0.0	
332	2013-04-29	0.25	0.25	0.25	0.25	000	0.0	0.0	0.0	
333	2013-04-30	0.25	0.25	0.25	0.25	000	0.0	0.0	0.0	
334	2013-05-01	0.25	0.25	0.25	0.25	000	0.0	0.0	0.0	
335	2013-05-02	0.25	0.25	0.25	0.25	000	0.0	0.0	0.0	
336	2013-05-03	0.25	0.25	0.25	0.25	000	0.0	0.0	0.0	
337	2013-05-06	0.25	0.25	0.25	0.25	000	0.0	0.0	0.0	
338	2013-05-07	0.29	0.29	0.29	0.29	7000	0.0	0.0	0.0	
339	2013-05-08	0.29	0.29	0.29	0.29	000	0.0	0.0	0.0	
340	2013-05-09	0.29	0.29	0.29	0.29	000	0.0	0.0	0.0	
341	2013-05-10	0.29	0.29	0.29	0.29	000	0.0	0.0	0.0	
342	2013-05-13	0.29	0.29	0.29	0.29	000	0.0	0.0	0.0	
343	2013-05-14	0.29	0.29	0.29	0.29	000	0.0	0.0	0.0	
344	2013-05-15	0.30	0.30	0.30	0.30	3500	0.0	0.0	0.0	
345	2013-05-16	0.30	0.30	0.30	0.30	000	0.0	0.0	0.0	
346	2013-05-17	0.30	0.30	0.30	0.30	8400	0.0	0.0	0.0	
347	2013-05-21	0.45	0.30	0.45	0.30	5500	0.5000000000000001	0.15000000000000002	0.4000000000000001	
348	2013-05-22	0.45	0.45	0.45	0.45	000	0.0	0.0	0.0	
349	2013-05-23	0.30	0.45	0.49	0.30	233000	-0.33333333333333337	-0.15000000000000002	0.5066666666666667	
350	2013-05-24	0.30	0.30	0.30	0.30	7600	0.0	0.0	0.0	
351	2013-05-27	0.30	0.30	0.30	0.30	000	0.0	0.0	0.0	
352	2013-05-28	0.225	0.225	0.225	0.225	1000	0.0	0.0	0.0	
353	2013-05-29	0.22	0.22	0.22	0.22	10000	0.0	0.0	0.0	
354	2013-05-30	0.22	0.22	0.22	0.22	13100	0.0	0.0	0.0	
355	2013-05-31	0.22	0.22	0.22	0.22	000	0.0	0.0	0.0	
356	2013-06-03	0.22	0.22	0.22	0.22	000	0.0	0.0	0.0	
357	2013-06-04	0.22	0.22	0.22	0.22	000	0.0	0.0	0.0	
358	2013-06-05	0.22	0.22	0.22	0.22	000	0.0	0.0	0.0	
359	2013-06-06	0.22	0.22	0.22	0.22	000	0.0	0.0	0.0	
360	2013-06-07	0.22	0.22	0.22	0.22	000	0.0	0.0	0.0	
361	2013-06-10	0.22	0.22	0.22	0.22	000	0.0	0.0	0.0	
362	2013-06-11	0.22	0.22	0.22	0.22	1300	0.0	0.0	0.0	
363	2013-06-12	0.22	0.22	0.22	0.22	000	0.0	0.0	0.0	
364	2013-06-13	0.22	0.22	0.22	0.22	000	0.0	0.0	0.0	
365	2013-06-14	0.265	0.265	0.265	0.265	500	0.0	0.0	0.0	
366	2013-06-17	0.35	0.35	0.35	0.35	2800	0.0	0.0	0.0	
367	2013-06-18	0.35	0.35	0.35	0.35	000	0.0	0.0	0.0	
368	2013-06-19	0.35	0.35	0.35	0.35	000	0.0	0.0	0.0	
369	2013-06-20	0.34	0.28	0.34	0.25	22500	0.21428571428571425	0.06	0.2903225806451613	
370	2013-06-21	0.34	0.34	0.34	0.34	000	0.0	0.0	0.0	
371	2013-06-24	0.34	0.34	0.34	0.34	2600	0.0	0.0	0.0	
372	2013-06-25	0.34	0.34	0.34	0.34	000	0.0	0.0	0.0	
373	2013-06-26	0.34	0.34	0.34	0.34	000	0.0	0.0	0.0	
374	2013-06-27	0.34	0.34	0.34	0.34	000	0.0	0.0	0.0	
375	2013-06-28	0.34	0.34	0.34	0.34	000	0.0	0.0	0.0	
376	2013-07-02	0.34	0.34	0.34	0.34	000	0.0	0.0	0.0	
377	2013-07-03	0.34	0.34	0.34	0.34	000	0.0	0.0	0.0	
378	2013-07-04	0.34	0.34	0.34	0.34	000	0.0	0.0	0.0	
379	2013-07-05	0.34	0.34	0.34	0.34	000	0.0	0.0	0.0	
380	2013-07-08	0.34	0.34	0.34	0.34	000	0.0	0.0	0.0	
381	2013-07-09	0.20	0.20	0.21	0.20	63500	0.0	0.0	0.049999999999999906	
382	2013-07-10	0.20	0.20	0.20	0.20	11500	0.0	0.0	0.0	
383	2013-07-11	0.20	0.20	0.20	0.20	000	0.0	0.0	0.0	
384	2013-07-12	0.20	0.20	0.20	0.20	000	0.0	0.0	0.0	
385	2013-07-15	0.20	0.20	0.20	0.20	000	0.0	0.0	0.0	
386	2013-07-16	0.20	0.215	0.215	0.20	8300	-0.06976744186046505	-0.014999999999999986	0.07228915662650595	
387	2013-07-17	0.18	0.18	0.18	0.18	1000	0.0	0.0	0.0	
388	2013-07-18	0.17	0.18	0.18	0.17	3800	-0.055555555555555455	-0.009999999999999981	0.05714285714285704	
389	2013-07-19	0.21	0.21	0.21	0.21	8900	0.0	0.0	0.0	
390	2013-07-22	0.21	0.21	0.21	0.21	000	0.0	0.0	0.0	
391	2013-07-23	0.21	0.21	0.21	0.21	000	0.0	0.0	0.0	
392	2013-07-24	0.20	0.20	0.20	0.20	5000	0.0	0.0	0.0	
393	2013-07-25	0.20	0.20	0.20	0.20	000	0.0	0.0	0.0	
394	2013-07-26	0.20	0.20	0.20	0.20	000	0.0	0.0	0.0	
395	2013-07-29	0.175	0.185	0.185	0.175	12000	-0.054054054054054106	-0.010000000000000009	0.05555555555555561	
396	2013-07-30	0.175	0.175	0.175	0.175	000	0.0	0.0	0.0	
397	2013-07-31	0.175	0.175	0.175	0.175	000	0.0	0.0	0.0	
398	2013-08-01	0.175	0.15	0.175	0.15	11800	0.16666666666666663	0.024999999999999994	0.15384615384615383	
399	2013-08-02	0.175	0.175	0.175	0.175	000	0.0	0.0	0.0	
400	2013-08-06	0.16	0.16	0.16	0.16	5000	0.0	0.0	0.0	
401	2013-08-07	0.15	0.15	0.15	0.15	37000	0.0	0.0	0.0	
402	2013-08-08	0.15	0.15	0.15	0.15	000	0.0	0.0	0.0	
403	2013-08-09	0.13	0.13	0.13	0.13	27500	0.0	0.0	0.0	
404	2013-08-12	0.155	0.155	0.155	0.155	3000	0.0	0.0	0.0	
405	2013-08-13	0.205	0.18	0.205	0.18	60000	0.13888888888888887	0.024999999999999994	0.12987012987012983	
406	2013-08-14	0.22	0.20	0.355	0.20	355300	0.09999999999999995	0.01999999999999999	0.7380952380952379	
407	2013-08-15	0.20	0.22	0.23	0.20	258000	-0.09090909090909087	-0.01999999999999999	0.14285714285714285	
408	2013-08-16	0.20	0.20	0.20	0.20	000	0.0	0.0	0.0	
409	2013-08-19	0.215	0.21	0.215	0.21	6000	0.023809523809523832	0.0050000000000000044	0.023529411764705903	
410	2013-08-20	0.215	0.215	0.215	0.215	000	0.0	0.0	0.0	
411	2013-08-21	0.285	0.22	0.305	0.22	183700	0.29545454545454536	0.06499999999999997	0.3366336633663366	
412	2013-08-22	0.40	0.30	0.45	0.30	590500	0.3333333333333335	0.10000000000000003	0.42857142857142866	
413	2013-08-23	0.38	0.455	0.50	0.38	556200	-0.16483516483516486	-0.07500000000000001	0.2874251497005988	
414	2013-08-26	0.425	0.38	0.475	0.38	118800	0.1184210526315789	0.044999999999999984	0.23602484472049684	
415	2013-08-27	0.415	0.44	0.47	0.40	249500	-0.05681818181818187	-0.025000000000000022	0.1637426900584794	
416	2013-08-28	0.415	0.415	0.415	0.415	000	0.0	0.0	0.0	
417	2013-08-29	0.35	0.50	0.55	0.335	578300	-0.30000000000000004	-0.15000000000000002	0.5058823529411766	
418	2013-08-30	0.305	0.34	0.36	0.28	104000	-0.10294117647058831	-0.03500000000000003	0.24806201550387583	
419	2013-09-03	0.33	0.32	0.33	0.30	59700	0.03125000000000003	0.010000000000000009	0.09230769230769238	
420	2013-09-04	0.325	0.34	0.43	0.325	236300	-0.04411764705882357	-0.015000000000000013	0.31578947368421045	
421	2013-09-05	0.305	0.305	0.305	0.305	4000	0.0	0.0	0.0	
422	2013-09-06	0.335	0.28	0.335	0.28	15500	0.1964285714285714	0.05499999999999999	0.17886178861788615	
423	2013-09-09	0.285	0.285	0.285	0.285	5500	0.0	0.0	0.0	
424	2013-09-10	0.275	0.30	0.30	0.275	22500	-0.08333333333333323	-0.024999999999999967	0.08695652173913032	
425	2013-09-11	0.25	0.265	0.29	0.25	34000	-0.05660377358490571	-0.015000000000000013	0.15533980582524265	
426	2013-09-12	0.26	0.26	0.26	0.26	12500	0.0	0.0	0.0	
427	2013-09-13	0.35	0.25	0.35	0.25	158000	0.3999999999999999	0.09999999999999998	0.33333333333333326	
428	2013-09-16	0.49	0.365	0.52	0.365	365900	0.3424657534246575	0.125	0.36257309941520477	
429	2013-09-17	0.48	0.485	0.50	0.46	115500	-0.010309278350515474	-0.0050000000000000044	0.08290155440414504	
430	2013-09-18	0.48	0.48	0.48	0.48	000	0.0	0.0	0.0	
431	2013-09-19	0.42	0.42	0.44	0.42	9000	0.0	0.0	0.047619047619047665	
432	2013-09-20	0.40	0.42	0.42	0.40	7700	-0.04761904761904753	-0.019999999999999962	0.04878048780487795	
433	2013-09-23	0.40	0.40	0.40	0.40	000	0.0	0.0	0.0	
434	2013-09-24	0.40	0.40	0.40	0.40	000	0.0	0.0	0.0	
435	2013-09-25	0.35	0.40	0.40	0.35	6500	-0.1250000000000001	-0.050000000000000044	0.13333333333333344	
436	2013-09-26	0.35	0.35	0.35	0.35	000	0.0	0.0	0.0	
437	2013-09-27	0.35	0.35	0.35	0.35	000	0.0	0.0	0.0	
438	2013-09-30	0.365	0.395	0.395	0.35	98500	-0.07594936708860765	-0.030000000000000027	0.11842105263157905	
439	2013-10-01	0.315	0.315	0.315	0.315	20000	0.0	0.0	0.0	
440	2013-10-02	0.265	0.31	0.31	0.265	7000	-0.1451612903225806	-0.044999999999999984	0.15652173913043474	
441	2013-10-03	0.345	0.30	0.345	0.30	10000	0.14999999999999997	0.044999999999999984	0.13953488372093018	
442	2013-10-04	0.345	0.345	0.345	0.345	000	0.0	0.0	0.0	
443	2013-10-07	0.345	0.345	0.345	0.345	000	0.0	0.0	0.0	
444	2013-10-08	0.34	0.31	0.34	0.31	4500	0.09677419354838718	0.030000000000000027	0.09230769230769238	
445	2013-10-09	0.35	0.35	0.35	0.35	5000	0.0	0.0	0.0	
446	2013-10-10	0.35	0.32	0.35	0.30	14500	0.0937499999999999	0.02999999999999997	0.14925373134328357	
447	2013-10-11	0.35	0.35	0.35	0.35	000	0.0	0.0	0.0	
448	2013-10-15	0.49	0.345	0.49	0.345	636200	0.42028985507246386	0.14500000000000002	0.34730538922155696	
449	2013-10-16	0.55	0.50	0.55	0.50	485200	0.10000000000000009	0.050000000000000044	0.09523809523809532	
450	2013-10-17	0.50	0.49	0.50	0.49	6000	0.02040816326530614	0.010000000000000009	0.02020202020202022	
451	2013-10-18	0.485	0.48	0.485	0.45	30000	0.010416666666666676	0.0050000000000000044	0.0725388601036269	
452	2013-10-21	0.44	0.45	0.45	0.43	32600	-0.02222222222222224	-0.010000000000000009	0.04494382022471914	
453	2013-10-22	0.44	0.44	0.44	0.44	10000	0.0	0.0	0.0	
454	2013-10-23	0.43	0.43	0.475	0.43	21500	0.0	0.0	0.10465116279069764	
455	2013-10-24	0.43	0.43	0.43	0.43	000	0.0	0.0	0.0	
456	2013-10-25	0.465	0.465	0.465	0.465	5000	0.0	0.0	0.0	
457	2013-10-28	0.465	0.465	0.465	0.465	000	0.0	0.0	0.0	
458	2013-10-29	0.48	0.48	0.48	0.48	1500	0.0	0.0	0.0	
459	2013-10-30	0.48	0.48	0.48	0.48	000	0.0	0.0	0.0	
460	2013-10-31	0.43	0.43	0.43	0.43	17500	0.0	0.0	0.0	
461	2013-11-01	0.41	0.41	0.41	0.41	1300	0.0	0.0	0.0	
462	2013-11-04	0.75	0.50	0.76	0.46	592100	0.5	0.25	0.48	
463	2013-11-05	0.51	0.70	0.70	0.51	159800	-0.27142857142857135	-0.18999999999999995	0.3140495867768594	
464	2013-11-06	0.50	0.54	0.54	0.50	6100	-0.07407407407407414	-0.040000000000000036	0.07692307692307698	
465	2013-11-07	0.48	0.48	0.48	0.48	1500	0.0	0.0	0.0	
466	2013-11-08	0.495	0.495	0.495	0.495	10000	0.0	0.0	0.0	
467	2013-11-11	0.48	0.48	0.48	0.48	500	0.0	0.0	0.0	
468	2013-11-12	0.48	0.48	0.48	0.48	000	0.0	0.0	0.0	
469	2013-11-13	0.48	0.48	0.48	0.48	000	0.0	0.0	0.0	
470	2013-11-14	0.48	0.48	0.48	0.48	000	0.0	0.0	0.0	
471	2013-11-15	0.48	0.48	0.48	0.48	4000	0.0	0.0	0.0	
472	2013-11-18	0.48	0.48	0.48	0.48	000	0.0	0.0	0.0	
473	2013-11-19	0.48	0.48	0.48	0.48	000	0.0	0.0	0.0	
474	2013-11-20	0.48	0.48	0.48	0.48	3000	0.0	0.0	0.0	
475	2013-11-21	0.50	0.50	0.50	0.50	9500	0.0	0.0	0.0	
476	2013-11-22	0.50	0.50	0.50	0.50	1000	0.0	0.0	0.0	
477	2013-11-25	0.50	0.50	0.50	0.50	000	0.0	0.0	0.0	
478	2013-11-26	0.50	0.50	0.50	0.50	10100	0.0	0.0	0.0	
479	2013-11-27	0.50	0.50	0.50	0.50	000	0.0	0.0	0.0	
480	2013-11-28	0.50	0.50	0.50	0.50	000	0.0	0.0	0.0	
481	2013-11-29	0.50	0.50	0.50	0.50	000	0.0	0.0	0.0	
482	2013-12-02	0.50	0.50	0.50	0.50	000	0.0	0.0	0.0	
483	2013-12-03	0.50	0.50	0.50	0.50	000	0.0	0.0	0.0	
484	2013-12-04	0.53	0.45	0.53	0.44	115000	0.1777777777777778	0.08000000000000002	0.18367346938775517	
485	2013-12-05	0.50	0.51	0.51	0.50	10500	-0.01960784313725492	-0.010000000000000009	0.01980198019801982	
486	2013-12-06	0.49	0.49	0.49	0.49	500	0.0	0.0	0.0	
487	2013-12-09	0.48	0.48	0.48	0.48	500	0.0	0.0	0.0	
488	2013-12-10	0.44	0.44	0.44	0.44	3000	0.0	0.0	0.0	
489	2013-12-11	0.44	0.44	0.44	0.44	3000	0.0	0.0	0.0	
490	2013-12-12	0.44	0.44	0.44	0.44	000	0.0	0.0	0.0	
491	2013-12-13	0.46	0.46	0.46	0.46	3500	0.0	0.0	0.0	
492	2013-12-16	0.44	0.44	0.44	0.40	18000	0.0	0.0	0.09090909090909087	
493	2013-12-17	0.46	0.46	0.46	0.46	16500	0.0	0.0	0.0	
494	2013-12-18	0.46	0.46	0.46	0.46	49500	0.0	0.0	0.0	
495	2013-12-19	0.38	0.46	0.46	0.37	25500	-0.1739130434782609	-0.08000000000000002	0.21428571428571433	
496	2013-12-20	0.38	0.38	0.38	0.38	1300	0.0	0.0	0.0	
497	2013-12-23	0.40	0.395	0.40	0.395	7000	0.012658227848101276	0.0050000000000000044	0.012578616352201269	
498	2013-12-24	0.40	0.40	0.40	0.40	000	0.0	0.0	0.0	
499	2013-12-27	0.40	0.40	0.40	0.40	000	0.0	0.0	0.0	
500	2013-12-30	0.40	0.40	0.40	0.40	000	0.0	0.0	0.0	
501	2013-12-31	0.40	0.40	0.40	0.40	000	0.0	0.0	0.0	
502	2014-01-02	0.39	0.385	0.39	0.385	22000	0.012987012987012998	0.0050000000000000044	0.012903225806451623	
503	2014-01-03	0.39	0.39	0.39	0.39	000	0.0	0.0	0.0	
504	2014-01-06	0.39	0.39	0.39	0.39	000	0.0	0.0	0.0	
505	2014-01-07	0.39	0.39	0.39	0.39	000	0.0	0.0	0.0	
506	2014-01-08	0.39	0.39	0.39	0.39	000	0.0	0.0	0.0	
507	2014-01-09	0.39	0.39	0.39	0.39	000	0.0	0.0	0.0	
508	2014-01-10	0.39	0.39	0.39	0.39	000	0.0	0.0	0.0	
509	2014-01-13	0.39	0.39	0.39	0.39	000	0.0	0.0	0.0	
510	2014-01-14	0.39	0.39	0.39	0.39	1000	0.0	0.0	0.0	
511	2014-01-15	0.39	0.39	0.39	0.39	000	0.0	0.0	0.0	
512	2014-01-16	0.39	0.39	0.39	0.39	000	0.0	0.0	0.0	
513	2014-01-17	0.40	0.40	0.40	0.40	50000	0.0	0.0	0.0	
514	2014-01-20	0.40	0.40	0.40	0.40	000	0.0	0.0	0.0	
515	2014-01-21	0.40	0.40	0.40	0.40	000	0.0	0.0	0.0	
516	2014-01-22	0.40	0.40	0.40	0.40	000	0.0	0.0	0.0	
517	2014-01-23	0.40	0.40	0.40	0.40	000	0.0	0.0	0.0	
518	2014-01-24	0.40	0.40	0.40	0.40	000	0.0	0.0	0.0	
519	2014-01-27	0.40	0.40	0.40	0.40	000	0.0	0.0	0.0	
520	2014-01-28	0.32	0.32	0.32	0.32	1000	0.0	0.0	0.0	
521	2014-01-29	0.32	0.32	0.32	0.32	000	0.0	0.0	0.0	
522	2014-01-30	0.32	0.32	0.32	0.32	000	0.0	0.0	0.0	
523	2014-01-31	0.32	0.32	0.32	0.32	000	0.0	0.0	0.0	
524	2014-02-03	0.36	0.36	0.36	0.36	12000	0.0	0.0	0.0	
525	2014-02-04	0.45	0.47	0.48	0.45	31500	-0.042553191489361625	-0.019999999999999962	0.06521739130434777	
526	2014-02-05	0.45	0.45	0.45	0.45	000	0.0	0.0	0.0	
527	2014-02-06	0.44	0.44	0.44	0.44	4000	0.0	0.0	0.0	
528	2014-02-07	0.35	0.35	0.35	0.35	1000	0.0	0.0	0.0	
529	2014-02-10	0.46	0.48	0.48	0.46	68500	-0.04166666666666659	-0.019999999999999962	0.042553191489361625	
530	2014-02-11	0.41	0.395	0.41	0.38	20000	0.03797468354430369	0.014999999999999958	0.07453416149068316	
531	2014-02-12	0.45	0.48	0.48	0.415	36300	-0.062499999999999944	-0.02999999999999997	0.13978494623655915	
532	2014-02-13	0.385	0.385	0.385	0.385	3000	0.0	0.0	0.0	
533	2014-02-14	0.385	0.385	0.385	0.385	000	0.0	0.0	0.0	
534	2014-02-18	0.33	0.33	0.33	0.33	1500	0.0	0.0	0.0	
535	2014-02-19	0.365	0.37	0.37	0.365	15000	-0.013513513513513526	-0.0050000000000000044	0.01360544217687076	
536	2014-02-20	0.365	0.365	0.365	0.365	000	0.0	0.0	0.0	
537	2014-02-21	0.365	0.365	0.365	0.365	000	0.0	0.0	0.0	
538	2014-02-24	0.40	0.40	0.40	0.40	47500	0.0	0.0	0.0	
539	2014-02-25	0.40	0.40	0.40	0.40	000	0.0	0.0	0.0	
540	2014-02-26	0.42	0.42	0.42	0.42	35500	0.0	0.0	0.0	
541	2014-02-27	0.47	0.42	0.47	0.42	11000	0.11904761904761903	0.04999999999999999	0.11235955056179774	
542	2014-02-28	0.44	0.44	0.44	0.44	2000	0.0	0.0	0.0	
543	2014-03-03	0.50	0.50	0.55	0.43	1170400	0.0	0.0	0.2400000000000001	
544	2014-03-04	0.50	0.50	0.50	0.50	334000	0.0	0.0	0.0	
545	2014-03-05	0.54	0.54	0.55	0.54	15400	0.0	0.0	0.018518518518518535	
546	2014-03-06	0.53	0.53	0.53	0.52	39400	0.0	0.0	0.018867924528301903	
547	2014-03-07	0.53	0.53	0.53	0.53	000	0.0	0.0	0.0	
548	2014-03-10	0.50	0.50	0.50	0.50	6000	0.0	0.0	0.0	
549	2014-03-11	0.43	0.43	0.43	0.425	4000	0.0	0.0	0.011627906976744196	
550	2014-03-12	0.46	0.50	0.50	0.46	101500	-0.07999999999999996	-0.03999999999999998	0.0833333333333333	
551	2014-03-13	0.50	0.50	0.50	0.50	13500	0.0	0.0	0.0	
552	2014-03-14	0.50	0.50	0.50	0.50	000	0.0	0.0	0.0	
553	2014-03-17	0.425	0.45	0.45	0.425	7500	-0.0555555555555556	-0.025000000000000022	0.0571428571428572	
554	2014-03-18	0.425	0.425	0.425	0.425	000	0.0	0.0	0.0	
555	2014-03-19	0.425	0.425	0.425	0.425	000	0.0	0.0	0.0	
556	2014-03-20	0.425	0.425	0.425	0.425	000	0.0	0.0	0.0	
557	2014-03-21	0.425	0.425	0.425	0.425	000	0.0	0.0	0.0	
558	2014-03-24	0.425	0.425	0.425	0.425	000	0.0	0.0	0.0	
559	2014-03-25	0.415	0.50	0.50	0.415	7000	-0.17000000000000004	-0.08500000000000002	0.185792349726776	
560	2014-03-26	0.405	0.415	0.415	0.405	19000	-0.024096385542168565	-0.009999999999999953	0.024390243902438907	
561	2014-03-27	0.45	0.45	0.45	0.45	2000	0.0	0.0	0.0	
562	2014-03-28	0.405	0.44	0.45	0.405	401400	-0.07954545454545449	-0.034999999999999976	0.10650887573964493	
563	2014-03-31	0.45	0.45	0.45	0.45	280000	0.0	0.0	0.0	
564	2014-04-01	0.50	0.49	0.50	0.46	258000	0.02040816326530614	0.010000000000000009	0.08080808080808077	
565	2014-04-02	0.425	0.425	0.45	0.425	20500	0.0	0.0	0.05882352941176476	
566	2014-04-03	0.45	0.45	0.45	0.45	50200	0.0	0.0	0.0	
567	2014-04-04	0.425	0.425	0.425	0.425	9500	0.0	0.0	0.0	
568	2014-04-07	0.45	0.44	0.45	0.44	410000	0.02272727272727275	0.010000000000000009	0.02247191011235957	
569	2014-04-08	0.40	0.40	0.40	0.40	29000	0.0	0.0	0.0	
570	2014-04-09	0.435	0.42	0.45	0.42	50500	0.03571428571428575	0.015000000000000013	0.0701754385964913	
571	2014-04-10	0.435	0.435	0.435	0.435	000	0.0	0.0	0.0	
572	2014-04-11	0.42	0.42	0.42	0.42	14000	0.0	0.0	0.0	
573	2014-04-14	0.43	0.43	0.43	0.43	3000	0.0	0.0	0.0	
574	2014-04-15	0.42	0.42	0.42	0.42	18300	0.0	0.0	0.0	
575	2014-04-16	0.42	0.42	0.42	0.42	000	0.0	0.0	0.0	
576	2014-04-17	0.44	0.44	0.44	0.44	26200	0.0	0.0	0.0	
577	2014-04-21	0.44	0.44	0.44	0.44	000	0.0	0.0	0.0	
578	2014-04-22	0.44	0.44	0.44	0.44	000	0.0	0.0	0.0	
579	2014-04-23	0.44	0.44	0.44	0.44	000	0.0	0.0	0.0	
580	2014-04-24	0.44	0.44	0.44	0.44	10000	0.0	0.0	0.0	
581	2014-04-25	0.45	0.45	0.45	0.45	12800	0.0	0.0	0.0	
582	2014-04-28	0.45	0.45	0.45	0.45	000	0.0	0.0	0.0	
583	2014-04-29	0.45	0.445	0.45	0.445	40000	0.011235955056179785	0.0050000000000000044	0.011173184357541908	
584	2014-04-30	0.45	0.45	0.45	0.45	000	0.0	0.0	0.0	
585	2014-05-01	0.45	0.45	0.45	0.45	000	0.0	0.0	0.0	
586	2014-05-02	0.44	0.44	0.44	0.44	31000	0.0	0.0	0.0	
587	2014-05-05	0.44	0.44	0.44	0.44	000	0.0	0.0	0.0	
588	2014-05-06	0.59	0.50	0.59	0.50	573000	0.17999999999999994	0.08999999999999997	0.16513761467889904	
589	2014-05-07	0.55	0.56	0.56	0.55	43500	-0.01785714285714287	-0.010000000000000009	0.018018018018018032	
590	2014-05-08	0.66	0.59	0.68	0.57	448100	0.11864406779661028	0.07000000000000006	0.17600000000000016	
591	2014-05-09	0.72	0.69	0.76	0.69	346900	0.04347826086956526	0.030000000000000027	0.09929078014184406	
592	2014-05-12	0.75	0.75	0.79	0.75	367200	0.0	0.0	0.05333333333333338	
593	2014-05-13	0.77	0.77	0.80	0.77	314000	0.0	0.0	0.038961038961038995	
594	2014-05-14	0.77	0.77	0.77	0.77	000	0.0	0.0	0.0	
595	2014-05-15	0.61	0.70	0.72	0.60	75000	-0.12857142857142853	-0.08999999999999997	0.18320610687022898	
596	2014-05-16	0.60	0.61	0.61	0.60	5000	-0.016393442622950834	-0.010000000000000009	0.016528925619834725	
597	2014-05-20	0.62	0.62	0.62	0.61	43400	0.0	0.0	0.01612903225806453	
598	2014-05-21	0.62	0.58	0.62	0.58	48000	0.06896551724137938	0.040000000000000036	0.06666666666666674	
599	2014-05-22	0.55	0.70	0.70	0.55	311600	-0.21428571428571416	-0.1499999999999999	0.23999999999999985	
600	2014-05-23	0.60	0.56	0.63	0.56	19000	0.07142857142857129	0.039999999999999925	0.12068965517241369	
601	2014-05-26	0.60	0.60	0.60	0.60	000	0.0	0.0	0.0	
602	2014-05-27	0.66	0.66	0.66	0.63	11000	0.0	0.0	0.04545454545454549	
603	2014-05-28	0.59	0.59	0.59	0.59	5000	0.0	0.0	0.0	
604	2014-05-29	0.59	0.59	0.59	0.59	000	0.0	0.0	0.0	
605	2014-05-30	0.59	0.54	0.66	0.54	12500	0.09259259259259246	0.04999999999999993	0.21238938053097348	
606	2014-06-02	0.58	0.65	0.65	0.58	38500	-0.10769230769230778	-0.07000000000000006	0.11382113821138222	
607	2014-06-03	0.57	0.59	0.59	0.56	9000	-0.0338983050847458	-0.020000000000000018	0.05172413793103434	
608	2014-06-04	0.85	0.61	0.89	0.61	462300	0.39344262295081966	0.24	0.3835616438356165	
609	2014-06-05	0.84	0.80	1.02	0.80	427800	0.049999999999999906	0.039999999999999925	0.26829268292682923	
610	2014-06-06	0.86	0.86	0.86	0.86	1200	0.0	0.0	0.0	
611	2014-06-09	0.75	0.87	0.89	0.71	34100	-0.13793103448275862	-0.12	0.22222222222222227	
612	2014-06-10	0.76	0.75	0.81	0.73	98500	0.013333333333333345	0.010000000000000009	0.10596026490066235	
613	2014-06-11	0.75	0.81	0.81	0.75	9600	-0.07407407407407414	-0.06000000000000005	0.07692307692307698	
614	2014-06-12	0.60	0.81	0.81	0.60	97700	-0.25925925925925936	-0.21000000000000008	0.297872340425532	
615	2014-06-13	0.68	0.60	0.68	0.60	25000	0.13333333333333347	0.08000000000000007	0.1250000000000001	
616	2014-06-16	0.76	0.72	0.76	0.72	7500	0.05555555555555561	0.040000000000000036	0.054054054054054106	
617	2014-06-17	0.74	0.73	0.74	0.73	6800	0.013698630136986314	0.010000000000000009	0.01360544217687076	
618	2014-06-18	0.70	0.70	0.70	0.70	1000	0.0	0.0	0.0	
619	2014-06-19	0.78	0.75	0.78	0.75	6400	0.040000000000000036	0.030000000000000027	0.03921568627450984	
620	2014-06-20	0.65	0.80	0.80	0.65	31300	-0.18750000000000003	-0.15000000000000002	0.20689655172413793	
621	2014-06-23	0.68	0.70	0.70	0.65	39100	-0.02857142857142844	-0.019999999999999907	0.07246376811594193	
622	2014-06-24	0.65	0.70	0.70	0.65	8000	-0.07142857142857134	-0.04999999999999993	0.07407407407407397	
623	2014-06-25	0.69	0.69	0.70	0.68	32700	0.0	0.0	0.02898550724637668	
624	2014-06-26	0.69	0.69	0.69	0.69	000	0.0	0.0	0.0	
625	2014-06-27	0.75	0.75	0.85	0.75	329300	0.0	0.0	0.1333333333333333	
626	2014-06-30	0.78	0.80	0.83	0.78	24400	-0.025000000000000022	-0.020000000000000018	0.06329113924050624	
627	2014-07-01	0.78	0.78	0.78	0.78	000	0.0	0.0	0.0	
628	2014-07-02	0.91	0.85	0.91	0.82	154900	0.07058823529411772	0.06000000000000005	0.10227272727272736	
629	2014-07-03	1.20	0.99	1.23	0.99	225400	0.2121212121212121	0.20999999999999996	0.2191780821917808	
630	2014-07-04	0.95	1.16	1.16	0.95	48700	-0.18103448275862066	-0.20999999999999996	0.19905213270142177	
631	2014-07-07	1.02	1.00	1.06	1.00	94800	0.020000000000000018	0.020000000000000018	0.05940594059405946	
632	2014-07-08	1.10	1.05	1.10	1.05	143300	0.04761904761904766	0.050000000000000044	0.04651162790697678	
633	2014-07-09	1.09	1.10	1.10	1.03	106700	-0.009090909090909097	-0.010000000000000009	0.06392694063926946	
634	2014-07-10	1.07	1.10	1.10	1.05	42500	-0.027272727272727296	-0.030000000000000027	0.046082949308755804	
635	2014-07-11	1.10	1.12	1.16	1.08	227300	-0.01785714285714287	-0.020000000000000018	0.07207207207207193	
636	2014-07-14	1.15	1.19	1.20	1.13	117200	-0.033613445378151294	-0.040000000000000036	0.05982905982905989	
637	2014-07-15	1.20	1.20	1.22	1.16	57400	0.0	0.0	0.050000000000000044	
638	2014-07-16	1.19	1.23	1.23	1.17	71600	-0.032520325203252064	-0.040000000000000036	0.049586776859504175	
639	2014-07-17	1.18	1.19	1.20	1.18	59100	-0.008403361344537823	-0.010000000000000009	0.016877637130801704	
640	2014-07-18	1.18	1.18	1.18	1.18	19900	0.0	0.0	0.0	
641	2014-07-21	1.10	1.20	1.21	1.08	28800	-0.08333333333333323	-0.09999999999999987	0.11304347826086948	
642	2014-07-22	1.20	1.10	1.23	1.10	123600	0.09090909090909079	0.09999999999999987	0.11304347826086948	
643	2014-07-23	1.09	1.15	1.15	1.09	94200	-0.05217391304347812	-0.05999999999999983	0.053571428571428416	
644	2014-07-24	1.09	1.10	1.15	1.08	140300	-0.009090909090909097	-0.010000000000000009	0.06392694063926925	
645	2014-07-25	1.45	1.42	1.55	1.38	2057900	0.021126760563380302	0.030000000000000027	0.11846689895470393	
646	2014-07-28	1.56	1.56	1.60	1.51	946600	0.0	0.0	0.057692307692307744	
647	2014-07-29	1.41	1.50	1.50	1.20	424900	-0.06000000000000005	-0.09000000000000008	0.2061855670103093	
648	2014-07-30	1.24	1.40	1.41	1.21	663400	-0.11428571428571424	-0.15999999999999992	0.1515151515151515	
649	2014-07-31	1.18	1.24	1.25	1.18	231800	-0.04838709677419359	-0.06000000000000005	0.05785123966942154	
650	2014-08-01	1.25	1.26	1.26	1.14	531600	-0.007936507936507943	-0.010000000000000009	0.09561752988047818	
651	2014-08-04	1.25	1.25	1.25	1.25	000	0.0	0.0	0.0	
652	2014-08-05	1.19	1.25	1.29	1.19	123000	-0.04800000000000004	-0.06000000000000005	0.08196721311475418	
653	2014-08-06	1.27	1.22	1.27	1.22	15500	0.04098360655737709	0.050000000000000044	0.04016064257028116	
654	2014-08-07	1.40	1.32	1.45	1.32	139900	0.06060606060606049	0.07999999999999985	0.09558823529411757	
655	2014-08-08	1.41	1.42	1.42	1.35	136700	-0.007042253521126767	-0.010000000000000009	0.04946996466431084	
656	2014-08-11	1.47	1.58	1.58	1.47	1055300	-0.06962025316455701	-0.1100000000000001	0.07213114754098368	
657	2014-08-12	1.48	1.50	1.54	1.48	187700	-0.013333333333333345	-0.020000000000000018	0.040268456375838965	
658	2014-08-13	1.44	1.46	1.47	1.43	29000	-0.013698630136986314	-0.020000000000000018	0.027586206896551748	
659	2014-08-14	1.41	1.44	1.44	1.41	80600	-0.020833333333333353	-0.030000000000000027	0.02105263157894739	
660	2014-08-15	1.53	1.45	1.53	1.45	61500	0.055172413793103496	0.08000000000000007	0.05369127516778528	
661	2014-08-18	1.55	1.55	1.55	1.52	29600	0.0	0.0	0.019354838709677438	
662	2014-08-19	1.42	1.51	1.51	1.42	14900	-0.05960264900662257	-0.09000000000000008	0.06143344709897617	
663	2014-08-20	1.38	1.43	1.43	1.38	61800	-0.034965034965034995	-0.050000000000000044	0.03558718861209968	
664	2014-08-21	1.33	1.40	1.40	1.31	81800	-0.04999999999999989	-0.06999999999999984	0.06593406593406582	
665	2014-08-22	1.28	1.32	1.32	1.25	158400	-0.030303030303030328	-0.040000000000000036	0.05384615384615389	
666	2014-08-25	1.27	1.29	1.31	1.25	38700	-0.015503875968992262	-0.020000000000000018	0.04687500000000004	
667	2014-08-26	1.26	1.24	1.26	1.24	9500	0.01612903225806453	0.020000000000000018	0.016000000000000014	
668	2014-08-27	1.25	1.25	1.26	1.25	9100	0.0	0.0	0.008000000000000007	
669	2014-08-28	1.29	1.29	1.34	1.29	72600	0.0	0.0	0.038759689922480654	
670	2014-08-29	1.35	1.29	1.35	1.28	5900	0.046511627906976785	0.06000000000000005	0.05303030303030307	
671	2014-09-02	1.25	1.29	1.29	1.23	36300	-0.031007751937984523	-0.040000000000000036	0.04724409448818902	
672	2014-09-03	1.30	1.25	1.30	1.25	56100	0.040000000000000036	0.050000000000000044	0.03921568627450984	
673	2014-09-04	1.31	1.34	1.35	1.30	64900	-0.022388059701492557	-0.030000000000000027	0.0377358490566038	
674	2014-09-05	1.28	1.31	1.32	1.27	62400	-0.022900763358778647	-0.030000000000000027	0.038610038610038644	
675	2014-09-08	1.25	1.26	1.26	1.21	56800	-0.007936507936507943	-0.010000000000000009	0.039840637450199244	
676	2014-09-09	1.23	1.30	1.30	1.23	15500	-0.05384615384615389	-0.07000000000000006	0.05533596837944668	
677	2014-09-10	1.27	1.29	1.29	1.22	40300	-0.015503875968992262	-0.020000000000000018	0.05468750000000005	
678	2014-09-11	1.32	1.27	1.32	1.24	23900	0.039370078740157514	0.050000000000000044	0.06177606177606183	
679	2014-09-12	1.27	1.35	1.35	1.22	55500	-0.05925925925925931	-0.08000000000000007	0.09923664122137413	
680	2014-09-15	1.27	1.27	1.32	1.27	11900	0.0	0.0	0.039370078740157514	
681	2014-09-16	1.20	1.29	1.29	1.20	64600	-0.06976744186046517	-0.09000000000000008	0.07228915662650608	
682	2014-09-17	1.26	1.23	1.26	1.23	50700	0.024390243902439046	0.030000000000000027	0.024096385542168693	
683	2014-09-18	1.26	1.26	1.26	1.17	32600	0.0	0.0	0.0714285714285715	
684	2014-09-19	1.18	1.23	1.25	1.18	9700	-0.040650406504065074	-0.050000000000000044	0.05809128630705399	
685	2014-09-22	1.17	1.19	1.19	1.17	5700	-0.016806722689075647	-0.020000000000000018	0.0169491525423729	
686	2014-09-23	1.18	1.21	1.21	1.18	3000	-0.024793388429752088	-0.030000000000000027	0.02510460251046028	
687	2014-09-24	1.23	1.23	1.23	1.23	100	0.0	0.0	0.0	
688	2014-09-25	1.21	1.20	1.21	1.20	13300	0.008333333333333342	0.010000000000000009	0.008298755186721999	
689	2014-09-26	1.16	1.19	1.21	1.15	89300	-0.02521008403361347	-0.030000000000000027	0.051063829787234095	
690	2014-09-29	1.15	1.18	1.18	1.14	44100	-0.025423728813559344	-0.030000000000000027	0.03433476394849788	
691	2014-09-30	1.16	1.16	1.18	1.16	19700	0.0	0.0	0.017241379310344845	
692	2014-10-01	1.18	1.18	1.20	1.18	29100	0.0	0.0	0.0169491525423729	
693	2014-10-02	1.15	1.15	1.15	1.15	1600	0.0	0.0	0.0	
694	2014-10-03	1.15	1.15	1.15	1.15	000	0.0	0.0	0.0	
695	2014-10-06	1.16	1.17	1.17	1.16	2200	-0.008547008547008555	-0.010000000000000009	0.00858369098712447	
696	2014-10-07	1.16	1.16	1.16	1.16	000	0.0	0.0	0.0	
697	2014-10-08	1.09	1.10	1.10	1.06	77300	-0.009090909090909097	-0.010000000000000009	0.03652968036529683	
698	2014-10-09	0.94	1.02	1.02	0.94	104900	-0.07843137254901968	-0.08000000000000007	0.08163265306122457	
699	2014-10-10	0.88	0.93	0.93	0.88	9300	-0.053763440860215096	-0.050000000000000044	0.05524861878453043	
700	2014-10-14	0.76	0.85	0.86	0.76	42200	-0.10588235294117644	-0.08999999999999997	0.12422360248447203	
701	2014-10-15	0.78	0.75	0.80	0.75	9800	0.040000000000000036	0.030000000000000027	0.06535947712418307	
702	2014-10-16	0.74	0.75	0.75	0.74	1500	-0.013333333333333345	-0.010000000000000009	0.01342281879194632	
703	2014-10-17	0.78	0.82	0.82	0.78	3600	-0.04878048780487796	-0.039999999999999925	0.049999999999999906	
704	2014-10-20	0.98	0.92	0.98	0.92	46700	0.06521739130434775	0.05999999999999994	0.06315789473684205	
705	2014-10-21	1.13	1.11	1.13	1.11	98500	0.018018018018017834	0.019999999999999796	0.017857142857142672	
706	2014-10-22	1.05	1.15	1.24	1.05	75900	-0.08695652173913032	-0.09999999999999987	0.17272727272727267	
707	2014-10-23	1.08	1.08	1.08	1.08	2000	0.0	0.0	0.0	
708	2014-10-24	1.04	1.04	1.04	0.95	51800	0.0	0.0	0.0865384615384616	
709	2014-10-27	1.06	1.01	1.06	1.01	12500	0.04950495049504955	0.050000000000000044	0.04830917874396139	
710	2014-10-28	0.97	0.98	0.98	0.97	4500	-0.01020408163265307	-0.010000000000000009	0.010256410256410265	
711	2014-10-29	0.91	0.96	0.99	0.91	7700	-0.052083333333333266	-0.04999999999999993	0.08556149732620316	
712	2014-10-30	0.96	0.90	0.96	0.84	27500	0.0666666666666666	0.05999999999999994	0.12903225806451613	
713	2014-10-31	0.94	0.92	0.94	0.92	50100	0.021739130434782507	0.019999999999999907	0.021505376344085923	
714	2014-11-03	0.94	0.94	0.94	0.94	000	0.0	0.0	0.0	
715	2014-11-04	0.94	0.94	0.94	0.94	1000	0.0	0.0	0.0	
716	2014-11-05	0.94	0.94	0.94	0.94	000	0.0	0.0	0.0	
717	2014-11-06	0.95	0.96	0.96	0.95	15000	-0.010416666666666676	-0.010000000000000009	0.010471204188481685	
718	2014-11-07	0.94	0.95	0.95	0.94	22500	-0.010526315789473694	-0.010000000000000009	0.010582010582010592	
719	2014-11-10	0.88	0.88	0.88	0.88	2500	0.0	0.0	0.0	
720	2014-11-11	0.92	0.91	0.92	0.91	10000	0.010989010989010999	0.010000000000000009	0.010928961748633888	
721	2014-11-12	0.93	0.94	0.94	0.93	4000	-0.010638297872340318	-0.009999999999999898	0.010695187165775291	
722	2014-11-13	0.93	0.95	0.95	0.93	42900	-0.02105263157894727	-0.019999999999999907	0.021276595744680753	
723	2014-11-14	0.93	0.93	0.93	0.93	000	0.0	0.0	0.0	
724	2014-11-17	0.93	0.93	0.93	0.93	000	0.0	0.0	0.0	
725	2014-11-18	0.93	0.93	0.93	0.93	000	0.0	0.0	0.0	
726	2014-11-19	0.85	0.88	0.88	0.85	4700	-0.03409090909090912	-0.030000000000000027	0.03468208092485552	
727	2014-11-20	0.82	0.82	0.82	0.82	1000	0.0	0.0	0.0	
728	2014-11-21	0.82	0.82	0.82	0.82	000	0.0	0.0	0.0	
729	2014-11-24	0.83	0.83	0.83	0.83	5000	0.0	0.0	0.0	
730	2014-11-25	0.83	0.83	0.83	0.83	000	0.0	0.0	0.0	
731	2014-11-26	0.85	0.85	0.85	0.85	7000	0.0	0.0	0.0	
732	2014-11-27	0.77	0.85	0.85	0.74	58300	-0.09411764705882349	-0.07999999999999996	0.13580246913580243	
733	2014-11-28	0.77	0.77	0.77	0.77	000	0.0	0.0	0.0	
734	2014-12-01	0.77	0.77	0.77	0.77	000	0.0	0.0	0.0	
735	2014-12-02	0.74	0.74	0.74	0.74	500	0.0	0.0	0.0	
736	2014-12-03	0.78	0.75	0.78	0.75	8500	0.040000000000000036	0.030000000000000027	0.03921568627450984	
737	2014-12-04	0.74	0.75	0.75	0.74	52800	-0.013333333333333345	-0.010000000000000009	0.01342281879194632	
738	2014-12-05	0.70	0.70	0.70	0.70	8000	0.0	0.0	0.0	
739	2014-12-08	0.70	0.70	0.70	0.70	000	0.0	0.0	0.0	
740	2014-12-09	0.63	0.68	0.68	0.56	105600	-0.07352941176470594	-0.050000000000000044	0.18320610687022898	
741	2014-12-10	0.63	0.63	0.65	0.63	139800	0.0	0.0	0.03174603174603177	
742	2014-12-11	0.63	0.63	0.63	0.63	000	0.0	0.0	0.0	
743	2014-12-12	0.63	0.62	0.63	0.62	41600	0.01612903225806453	0.010000000000000009	0.016000000000000014	
744	2014-12-15	0.66	0.63	0.66	0.63	9400	0.04761904761904766	0.030000000000000027	0.046511627906976785	
745	2014-12-16	0.66	0.66	0.66	0.66	000	0.0	0.0	0.0	
746	2014-12-17	0.66	0.66	0.66	0.66	3500	0.0	0.0	0.0	
747	2014-12-18	0.66	0.66	0.66	0.66	000	0.0	0.0	0.0	
748	2014-12-19	0.83	0.85	0.90	0.83	115100	-0.023529411764705903	-0.020000000000000018	0.08333333333333341	
749	2014-12-22	0.83	0.82	0.83	0.82	11000	0.012195121951219523	0.010000000000000009	0.012121212121212133	
750	2014-12-23	0.78	0.78	0.78	0.78	6800	0.0	0.0	0.0	
751	2014-12-24	0.78	0.78	0.78	0.78	000	0.0	0.0	0.0	
752	2014-12-29	0.84	0.82	0.84	0.77	54500	0.024390243902439046	0.020000000000000018	0.0843373493975903	
753	2014-12-30	0.85	0.85	0.86	0.82	49300	0.0	0.0	0.047058823529411806	
754	2014-12-31	0.83	0.83	0.83	0.83	14500	0.0	0.0	0.0	
755	2015-01-02	0.89	0.89	0.89	0.89	2500	0.0	0.0	0.0	
756	2015-01-05	0.85	0.85	0.94	0.85	5800	0.0	0.0	0.10588235294117644	
757	2015-01-06	0.96	0.85	0.96	0.85	28000	0.12941176470588234	0.10999999999999999	0.12154696132596683	
758	2015-01-07	0.96	0.96	0.96	0.96	000	0.0	0.0	0.0	
759	2015-01-08	0.87	0.87	0.87	0.87	000	0.0	0.0	0.0	
760	2015-01-09	0.90	0.90	0.90	0.90	7600	0.0	0.0	0.0	
761	2015-01-12	0.93	0.92	0.93	0.92	12600	0.010869565217391313	0.010000000000000009	0.01081081081081082	
762	2015-01-13	0.94	0.94	0.95	0.90	64500	0.0	0.0	0.05319148936170206	
763	2015-01-14	0.94	0.94	0.94	0.94	000	0.0	0.0	0.0	
764	2015-01-15	0.91	0.91	0.91	0.91	10100	0.0	0.0	0.0	
765	2015-01-16	0.93	0.93	0.93	0.93	25000	0.0	0.0	0.0	
766	2015-01-19	0.93	0.93	0.93	0.93	000	0.0	0.0	0.0	
767	2015-01-20	0.89	0.89	0.89	0.89	000	0.0	0.0	0.0	
768	2015-01-21	0.89	0.89	0.89	0.89	000	0.0	0.0	0.0	
769	2015-01-22	0.89	0.89	0.89	0.89	000	0.0	0.0	0.0	
770	2015-01-23	0.89	0.89	0.89	0.89	40000	0.0	0.0	0.0	
771	2015-01-26	0.89	0.89	0.89	0.89	000	0.0	0.0	0.0	
772	2015-01-27	0.87	0.87	0.87	0.87	5000	0.0	0.0	0.0	
773	2015-01-28	0.87	0.87	0.87	0.87	000	0.0	0.0	0.0	
774	2015-01-29	0.87	0.88	0.92	0.87	18900	-0.011363636363636374	-0.010000000000000009	0.0571428571428572	
775	2015-01-30	0.87	0.87	0.87	0.87	6000	0.0	0.0	0.0	
776	2015-02-02	0.87	0.87	0.87	0.87	000	0.0	0.0	0.0	
777	2015-02-03	0.86	0.86	0.86	0.86	000	0.0	0.0	0.0	
778	2015-02-04	0.88	0.88	0.88	0.88	000	0.0	0.0	0.0	
779	2015-02-05	0.88	0.88	0.88	0.88	2300	0.0	0.0	0.0	
780	2015-02-06	0.88	0.88	0.88	0.88	000	0.0	0.0	0.0	
781	2015-02-09	0.79	0.80	0.80	0.75	12000	-0.012500000000000011	-0.010000000000000009	0.06289308176100634	
782	2015-02-10	0.89	0.80	0.89	0.80	6100	0.11249999999999996	0.08999999999999997	0.10650887573964493	
783	2015-02-11	0.89	0.89	0.89	0.89	000	0.0	0.0	0.0	
784	2015-02-12	1.00	0.91	1.00	0.91	265600	0.09890109890109887	0.08999999999999997	0.09424083769633504	
785	2015-02-13	1.00	1.10	1.18	1.00	110100	-0.09090909090909098	-0.10000000000000009	0.17142857142857137	
786	2015-02-17	1.06	1.02	1.10	1.02	202000	0.03921568627450984	0.040000000000000036	0.07692307692307698	
787	2015-02-18	1.25	1.17	1.30	1.17	288600	0.06837606837606844	0.08000000000000007	0.10743801652892572	
788	2015-02-19	1.30	1.35	1.36	1.25	194100	-0.03703703703703707	-0.050000000000000044	0.08301886792452837	
789	2015-02-20	1.24	1.24	1.24	1.20	45700	0.0	0.0	0.03225806451612906	
790	2015-02-23	1.20	1.23	1.26	1.20	189100	-0.024390243902439046	-0.030000000000000027	0.04938271604938277	
791	2015-02-24	1.15	1.20	1.20	1.15	12000	-0.041666666666666706	-0.050000000000000044	0.04255319148936175	
792	2015-02-25	1.15	1.15	1.15	1.15	000	0.0	0.0	0.0	
793	2015-02-26	1.11	1.11	1.11	1.11	000	0.0	0.0	0.0	
794	2015-02-27	1.34	1.21	1.34	1.21	25900	0.10743801652892572	0.13000000000000012	0.10196078431372559	
795	2015-03-02	1.78	1.35	1.80	1.35	213000	0.3185185185185185	0.42999999999999994	0.2875399361022364	
796	2015-03-03	1.38	1.54	1.54	1.38	216300	-0.10389610389610399	-0.16000000000000014	0.10958904109589052	
797	2015-03-04	1.34	1.36	1.36	1.34	5000	-0.014705882352941188	-0.020000000000000018	0.014814814814814828	
798	2015-03-05	1.34	1.40	1.40	1.24	18300	-0.04285714285714274	-0.05999999999999983	0.11678832116788314	
799	2015-03-06	1.31	1.31	1.31	1.31	2000	0.0	0.0	0.0	
800	2015-03-09	1.31	1.31	1.31	1.31	000	0.0	0.0	0.0	
801	2015-03-10	1.30	1.31	1.31	1.29	52600	-0.007633587786259549	-0.010000000000000009	0.015325670498084303	
802	2015-03-11	1.34	1.34	1.34	1.34	10100	0.0	0.0	0.0	
803	2015-03-12	1.34	1.34	1.34	1.34	000	0.0	0.0	0.0	
804	2015-03-13	1.26	1.34	1.35	1.26	3700	-0.05970149253731348	-0.08000000000000007	0.06923076923076929	
805	2015-03-16	1.25	1.25	1.25	1.25	6500	0.0	0.0	0.0	
806	2015-03-17	1.25	1.26	1.26	1.25	22500	-0.007936507936507943	-0.010000000000000009	0.00796812749003985	
807	2015-03-18	1.22	1.18	1.23	1.18	9300	0.0338983050847458	0.040000000000000036	0.041666666666666706	
808	2015-03-19	1.22	1.22	1.22	1.22	000	0.0	0.0	0.0	
809	2015-03-20	1.15	1.18	1.18	1.12	146600	-0.025423728813559344	-0.030000000000000027	0.051502145922746635	
810	2015-03-23	1.20	1.19	1.20	1.19	2500	0.008403361344537823	0.010000000000000009	0.008368200836820092	
811	2015-03-24	1.20	1.20	1.20	1.20	000	0.0	0.0	0.0	
812	2015-03-25	1.19	1.19	1.19	1.19	000	0.0	0.0	0.0	
813	2015-03-26	1.26	1.24	1.26	1.24	4000	0.01612903225806453	0.020000000000000018	0.016000000000000014	
814	2015-03-27	1.29	1.35	1.35	1.29	13800	-0.04444444444444448	-0.06000000000000005	0.04545454545454549	
815	2015-03-30	1.36	1.36	1.36	1.36	5100	0.0	0.0	0.0	
816	2015-03-31	1.50	1.42	1.50	1.42	51800	0.056338028169014134	0.08000000000000007	0.05479452054794526	
817	2015-04-01	1.80	1.41	1.82	1.41	237100	0.2765957446808512	0.3900000000000001	0.2554517133956387	
818	2015-04-02	1.58	1.66	1.66	1.56	53200	-0.04819277108433726	-0.07999999999999985	0.06172839506172831	
819	2015-04-06	1.58	1.58	1.58	1.58	000	0.0	0.0	0.0	
820	2015-04-07	1.78	1.57	1.80	1.53	120800	0.13375796178343946	0.20999999999999996	0.16119402985074627	
821	2015-04-08	1.75	1.75	1.80	1.68	65600	0.0	0.0	0.06857142857142863	
822	2015-04-09	1.67	1.62	1.67	1.62	86600	0.030864197530864085	0.04999999999999982	0.030395136778115395	
823	2015-04-10	1.65	1.60	1.65	1.60	62100	0.03124999999999989	0.04999999999999982	0.03076923076923066	
824	2015-04-13	1.65	1.65	1.65	1.65	000	0.0	0.0	0.0	
825	2015-04-14	1.70	1.65	1.70	1.65	3700	0.03030303030303033	0.050000000000000044	0.029850746268656747	
826	2015-04-15	1.70	1.70	1.70	1.70	2000	0.0	0.0	0.0	
827	2015-04-16	1.60	1.65	1.65	1.60	111100	-0.030303030303030196	-0.04999999999999982	0.03076923076923066	
828	2015-04-17	1.56	1.60	1.60	1.56	3500	-0.025000000000000022	-0.040000000000000036	0.025316455696202552	
829	2015-04-20	1.60	1.60	1.60	1.60	22500	0.0	0.0	0.0	
830	2015-04-21	1.60	1.60	1.60	1.60	000	0.0	0.0	0.0	
831	2015-04-22	1.56	1.56	1.56	1.56	000	0.0	0.0	0.0	
832	2015-04-23	1.65	1.51	1.65	1.51	45600	0.0927152317880794	0.1399999999999999	0.08860759493670879	
833	2015-04-24	1.58	1.58	1.58	1.58	15000	0.0	0.0	0.0	
834	2015-04-27	1.80	1.67	1.80	1.67	41200	0.07784431137724558	0.13000000000000012	0.07492795389048998	
835	2015-04-28	1.80	1.80	1.80	1.76	220000	0.0	0.0	0.02222222222222224	
836	2015-04-29	1.76	1.80	1.80	1.76	31000	-0.02222222222222224	-0.040000000000000036	0.02247191011235957	
837	2015-04-30	1.80	1.79	1.80	1.79	75000	0.005586592178770954	0.010000000000000009	0.005571030640668529	
838	2015-05-01	1.67	1.80	1.80	1.67	17400	-0.07222222222222228	-0.13000000000000012	0.07492795389048998	
839	2015-05-04	1.67	1.80	1.80	1.67	17800	-0.07222222222222228	-0.13000000000000012	0.07492795389048998	
840	2015-05-05	1.66	1.79	1.79	1.66	115500	-0.07262569832402241	-0.13000000000000012	0.07536231884057977	
841	2015-05-06	1.70	1.70	1.70	1.70	37900	0.0	0.0	0.0	
842	2015-05-07	1.65	1.74	1.75	1.65	188300	-0.05172413793103453	-0.09000000000000008	0.05899705014749268	
843	2015-05-08	1.65	1.65	1.65	1.65	000	0.0	0.0	0.0	
844	2015-05-11	1.60	1.60	1.60	1.60	000	0.0	0.0	0.0	
845	2015-05-12	1.65	1.65	1.65	1.65	7500	0.0	0.0	0.0	
846	2015-05-13	1.62	1.37	1.65	1.37	53500	0.18248175182481752	0.25	0.1872909698996654	
847	2015-05-14	1.60	1.61	1.61	1.60	67800	-0.006211180124223607	-0.010000000000000009	0.006230529595015582	
848	2015-05-15	1.60	1.60	1.60	1.60	000	0.0	0.0	0.0	
849	2015-05-18	1.60	1.60	1.60	1.60	000	0.0	0.0	0.0	
850	2015-05-19	1.58	1.58	1.58	1.58	3500	0.0	0.0	0.0	
851	2015-05-20	1.71	1.71	1.71	1.71	200	0.0	0.0	0.0	
852	2015-05-21	1.71	1.71	1.71	1.71	000	0.0	0.0	0.0	
853	2015-05-22	1.69	1.70	1.74	1.69	36200	-0.005882352941176476	-0.010000000000000009	0.02949852507374634	
854	2015-05-25	1.69	1.69	1.69	1.69	000	0.0	0.0	0.0	
855	2015-05-26	1.40	1.40	1.40	1.40	000	0.0	0.0	0.0	
856	2015-05-27	1.57	1.57	1.57	1.57	000	0.0	0.0	0.0	
857	2015-05-28	1.64	1.64	1.64	1.64	000	0.0	0.0	0.0	
858	2015-05-29	1.70	1.72	1.72	1.70	3500	-0.011627906976744196	-0.020000000000000018	0.01169590643274855	
859	2015-06-01	1.70	1.70	1.70	1.70	000	0.0	0.0	0.0	
860	2015-06-02	1.54	1.54	1.55	1.54	10100	0.0	0.0	0.006493506493506499	
861	2015-06-03	1.54	1.54	1.54	1.54	000	0.0	0.0	0.0	
862	2015-06-04	1.35	1.44	1.44	1.35	11600	-0.0624999999999999	-0.08999999999999986	0.06451612903225797	
863	2015-06-05	1.40	1.40	1.40	1.40	7100	0.0	0.0	0.0	
864	2015-06-08	2.05	1.40	2.05	1.40	321200	0.46428571428571425	0.6499999999999999	0.3768115942028985	
865	2015-06-09	2.00	1.81	2.02	1.62	479300	0.1049723756906077	0.18999999999999995	0.20997375328083984	
866	2015-06-10	1.61	1.82	1.82	1.60	32100	-0.11538461538461536	-0.20999999999999996	0.12827988338192417	
867	2015-06-11	1.70	1.70	1.80	1.69	75400	0.0	0.0	0.06470588235294124	
868	2015-06-12	1.80	1.70	1.80	1.70	26000	0.05882352941176476	0.10000000000000009	0.0571428571428572	
869	2015-06-15	1.70	1.75	1.75	1.70	3800	-0.0285714285714286	-0.050000000000000044	0.028985507246376836	
870	2015-06-16	1.68	1.70	1.70	1.68	24000	-0.011764705882352951	-0.020000000000000018	0.011834319526627229	
871	2015-06-17	1.68	1.68	1.68	1.68	000	0.0	0.0	0.0	
872	2015-06-18	1.60	1.65	1.65	1.60	5800	-0.030303030303030196	-0.04999999999999982	0.03076923076923066	
873	2015-06-19	1.65	1.60	1.65	1.60	9800	0.03124999999999989	0.04999999999999982	0.03076923076923066	
874	2015-06-22	1.65	1.65	1.65	1.65	000	0.0	0.0	0.0	
875	2015-06-23	1.60	1.60	1.60	1.60	35000	0.0	0.0	0.0	
876	2015-06-24	1.60	1.60	1.60	1.60	15000	0.0	0.0	0.0	
877	2015-06-25	1.60	1.60	1.60	1.53	46900	0.0	0.0	0.04375000000000004	
878	2015-06-26	1.60	1.60	1.60	1.60	000	0.0	0.0	0.0	
879	2015-06-29	1.60	1.60	1.60	1.60	5300	0.0	0.0	0.0	
880	2015-06-30	1.60	1.60	1.60	1.60	000	0.0	0.0	0.0	
881	2015-07-02	1.59	1.59	1.59	1.59	3100	0.0	0.0	0.0	
882	2015-07-03	1.59	1.59	1.59	1.59	000	0.0	0.0	0.0	
883	2015-07-06	1.51	1.51	1.51	1.51	000	0.0	0.0	0.0	
884	2015-07-07	1.53	1.53	1.53	1.53	10300	0.0	0.0	0.0	
885	2015-07-08	1.20	1.51	1.51	1.16	261900	-0.20529801324503313	-0.31000000000000005	0.2583025830258303	
886	2015-07-09	1.30	1.30	1.35	1.28	94100	0.0	0.0	0.05384615384615389	
887	2015-07-10	1.30	1.30	1.30	1.30	000	0.0	0.0	0.0	
888	2015-07-13	1.45	1.42	1.46	1.42	18400	0.021126760563380302	0.030000000000000027	0.027874564459930338	
889	2015-07-14	1.43	1.45	1.65	1.43	9200	-0.013793103448275874	-0.020000000000000018	0.15277777777777776	
890	2015-07-15	1.43	1.43	1.43	1.43	000	0.0	0.0	0.0	
891	2015-07-16	1.25	1.25	1.25	1.25	1800	0.0	0.0	0.0	
892	2015-07-17	1.25	1.25	1.25	1.25	000	0.0	0.0	0.0	
893	2015-07-20	1.50	1.49	1.50	1.45	10400	0.00671140939597316	0.010000000000000009	0.03344481605351173	
894	2015-07-21	1.50	1.50	1.50	1.50	000	0.0	0.0	0.0	
895	2015-07-22	1.31	1.31	1.31	1.31	000	0.0	0.0	0.0	
896	2015-07-23	1.31	1.31	1.31	1.31	000	0.0	0.0	0.0	
897	2015-07-24	1.35	1.36	1.36	1.28	11600	-0.007352941176470594	-0.010000000000000009	0.05904059040590411	
898	2015-07-27	1.35	1.35	1.35	1.35	000	0.0	0.0	0.0	
899	2015-07-28	1.35	1.35	1.35	1.35	000	0.0	0.0	0.0	
900	2015-07-29	1.26	1.26	1.26	1.26	000	0.0	0.0	0.0	
901	2015-07-30	1.45	1.45	1.45	1.45	2500	0.0	0.0	0.0	
902	2015-07-31	1.45	1.45	1.45	1.45	000	0.0	0.0	0.0	
903	2015-08-04	1.60	1.52	1.60	1.52	9900	0.05263157894736847	0.08000000000000007	0.05128205128205133	
904	2015-08-05	1.60	1.60	1.60	1.60	000	0.0	0.0	0.0	
905	2015-08-06	1.55	1.55	1.55	1.55	000	0.0	0.0	0.0	
906	2015-08-07	1.59	1.72	1.72	1.54	10300	-0.07558139534883715	-0.1299999999999999	0.1087613293051359	
907	2015-08-10	1.59	1.59	1.59	1.59	000	0.0	0.0	0.0	
908	2015-08-11	1.55	1.55	1.55	1.55	000	0.0	0.0	0.0	
909	2015-08-12	1.38	1.38	1.38	1.38	000	0.0	0.0	0.0	
910	2015-08-13	1.38	1.38	1.38	1.38	000	0.0	0.0	0.0	
911	2015-08-14	1.59	1.59	1.59	1.59	3100	0.0	0.0	0.0	
912	2015-08-17	1.59	1.59	1.59	1.59	000	0.0	0.0	0.0	
913	2015-08-18	1.59	1.59	1.59	1.59	200	0.0	0.0	0.0	
914	2015-08-19	1.50	1.55	1.55	1.50	300	-0.03225806451612906	-0.050000000000000044	0.03278688524590167	
915	2015-08-20	1.50	1.50	1.50	1.50	000	0.0	0.0	0.0	
916	2015-08-21	1.40	1.50	1.50	1.40	29800	-0.06666666666666672	-0.10000000000000009	0.06896551724137938	
917	2015-08-24	1.58	1.22	1.58	1.22	2600	0.29508196721311486	0.3600000000000001	0.25714285714285723	
918	2015-08-25	1.30	1.35	1.35	1.30	3900	-0.03703703703703707	-0.050000000000000044	0.0377358490566038	
919	2015-08-26	1.28	1.35	1.38	1.28	3400	-0.05185185185185189	-0.07000000000000006	0.07604562737642576	
920	2015-08-27	1.28	1.28	1.28	1.28	000	0.0	0.0	0.0	
921	2015-08-28	1.95	1.78	2.00	1.75	541600	0.09550561797752805	0.16999999999999993	0.13404825737265416	
922	2015-08-31	1.93	1.99	2.00	1.72	262300	-0.030150753768844248	-0.06000000000000005	0.14285714285714288	
923	2015-09-01	1.84	1.85	1.85	1.70	36000	-0.00540540540540541	-0.010000000000000009	0.08130081300813015	
924	2015-09-02	1.85	1.74	1.85	1.69	93100	0.06321839080459776	0.1100000000000001	0.08913649025069646	
925	2015-09-03	1.83	1.85	1.85	1.73	8900	-0.01081081081081082	-0.020000000000000018	0.06521739130434788	
926	2015-09-04	1.84	1.83	1.85	1.76	51800	0.005464480874316944	0.010000000000000009	0.0490463215258856	
927	2015-09-08	1.77	1.78	1.88	1.77	71000	-0.005617977528089893	-0.010000000000000009	0.061971830985915424	
928	2015-09-09	1.70	1.87	1.87	1.65	16100	-0.09090909090909098	-0.17000000000000015	0.12324929971988806	
929	2015-09-10	1.71	1.74	1.74	1.60	11800	-0.017241379310344845	-0.030000000000000027	0.08115942028985501	
930	2015-09-11	1.90	1.73	1.90	1.73	6900	0.09826589595375719	0.16999999999999993	0.09366391184572999	
931	2015-09-14	1.73	1.73	1.81	1.73	26100	0.0	0.0	0.04624277456647403	
932	2015-09-15	2.00	1.74	2.00	1.70	106100	0.14942528735632185	0.26	0.16042780748663102	
933	2015-09-16	1.91	1.92	1.92	1.90	6600	-0.005208333333333338	-0.010000000000000009	0.010443864229765022	
934	2015-09-17	1.90	1.90	1.90	1.87	6500	0.0	0.0	0.015789473684210423	
935	2015-09-18	1.80	1.80	1.80	1.79	3400	0.0	0.0	0.00555555555555556	
936	2015-09-21	1.70	1.80	1.85	1.70	10300	-0.0555555555555556	-0.10000000000000009	0.08571428571428578	
937	2015-09-22	1.70	1.75	1.76	1.70	19400	-0.0285714285714286	-0.050000000000000044	0.0347826086956522	
938	2015-09-23	1.95	1.70	2.04	1.65	234500	0.14705882352941177	0.25	0.21369863013698637	
939	2015-09-24	1.82	1.84	1.84	1.82	23100	-0.010869565217391313	-0.020000000000000018	0.010928961748633888	
940	2015-09-25	1.75	1.84	1.84	1.72	2900	-0.04891304347826091	-0.09000000000000008	0.06685236768802234	
941	2015-09-28	1.75	1.82	1.83	1.75	8000	-0.03846153846153849	-0.07000000000000006	0.04481792717086838	
942	2015-09-29	1.75	1.83	1.83	1.75	2300	-0.043715846994535554	-0.08000000000000007	0.044692737430167634	
943	2015-09-30	1.66	1.76	1.76	1.66	1700	-0.05681818181818187	-0.10000000000000009	0.05847953216374274	
944	2015-10-01	1.80	1.81	1.81	1.80	900	-0.005524861878453044	-0.010000000000000009	0.005540166204986154	
945	2015-10-02	1.66	1.80	1.80	1.66	5400	-0.07777777777777785	-0.14000000000000012	0.08092485549132955	
946	2015-10-05	1.66	1.66	1.66	1.66	000	0.0	0.0	0.0	
947	2015-10-06	1.57	1.60	1.60	1.57	2700	-0.018750000000000017	-0.030000000000000027	0.0189274447949527	
948	2015-10-07	1.58	1.62	1.62	1.55	32100	-0.024691358024691377	-0.040000000000000036	0.04375000000000004	
949	2015-10-08	1.85	1.79	1.85	1.77	13100	0.033519553072625725	0.06000000000000005	0.043956043956043994	
950	2015-10-09	1.89	1.90	1.90	1.83	11700	-0.005263157894736847	-0.010000000000000009	0.03693931398416878	
951	2015-10-13	1.85	1.85	1.88	1.85	14500	0.0	0.0	0.01621621621621611	
952	2015-10-14	1.84	1.85	1.85	1.84	2400	-0.00540540540540541	-0.010000000000000009	0.00542005420054201	
953	2015-10-15	1.84	1.84	1.84	1.84	000	0.0	0.0	0.0	
954	2015-10-16	1.73	1.83	1.83	1.67	13700	-0.054644808743169446	-0.10000000000000009	0.08988764044943828	
955	2015-10-19	1.85	1.85	1.85	1.85	6400	0.0	0.0	0.0	
956	2015-10-20	1.75	1.80	1.80	1.75	2100	-0.0277777777777778	-0.050000000000000044	0.028169014084507067	
957	2015-10-21	1.80	1.80	1.80	1.80	000	0.0	0.0	0.0	
958	2015-10-22	1.80	1.80	1.80	1.80	3600	0.0	0.0	0.0	
959	2015-10-23	1.78	1.80	1.80	1.78	1400	-0.01111111111111112	-0.020000000000000018	0.011173184357541908	
960	2015-10-26	1.75	1.75	1.78	1.75	10200	0.0	0.0	0.017142857142857158	
961	2015-10-27	1.80	1.80	1.80	1.80	600	0.0	0.0	0.0	
962	2015-10-28	1.76	1.70	1.76	1.70	3500	0.03529411764705886	0.06000000000000005	0.03468208092485552	
963	2015-10-29	1.70	1.70	1.70	1.70	500	0.0	0.0	0.0	
964	2015-10-30	1.75	1.77	1.77	1.75	1400	-0.011299435028248598	-0.020000000000000018	0.011363636363636374	
965	2015-11-02	1.79	1.75	1.80	1.75	3400	0.022857142857142878	0.040000000000000036	0.028248587570621493	
966	2015-11-03	1.72	1.79	1.79	1.72	3200	-0.03910614525139668	-0.07000000000000006	0.03988603988603993	
967	2015-11-04	1.80	1.72	1.80	1.70	22000	0.046511627906976785	0.08000000000000007	0.05681818181818187	
968	2015-11-05	1.72	1.78	1.78	1.70	16900	-0.03370786516853935	-0.06000000000000005	0.045714285714285756	
969	2015-11-06	1.74	1.69	1.74	1.69	4600	0.029585798816568074	0.050000000000000044	0.029154518950437348	
970	2015-11-09	1.74	1.74	1.74	1.74	100	0.0	0.0	0.0	
971	2015-11-10	1.64	1.61	1.64	1.61	2600	0.018633540372670686	0.029999999999999805	0.018461538461538342	
972	2015-11-11	1.78	1.66	1.78	1.65	6800	0.07228915662650609	0.1200000000000001	0.07558139534883727	
973	2015-11-12	1.70	1.66	1.70	1.66	8000	0.024096385542168697	0.040000000000000036	0.023809523809523832	
974	2015-11-13	1.78	1.68	1.78	1.68	4200	0.059523809523809576	0.10000000000000009	0.05780346820809254	
975	2015-11-16	1.65	1.75	1.75	1.65	15500	-0.0571428571428572	-0.10000000000000009	0.05882352941176476	
976	2015-11-17	1.65	1.65	1.65	1.61	40600	0.0	0.0	0.02424242424242413	
977	2015-11-18	1.70	1.68	1.70	1.68	5800	0.011904761904761916	0.020000000000000018	0.011834319526627229	
978	2015-11-19	1.59	1.70	1.70	1.58	29600	-0.0647058823529411	-0.10999999999999988	0.07294832826747713	
979	2015-11-20	1.50	1.58	1.58	1.45	11100	-0.050632911392405104	-0.08000000000000007	0.08441558441558449	
980	2015-11-23	1.56	1.57	1.58	1.56	56400	-0.006369426751592362	-0.010000000000000009	0.012779552715654964	
981	2015-11-24	1.50	1.55	1.55	1.49	40500	-0.03225806451612906	-0.050000000000000044	0.039344262295082005	
982	2015-11-25	1.49	1.50	1.52	1.49	13500	-0.006666666666666672	-0.010000000000000009	0.02006688963210704	
983	2015-11-26	1.49	1.49	1.49	1.49	000	0.0	0.0	0.0	
984	2015-11-27	1.58	1.58	1.58	1.55	1800	0.0	0.0	0.018987341772151913	
985	2015-11-30	1.58	1.58	1.58	1.58	000	0.0	0.0	0.0	
986	2015-12-01	1.58	1.58	1.58	1.58	000	0.0	0.0	0.0	
987	2015-12-02	1.58	1.58	1.58	1.58	000	0.0	0.0	0.0	
988	2015-12-03	1.55	1.57	1.57	1.55	4600	-0.012738853503184724	-0.020000000000000018	0.012820512820512832	
989	2015-12-04	1.645	1.60	1.65	1.60	700	0.028124999999999956	0.04499999999999993	0.0308166409861324	
990	2015-12-07	1.76	1.55	1.76	1.55	10300	0.13548387096774192	0.20999999999999996	0.12688821752265858	
991	2015-12-08	1.65	1.76	1.77	1.65	7200	-0.06250000000000006	-0.1100000000000001	0.07038123167155431	
992	2015-12-09	1.69	1.69	1.69	1.69	100	0.0	0.0	0.0	
993	2015-12-10	1.69	1.76	1.76	1.69	5700	-0.03977272727272731	-0.07000000000000006	0.04057971014492757	
994	2015-12-11	1.69	1.69	1.69	1.69	000	0.0	0.0	0.0	
995	2015-12-14	1.60	1.60	1.65	1.51	7800	0.0	0.0	0.08749999999999994	
996	2015-12-15	1.61	1.52	1.61	1.52	800	0.059210526315789526	0.09000000000000008	0.05750798722044734	
997	2015-12-16	1.56	1.60	1.65	1.56	1700	-0.025000000000000022	-0.040000000000000036	0.056962025316455604	
998	2015-12-17	1.56	1.56	1.56	1.56	000	0.0	0.0	0.0	
999	2015-12-18	1.56	1.56	1.56	1.56	000	0.0	0.0	0.0	
1000	2015-12-21	1.55	1.60	1.60	1.55	5100	-0.03125000000000003	-0.050000000000000044	0.03174603174603177	
1001	2015-12-22	1.52	1.54	1.54	1.52	4100	-0.012987012987012998	-0.020000000000000018	0.013071895424836612	
1002	2015-12-23	1.69	1.52	1.69	1.49	6100	0.11184210526315784	0.16999999999999993	0.1246105919003115	
1003	2015-12-24	1.69	1.69	1.69	1.69	100	0.0	0.0	0.0	
1004	2015-12-29	1.66	1.66	1.66	1.64	11700	0.0	0.0	0.012048192771084348	
1005	2015-12-30	1.65	1.66	1.66	1.65	3200	-0.006024096385542174	-0.010000000000000009	0.006042296072507559	
1006	2015-12-31	1.65	1.65	1.65	1.65	000	0.0	0.0	0.0	
1007	2016-01-04	1.65	1.65	1.65	1.65	100	0.0	0.0	0.0	
1008	2016-01-05	1.59	1.59	1.59	1.59	5100	0.0	0.0	0.0	
1009	2016-01-06	1.50	1.58	1.58	1.49	25600	-0.050632911392405104	-0.08000000000000007	0.05844155844155849	
1010	2016-01-07	1.50	1.50	1.52	1.50	29800	0.0	0.0	0.013333333333333345	
1011	2016-01-08	1.50	1.52	1.52	1.50	14600	-0.013157894736842117	-0.020000000000000018	0.013245033112582794	
1012	2016-01-11	1.60	1.76	1.76	1.60	10400	-0.09090909090909087	-0.15999999999999992	0.09523809523809518	
1013	2016-01-12	1.74	1.75	1.78	1.59	20000	-0.0057142857142857195	-0.010000000000000009	0.10888252148997131	
1014	2016-01-13	1.68	1.74	1.74	1.58	7900	-0.03448275862068969	-0.06000000000000005	0.09356725146198826	
1015	2016-01-14	1.73	1.70	1.73	1.70	6100	0.01764705882352943	0.030000000000000027	0.01749271137026241	
1016	2016-01-15	1.74	1.74	1.74	1.74	4500	0.0	0.0	0.0	
1017	2016-01-18	1.66	1.74	1.74	1.63	3200	-0.045977011494252915	-0.08000000000000007	0.06470588235294124	
1018	2016-01-19	1.68	1.70	1.70	1.68	2200	-0.011764705882352951	-0.020000000000000018	0.011834319526627229	
1019	2016-01-20	1.52	1.60	1.68	1.52	28500	-0.050000000000000044	-0.08000000000000007	0.1025641025641025	
1020	2016-01-21	1.50	1.63	1.65	1.50	44000	-0.07975460122699381	-0.1299999999999999	0.09584664536741208	
1021	2016-01-22	1.60	1.56	1.60	1.56	4500	0.025641025641025664	0.040000000000000036	0.025316455696202552	
1022	2016-01-25	1.56	1.56	1.56	1.56	1100	0.0	0.0	0.0	
1023	2016-01-26	1.68	1.65	1.68	1.65	11100	0.0181818181818182	0.030000000000000027	0.018018018018018035	
1024	2016-01-27	1.56	1.65	1.65	1.56	2000	-0.05454545454545446	-0.08999999999999986	0.056074766355140096	
1025	2016-01-28	1.56	1.56	1.56	1.56	000	0.0	0.0	0.0	
1026	2016-01-29	1.60	1.60	1.60	1.56	3800	0.0	0.0	0.025000000000000022	
1027	2016-02-01	1.60	1.60	1.60	1.60	000	0.0	0.0	0.0	
1028	2016-02-02	1.60	1.63	1.63	1.60	1400	-0.018404907975460003	-0.029999999999999805	0.018575851393188732	
1029	2016-02-03	1.60	1.60	1.60	1.60	000	0.0	0.0	0.0	
1030	2016-02-04	1.60	1.60	1.60	1.60	1100	0.0	0.0	0.0	
1031	2016-02-05	1.65	1.65	1.65	1.65	1000	0.0	0.0	0.0	
1032	2016-02-08	1.70	1.70	1.70	1.70	1100	0.0	0.0	0.0	
1033	2016-02-09	1.60	1.60	1.60	1.60	200	0.0	0.0	0.0	
1034	2016-02-10	1.59	1.60	1.60	1.52	900	-0.0062500000000000056	-0.010000000000000009	0.050156739811912265	
1035	2016-02-11	1.64	1.51	1.68	1.50	12000	0.086092715231788	0.1299999999999999	0.11428571428571425	
1036	2016-02-12	1.50	1.50	1.50	1.45	25100	0.0	0.0	0.03333333333333336	
1037	2016-02-16	1.44	1.44	1.44	1.44	200	0.0	0.0	0.0	
1038	2016-02-17	1.41	1.44	1.46	1.41	7000	-0.020833333333333353	-0.030000000000000027	0.03508771929824565	
1039	2016-02-18	1.35	1.41	1.41	1.33	9700	-0.04255319148936158	-0.05999999999999983	0.05797101449275352	
1040	2016-02-19	1.34	1.35	1.36	1.31	41100	-0.007407407407407414	-0.010000000000000009	0.03717472118959111	
1041	2016-02-22	1.30	1.35	1.35	1.30	16400	-0.03703703703703707	-0.050000000000000044	0.0377358490566038	
1042	2016-02-23	1.24	1.30	1.30	1.24	45700	-0.04615384615384619	-0.06000000000000005	0.04724409448818902	
1043	2016-02-24	1.27	1.25	1.27	1.24	15700	0.016000000000000014	0.020000000000000018	0.02380952380952383	
1044	2016-02-25	1.40	1.25	1.40	1.25	9600	0.11999999999999993	0.1499999999999999	0.11320754716981125	
1045	2016-02-26	1.30	1.35	1.35	1.30	1100	-0.03703703703703707	-0.050000000000000044	0.0377358490566038	
1046	2016-02-29	1.35	1.35	1.35	1.35	10300	0.0	0.0	0.0	
1047	2016-03-01	1.32	1.38	1.38	1.27	10100	-0.0434782608695651	-0.05999999999999983	0.08148148148148139	
1048	2016-03-02	1.38	1.39	1.40	1.36	18600	-0.007194244604316554	-0.010000000000000009	0.02888086642599265	
1049	2016-03-03	1.31	1.38	1.38	1.31	6500	-0.050724637681159306	-0.06999999999999984	0.05204460966542739	
1050	2016-03-04	1.40	1.40	1.40	1.40	15300	0.0	0.0	0.0	
1051	2016-03-07	1.40	1.40	1.40	1.40	16200	0.0	0.0	0.0	
1052	2016-03-08	1.40	1.40	1.40	1.40	4000	0.0	0.0	0.0	
1053	2016-03-09	1.28	1.40	1.40	1.28	14900	-0.08571428571428563	-0.11999999999999988	0.08955223880597007	
1054	2016-03-10	1.40	1.30	1.40	1.30	2000	0.07692307692307682	0.09999999999999987	0.07407407407407397	
1055	2016-03-11	1.40	1.35	1.40	1.35	2000	0.0370370370370369	0.04999999999999982	0.03636363636363624	
1056	2016-03-14	1.40	1.40	1.40	1.40	12000	0.0	0.0	0.0	
1057	2016-03-15	1.40	1.40	1.40	1.40	9500	0.0	0.0	0.0	
1058	2016-03-16	1.39	1.40	1.40	1.39	3700	-0.00714285714285715	-0.010000000000000009	0.007168458781362013	
1059	2016-03-17	1.35	1.39	1.39	1.35	1200	-0.028776978417266053	-0.039999999999999813	0.029197080291970663	
1060	2016-03-18	1.36	1.36	1.36	1.36	3000	0.0	0.0	0.0	
1061	2016-03-21	1.29	1.35	1.36	1.29	1900	-0.04444444444444448	-0.06000000000000005	0.05303030303030307	
1062	2016-03-22	1.30	1.29	1.30	1.25	9600	0.007751937984496131	0.010000000000000009	0.038610038610038644	
1063	2016-03-23	1.30	1.30	1.30	1.30	000	0.0	0.0	0.0	
1064	2016-03-24	1.30	1.30	1.30	1.30	000	0.0	0.0	0.0	
1065	2016-03-28	1.35	1.31	1.35	1.31	5500	0.030534351145038195	0.040000000000000036	0.030075187969924838	
1066	2016-03-29	1.26	1.35	1.35	1.26	18000	-0.06666666666666672	-0.09000000000000008	0.06896551724137936	
1067	2016-03-30	1.25	1.28	1.29	1.25	5800	-0.02343750000000002	-0.030000000000000027	0.03162055335968382	
1068	2016-03-31	1.21	1.30	1.30	1.21	21800	-0.06923076923076929	-0.09000000000000008	0.07171314741035864	
1069	2016-04-01	1.17	1.24	1.24	1.17	14700	-0.05645161290322586	-0.07000000000000006	0.05809128630705399	
1070	2016-04-04	1.28	1.27	1.35	1.27	51600	0.007874015748031503	0.010000000000000009	0.06274509803921574	
1071	2016-04-05	1.23	1.28	1.30	1.22	68200	-0.039062500000000035	-0.050000000000000044	0.0637450199203188	
1072	2016-04-06	1.28	1.28	1.28	1.22	20400	0.0	0.0	0.04687500000000004	
1073	2016-04-07	1.22	1.27	1.27	1.22	17000	-0.039370078740157514	-0.050000000000000044	0.04016064257028116	
1074	2016-04-08	1.26	1.24	1.26	1.24	8900	0.01612903225806453	0.020000000000000018	0.016000000000000014	
1075	2016-04-11	1.26	1.28	1.29	1.26	9700	-0.015625000000000014	-0.020000000000000018	0.02362204724409451	
1076	2016-04-12	1.30	1.27	1.30	1.24	25100	0.02362204724409451	0.030000000000000027	0.046692607003891086	
1077	2016-04-13	1.36	1.38	1.40	1.27	22900	-0.014492753623188259	-0.019999999999999796	0.09489051094890502	
1078	2016-04-14	1.31	1.35	1.35	1.25	24100	-0.029629629629629655	-0.040000000000000036	0.0751879699248121	
1079	2016-04-15	1.39	1.31	1.40	1.31	114300	0.061068702290076216	0.07999999999999985	0.06666666666666655	
1080	2016-04-18	1.65	1.40	1.92	1.38	298200	0.17857142857142858	0.25	0.35409836065573774	
1081	2016-04-19	1.61	1.60	1.65	1.39	121700	0.0062500000000000056	0.010000000000000009	0.161993769470405	
1082	2016-04-20	1.41	1.50	1.59	1.41	102100	-0.06000000000000005	-0.09000000000000008	0.12371134020618567	
1083	2016-04-21	1.45	1.42	1.46	1.42	79000	0.021126760563380302	0.030000000000000027	0.027874564459930338	
1084	2016-04-22	1.45	1.45	1.46	1.41	31400	0.0	0.0	0.03448275862068969	
1085	2016-04-25	1.48	1.53	1.55	1.42	23900	-0.03267973856209153	-0.050000000000000044	0.08637873754152832	
1086	2016-04-26	1.50	1.50	1.60	1.48	22700	0.0	0.0	0.08000000000000007	
1087	2016-04-27	1.53	1.53	1.53	1.52	16800	0.0	0.0	0.006535947712418306	
1088	2016-04-28	1.57	1.54	1.59	1.54	14400	0.019480519480519497	0.030000000000000027	0.03215434083601289	
1089	2016-04-29	1.49	1.57	1.57	1.49	11300	-0.0509554140127389	-0.08000000000000007	0.05228758169934645	
1090	2016-05-02	1.41	1.49	1.51	1.41	23800	-0.05369127516778528	-0.08000000000000007	0.06896551724137938	
1091	2016-05-03	1.47	1.47	1.51	1.42	14300	0.0	0.0	0.06122448979591842	
1092	2016-05-04	1.50	1.47	1.53	1.41	19000	0.02040816326530614	0.030000000000000027	0.08080808080808088	
1093	2016-05-05	1.50	1.52	1.55	1.50	14000	-0.013157894736842117	-0.020000000000000018	0.033112582781456984	
1094	2016-05-06	1.51	1.50	1.52	1.50	3400	0.006666666666666672	0.010000000000000009	0.01328903654485051	
1095	2016-05-09	1.55	1.52	1.57	1.50	31300	0.019736842105263174	0.030000000000000027	0.04560260586319222	
1096	2016-05-10	1.47	1.56	1.56	1.47	4400	-0.057692307692307744	-0.09000000000000008	0.05940594059405945	
1097	2016-05-11	1.40	1.47	1.55	1.37	44900	-0.047619047619047665	-0.07000000000000006	0.12543554006968635	
1098	2016-05-12	1.53	1.47	1.53	1.43	16200	0.04081632653061228	0.06000000000000005	0.06666666666666672	
1099	2016-05-13	1.48	1.53	1.53	1.48	2800	-0.03267973856209153	-0.050000000000000044	0.033222591362126276	
1100	2016-05-16	1.51	1.48	1.54	1.48	17200	0.02027027027027029	0.030000000000000027	0.04013377926421408	
1101	2016-05-17	1.53	1.56	1.57	1.50	33300	-0.019230769230769246	-0.030000000000000027	0.04530744336569584	
1102	2016-05-18	1.55	1.53	1.55	1.53	36500	0.013071895424836612	0.020000000000000018	0.012987012987012998	
1103	2016-05-19	1.58	1.51	1.60	1.51	93100	0.04635761589403978	0.07000000000000006	0.05825242718446608	
1104	2016-05-20	1.63	1.59	1.63	1.53	8500	0.025157232704402396	0.039999999999999813	0.06211180124223595	
1105	2016-05-24	1.72	1.71	1.76	1.64	52800	0.005847953216374275	0.010000000000000009	0.06997084548104963	
1106	2016-05-25	1.88	1.77	1.94	1.77	101900	0.06214689265536716	0.10999999999999988	0.09315068493150681	
1107	2016-05-26	1.93	1.90	1.94	1.86	141900	0.01578947368421054	0.030000000000000027	0.04177545691905997	
1108	2016-05-27	1.86	1.84	1.87	1.79	62100	0.010869565217391313	0.020000000000000018	0.04324324324324328	
1109	2016-05-30	1.87	1.85	1.87	1.85	10400	0.01081081081081082	0.020000000000000018	0.01075268817204302	
1110	2016-05-31	1.88	1.87	1.95	1.85	131600	0.005347593582887587	0.009999999999999787	0.05333333333333326	
1111	2016-06-01	1.88	1.90	1.93	1.88	37500	-0.010526315789473694	-0.020000000000000018	0.02645502645502648	
1112	2016-06-02	1.82	1.91	1.91	1.82	28000	-0.047120418848167464	-0.08999999999999986	0.04825737265415542	
1113	2016-06-03	1.87	1.91	1.91	1.83	6300	-0.020942408376963255	-0.039999999999999813	0.04232804232804224	
1114	2016-06-06	1.82	1.85	1.85	1.79	40800	-0.01621621621621623	-0.030000000000000027	0.03269754768392374	
1115	2016-06-07	1.83	1.82	1.83	1.77	60500	0.005494505494505499	0.010000000000000009	0.03287671232876715	
1116	2016-06-08	1.94	1.83	1.95	1.78	131200	0.06010928961748627	0.10999999999999988	0.09018567639257291	
1117	2016-06-09	1.88	1.90	1.90	1.78	46900	-0.010526315789473694	-0.020000000000000018	0.06349206349206343	
1118	2016-06-10	1.84	1.75	1.84	1.65	136700	0.051428571428571476	0.09000000000000008	0.10584958217270204	
1119	2016-06-13	1.74	1.77	1.77	1.67	19200	-0.016949152542372895	-0.030000000000000027	0.05698005698005704	
1120	2016-06-14	1.60	1.71	1.71	1.58	55300	-0.06432748538011689	-0.10999999999999988	0.07854984894259812	
1121	2016-06-15	1.62	1.65	1.65	1.62	5500	-0.018181818181818063	-0.029999999999999805	0.01834862385321089	
1122	2016-06-16	1.62	1.63	1.63	1.57	31700	-0.006134969325153244	-0.009999999999999787	0.03692307692307682	
1123	2016-06-17	1.62	1.70	1.70	1.62	6200	-0.047058823529411674	-0.07999999999999985	0.048192771084337255	
1124	2016-06-20	1.70	1.70	1.70	1.70	14700	0.0	0.0	0.0	
1125	2016-06-21	1.70	1.71	1.71	1.70	900	-0.005847953216374275	-0.010000000000000009	0.005865102639296193	
1126	2016-06-22	1.75	1.76	1.76	1.75	3000	-0.005681818181818187	-0.010000000000000009	0.0056980056980057035	
1127	2016-06-23	1.78	1.77	1.78	1.77	5700	0.005649717514124299	0.010000000000000009	0.005633802816901414	
1128	2016-06-24	1.70	1.70	1.70	1.58	112300	0.0	0.0	0.07058823529411758	
1129	2016-06-27	1.63	1.61	1.64	1.58	11100	0.012422360248447077	0.019999999999999796	0.03703703703703693	
1130	2016-06-28	1.50	1.63	1.63	1.50	14400	-0.07975460122699381	-0.1299999999999999	0.08306709265175713	
1131	2016-06-29	1.60	1.57	1.60	1.57	17600	0.019108280254777087	0.030000000000000027	0.0189274447949527	
1132	2016-06-30	1.61	1.60	1.66	1.60	92600	0.0062500000000000056	0.010000000000000009	0.03738317757009335	
1133	2016-07-04	1.61	1.61	1.61	1.60	41700	0.0	0.0	0.006211180124223607	
1134	2016-07-05	1.55	1.63	1.63	1.55	49800	-0.049079754601226905	-0.07999999999999985	0.050314465408804944	
1135	2016-07-06	1.59	1.52	1.59	1.50	32600	0.04605263157894741	0.07000000000000006	0.0578778135048232	
1136	2016-07-07	1.58	1.57	1.58	1.57	1400	0.006369426751592362	0.010000000000000009	0.006349206349206354	
1137	2016-07-08	1.50	1.58	1.58	1.50	13400	-0.050632911392405104	-0.08000000000000007	0.05194805194805199	
1138	2016-07-11	1.54	1.51	1.56	1.50	41200	0.01986754966887419	0.030000000000000027	0.039344262295082005	
1139	2016-07-12	1.51	1.55	1.55	1.49	12200	-0.025806451612903247	-0.040000000000000036	0.03921568627450984	
1140	2016-07-13	1.49	1.51	1.57	1.49	15200	-0.013245033112582794	-0.020000000000000018	0.05333333333333338	
1141	2016-07-14	1.51	1.50	1.51	1.50	15600	0.006666666666666672	0.010000000000000009	0.006644518272425255	
1142	2016-07-15	1.51	1.51	1.55	1.51	12100	0.0	0.0	0.026490066225165587	
1143	2016-07-18	1.44	1.50	1.50	1.41	44700	-0.040000000000000036	-0.06000000000000005	0.06122448979591842	
1144	2016-07-19	1.50	1.44	1.50	1.44	74600	0.041666666666666706	0.06000000000000005	0.04081632653061228	
1145	2016-07-20	1.45	1.50	1.50	1.44	17700	-0.03333333333333336	-0.050000000000000044	0.04067796610169495	
1146	2016-07-21	1.44	1.49	1.49	1.41	12300	-0.0335570469798658	-0.050000000000000044	0.054607508532423264	
1147	2016-07-22	1.45	1.40	1.48	1.38	74000	0.03571428571428575	0.050000000000000044	0.0701754385964913	
1148	2016-07-25	1.55	1.43	1.56	1.43	50800	0.08391608391608399	0.1200000000000001	0.08724832214765109	
1149	2016-07-26	1.45	1.55	1.55	1.45	35100	-0.06451612903225812	-0.10000000000000009	0.06666666666666672	
1150	2016-07-27	1.37	1.47	1.47	1.37	26200	-0.06802721088435365	-0.09999999999999987	0.07042253521126751	
1151	2016-07-28	1.46	1.44	1.50	1.39	99300	0.013888888888888902	0.020000000000000018	0.07586206896551731	
1152	2016-07-29	1.47	1.50	1.50	1.45	82400	-0.020000000000000018	-0.030000000000000027	0.033670033670033704	
1153	2016-08-02	1.47	1.50	1.50	1.45	83100	-0.020000000000000018	-0.030000000000000027	0.033670033670033704	
1154	2016-08-03	1.49	1.45	1.49	1.45	12300	0.027586206896551748	0.040000000000000036	0.02721088435374152	
1155	2016-08-04	1.45	1.48	1.48	1.42	37100	-0.02027027027027029	-0.030000000000000027	0.040955631399317446	
1156	2016-08-05	1.45	1.44	1.47	1.41	38700	0.006944444444444451	0.010000000000000009	0.04152249134948101	
1157	2016-08-08	1.41	1.41	1.41	1.40	6400	0.0	0.0	0.0070921985815602905	
1158	2016-08-09	1.39	1.41	1.41	1.38	17800	-0.014184397163120581	-0.020000000000000018	0.02142857142857145	
1159	2016-08-10	1.37	1.38	1.43	1.37	23700	-0.007246376811594049	-0.009999999999999787	0.043636363636363515	
1160	2016-08-11	1.50	1.38	1.52	1.37	5100	0.08695652173913052	0.1200000000000001	0.1041666666666666	
1161	2016-08-12	1.50	1.49	1.50	1.41	21700	0.00671140939597316	0.010000000000000009	0.06020066889632112	
1162	2016-08-15	1.43	1.50	1.54	1.43	58400	-0.04666666666666671	-0.07000000000000006	0.07508532423208199	
1163	2016-08-16	1.50	1.49	1.50	1.46	9100	0.00671140939597316	0.010000000000000009	0.026755852842809385	
1164	2016-08-17	1.52	1.55	1.55	1.48	31300	-0.019354838709677438	-0.030000000000000027	0.04560260586319222	
1165	2016-08-18	1.55	1.56	1.57	1.50	112700	-0.006410256410256416	-0.010000000000000009	0.04501607717041804	
1166	2016-08-19	1.52	1.55	1.55	1.49	39300	-0.019354838709677438	-0.030000000000000027	0.03908794788273619	
1167	2016-08-22	1.53	1.52	1.55	1.52	7800	0.006578947368421058	0.010000000000000009	0.019672131147541003	
1168	2016-08-23	1.55	1.55	1.55	1.53	4100	0.0	0.0	0.012903225806451623	
1169	2016-08-24	1.52	1.55	1.55	1.52	700	-0.019354838709677438	-0.030000000000000027	0.019543973941368094	
