#index	date	close	open	high	low	volume	dVolume	percent_change	dollar_change	spread	var	entropy	slope	concavity	answer
40	2014-11-19	22.985584	23.799999	24.0	23.51	812800	0.175075177072	-1.00175787403	-0.8144150000000003	-0.279374584831	-0.771911538785	0.723876127639	0.346987145606	0.518200408816	0.0
41	2014-11-20	22.975893	23.57	23.870001	23.5	745800	-0.26320557758	-0.452484676854	-0.594107000000001	-0.685138393486	-0.811105508407	0.665012408702	-0.111014760794	-0.34400114857	1.0
42	2014-11-21	23.034037	23.950001	24.209999	23.695	725200	-0.212036216592	-1.24709337072	-0.9159639999999989	-0.200953497258	-0.812804187707	0.396150033425	0.131130187799	0.147728669401	1.0
43	2014-11-24	23.499175	23.799999	24.360001	23.68	836800	-0.0425819494332	0.313336724729	-0.30082399999999865	0.348089182103	-0.769305638731	0.0977008576253	0.906340012723	0.344017775418	0.0
44	2014-11-25	23.285987	24.24	24.299999	24.02	701600	-0.33708618762	-1.31486877725	-0.9540129999999998	-1.01591521129	-0.763599804405	-0.321573606356	-1.06454724989	-1.06533935182	1.0
45	2014-11-26	23.479793	24.110001	24.27	23.92	703700	-0.183455088846	-0.509331072698	-0.6302079999999997	-0.780729654975	-0.731837555156	-0.88962819315	0.880060544799	1.20649567671	1.0
46	2014-11-28	23.867408	24.219999	25.09	24.049999	713400	-0.173380697208	0.196438987623	-0.3525910000000003	1.51366184875	-0.602843995793	-1.65459391511	0.478379836395	-0.420441896975	0.0
47	2014-12-01	23.237534	24.620001	24.895	23.49	2282600	1.86726289922	-2.3384026087	-1.3824669999999983	2.75638829131	-0.60325654062	-1.01088703074	-1.79471646482	-1.09110600142	1.0
48	2014-12-02	23.450723	24.02	24.43	23.799999	1369300	-0.559788287622	-0.360709587959	-0.5692769999999996	0.170419524331	-0.59294302952	-0.0527112310785	1.45631618283	1.91300103454	1.0
49	2014-12-03	23.479793	24.33	24.59	24.190001	1854500	0.144557262554	-1.04598234266	-0.8502069999999975	-0.618056139549	-0.614176774324	-0.260985909072	-0.47328440277	-1.33892834886	1.0
50	2014-12-04	23.64453	24.32	24.559999	24.09	1433700	-0.398086055098	-0.608995421608	-0.6754700000000007	-0.387790348745	-0.634391187213	-0.770176776929	0.392037053272	0.585127187996	1.0
51	2014-12-05	24.371309	24.450001	25.219999	24.450001	1008400	-0.463191698513	0.887481912593	-0.0786920000000002	0.572366254507	-0.446565252268	-1.48865247155	1.33430813081	0.375662924367	0.0
52	2014-12-08	24.264716	25.08	25.139999	24.68	2244900	0.958507816388	-0.897438463106	-0.8152839999999983	-0.464426653999	-0.404573487298	-1.30471166461	-1.15089080782	-1.35292687435	1.0
53	2014-12-09	24.380999	24.709999	25.33	24.5	1141800	-0.644993034699	0.272214070932	-0.3290000000000006	0.75491986821	-0.269039664794	-0.88962819315	0.671708353744	1.22189678555	0.0
54	2014-12-10	23.88679	25.15	25.41	24.620001	631000	-0.603899914514	-1.97731206244	-1.2632099999999973	0.626792733423	-0.34276228469	-1.37876864451	-1.25412667679	-1.10230103629	1.0
55	2014-12-11	23.925552	24.85	25.280001	24.51	1709100	1.40882813288	-1.18348731272	-0.9244480000000017	0.574754645141	-0.37904146542	-1.25931722818	0.795597633691	1.2087363944	0.0
56	2014-12-12	23.702672	24.52	24.83	24.4	950800	-0.600464334247	-0.947763085011	-0.8173279999999998	-0.529561410625	-0.372904894387	0.286934818207	-0.721053858698	-0.983296592466	1.0
57	2014-12-15	23.731744	24.68	24.805	24.27	1175100	0.0339885390214	-1.25789230782	-0.9482560000000007	-0.18650351614	-0.492489457704	0.370132408197	0.377021515025	0.680336089034	0.0
58	2014-12-16	23.499175	24.530001	24.875	24.219999	1313900	-0.075977061616	-1.47734618585	-1.0308259999999976	0.229288183776	-0.505366114576	0.414189620978	-0.62344598369	-0.596304411227	1.0
59	2014-12-17	23.799576	24.219999	24.799999	24.219999	2160100	0.415011273514	0.0257611902521	-0.4204230000000031	-0.0213508208102	-0.560121634548	-0.14153449285	0.964529848053	0.875229980502	1.0
60	2014-12-18	24.303476	24.75	25.139999	24.68	1768500	-0.355496433987	-0.0158541135346	-0.44652400000000014	-0.455529395201	-0.551458509353	0.277739971131	0.574108614194	-0.401962109488	0.0
61	2014-12-19	24.225953	25.040001	25.6	24.84	7523100	2.85157169959	-0.897594860442	-0.8140479999999997	0.516860620091	-0.581443380127	0.277739971131	-0.734190493438	-0.619544578747	1.0
62	2014-12-22	24.322857	25.16	25.278999	24.66	1689600	-0.910159303975	-0.944085749983	-0.8371430000000011	0.0479264318463	-0.569467891525	0.505405472923	0.504656979903	0.811384509623	1.0
63	2014-12-23	24.652331	25.309999	25.5	25.120001	1174600	-0.470810493559	-0.499924716521	-0.657668000000001	-0.740349806954	-0.477398642559	0.336603690068	0.538445282309	-0.121938284237	1.0
64	2014-12-24	24.720163	25.450001	25.59	25.18	547200	-0.684911866712	-0.664030114628	-0.7298380000000009	-0.64928690054	-0.339137682534	0.723876127639	-0.266809759313	-0.438649617335	0.0
65	2014-12-26	24.526355	25.51	25.51	25.25	304000	-0.601174448127	-1.26625052012	-0.9836450000000028	-1.12768198599	-0.297386385476	0.987112831241	-0.379428911138	0.0653999144732	1.0
66	2014-12-29	24.584498	25.200001	25.51	25.18	1071000	2.16920063101	-0.404867921394	-0.6155030000000004	-0.897428014118	-0.325266140952	1.14042548352	0.410806330805	0.427750125082	0.0
67	2014-12-30	24.410071	25.459999	25.5	25.16	511800	-0.673699154467	-1.42952283524	-1.0499280000000013	-0.867022049152	-0.412748382215	1.19081720408	-0.527717012189	-0.566900326731	0.0
68	2014-12-31	24.090288	25.25	25.285	24.83	621600	0.0140382096186	-1.71539261412	-1.159711999999999	-0.480579133613	-0.618692620225	1.32046459713	-0.424478818804	0.160607023885	0.0
69	2015-01-02	23.993384	24.969999	25.0	24.290001	643500	-0.153357827906	-1.29991138963	-0.9766150000000025	0.368025441567	-0.678389444127	1.26160087819	0.157404232084	0.293338157253	0.0
70	2015-01-05	23.431342	24.58	24.68	23.84	1330400	0.810295954125	-1.76428145704	-1.1486579999999975	0.849521182012	-0.412484443121	1.13195348514	-1.1921875573	-0.736593578026	0.0
71	2015-01-06	23.169702	24.17	24.219999	23.700001	2075000	0.33625852437	-1.43851767047	-1.0002980000000008	-0.19721644741	-0.0405179305995	1.08156176458	0.164912679163	0.830705610153	1.0
72	2015-01-07	23.256915	23.99	24.129999	23.790001	1160200	-0.597835051721	-0.778638437249	-0.7330849999999991	-0.806180590155	0.198390271912	1.21120915763	0.320705353265	-0.0911370490796	1.0
73	2015-01-08	23.431342	24.07	24.48	23.940001	661500	-0.587539716422	-0.533372595028	-0.6386579999999995	-0.135538216847	0.183101865844	0.987112831241	0.149896947214	-0.160021006633	0.0
74	2015-01-09	23.15032	24.15	24.18	23.780001	724700	-0.0970546830455	-1.43904689074	-0.9996799999999979	-0.603569825666	0.130030458045	1.32046459713	-0.803642902535	-0.43640878406	0.0
75	2015-01-12	23.14063	23.799999	24.040001	23.620001	938600	0.089303239231	-0.604749053472	-0.6593689999999981	-0.524657603342	0.0419751171456	1.1523454387	0.425823031261	0.748660943587	0.0
76	2015-01-13	23.130941	23.940001	24.190001	23.610001	989800	-0.135323214635	-0.975930734347	-0.8090599999999988	0.0177795330114	-0.206458264957	1.08156176458	-0.118518752741	-0.412325396281	0.0
77	2015-01-14	22.714254	23.6	23.743999	23.1	962500	-0.211998857803	-1.20362762453	-0.885746000000001	0.272276725459	-0.345007713953	-0.275123803402	-0.880602209099	-0.326359697715	0.0
78	2015-01-15	22.249115	23.370001	23.610001	22.67	1558000	0.391358489946	-1.83931272517	-1.1208859999999987	1.34939079526	-0.238961018734	0.167483401985	-0.431986684778	0.349905117304	1.0
79	2015-01-16	22.471995	22.83	23.24	22.790001	1951800	0.0497225047873	0.12797098383	-0.3580049999999986	-0.366180581178	-0.378499191648	0.505405472923	0.942010317859	0.613127735549	0.0
80	2015-01-20	22.384781	23.16	23.85	22.91	1742100	-0.286552749826	-0.956246643541	-0.7752189999999999	1.35479350086	-0.341807653906	0.665012408702	-0.670373826356	-1.00598124024	1.0
81	2015-01-21	22.559208	23.07	23.59	23.01	787300	-0.697921211265	-0.26569113856	-0.5107919999999986	0.0803653705271	-0.335883604038	0.928249112304	0.574108614194	0.787024864624	1.0
82	2015-01-22	23.39258	23.299999	24.16	23.280001	486500	-0.54293843544	1.32577173856	0.09258099999999914	1.06666467032	-0.294775549825	1.08156176458	1.50323995777	0.309857183114	0.0
83	2015-01-23	22.975893	24.040001	24.040001	23.67	651800	0.130957094257	-1.61391629882	-1.064108000000001	-0.697912612828	-0.401844404741	1.26160087819	-1.95238939833	-1.82952932665	1.0
84	2015-01-26	23.344129	23.75	24.309999	23.530001	1165400	0.549386229575	0.0421668200887	-0.4058710000000012	0.699485013251	-0.349184813039	1.26160087819	1.67030237259	2.23055165788	1.0
85	2015-01-27	23.40227	23.860001	24.639999	23.76	1308200	-0.0718549	-0.0854899073829	-0.457730999999999	1.0301456931	-0.277849331732	1.1523454387	-0.53898287888	-1.48314473165	0.0
86	2015-01-28	23.12125	24.17	24.35	23.84	1301900	-0.190745365029	-1.56068401704	-1.0487500000000018	-0.229392632751	-0.279502625553	1.26160087819	-0.537096227317	0.210176324983	1.0
87	2015-01-29	23.489484	23.92	24.35	23.26	1818600	0.184271665875	-0.0132206156217	-0.4305160000000008	1.73290880533	-0.178552218031	1.08156176458	1.18601925495	0.890346191851	0.0
88	2015-01-30	23.160011	24.1	24.24	23.809999	1882300	-0.153548947327	-1.29333925703	-0.9399890000000006	-0.500359848184	-0.343361282731	1.13195348514	-1.31231748062	-1.45233442278	1.0
89	2015-02-02	23.256915	23.85	24.16	23.690001	1445800	-0.402744275345	-0.43183927625	-0.5930850000000021	-0.359112722509	-0.447293167889	0.863091109867	0.7937210546	1.32214859453	1.0
90	2015-02-03	23.636422	23.91	24.450001	23.799999	1351800	-0.246947078693	0.386325319775	-0.27357800000000054	0.234645626529	-0.577186471056	0.768642176525	0.54744523011	-0.355839984124	0.0
91	2015-02-04	23.363955	24.27	24.379999	23.93	1101600	-0.35904278049	-1.19145635743	-0.9060449999999989	-0.444353698393	-0.739645442386	0.297130795035	-1.05973028366	-0.802502684559	1.0
92	2015-02-05	23.694807	24.09	24.41	23.98	984600	-0.285404317461	0.0838784623459	-0.395192999999999	-0.5164265238	-0.697803594682	0.0694652932433	1.21926984229	1.33962813438	1.0
93	2015-02-06	23.840771	24.41	25.0	24.219999	1748400	0.537972942507	-0.337513567363	-0.569229	0.6356715729	-0.68630731566	0.277739971131	-0.245296507853	-0.987970540978	0.0
94	2015-02-09	23.607229	24.48	24.530001	24.110001	781600	-0.702485065616	-1.08910546182	-0.8727710000000002	-0.558953433977	-0.680949151252	0.277739971131	-0.569496852946	-0.0113714756798	1.0
95	2015-02-10	24.15216	24.73	24.959999	24.530001	1384900	0.534361572495	-0.340344448874	-0.5778400000000019	-0.548906918109	-0.544129208311	0.277739971131	1.53215725126	1.10047714275	1.0
96	2015-02-11	24.298123	24.879999	25.0	24.549999	1393100	-0.18072170611	-0.341645419318	-0.5818760000000012	-0.492031524128	-0.453997696819	-1.21916170873	-0.520490788039	-1.28997192844	1.0
97	2015-02-12	24.648437	24.799999	25.370001	24.75	985100	-0.459669266344	0.711183807865	-0.15156199999999842	0.0525836493858	-0.183678780883	0.0694652932433	0.757470226391	0.845153313706	1.0
98	2015-02-13	24.765209	25.280001	25.67	25.139999	1164500	-0.0162317038562	-0.157375583281	-0.5147919999999999	-0.260545232458	-0.0628959990992	-0.14153449285	-0.171784117568	-0.564768522586	1.0
99	2015-02-17	24.872248	25.709999	25.74	25.26	1807100	0.328923860654	-0.902149343174	-0.8377510000000008	-0.437525907564	-0.00298062492373	0.0832304453667	0.203305651072	0.283600812682	0.0
100	2015-02-18	24.531665	25.629999	25.629999	25.059999	1783500	-0.198441641649	-1.52795134085	-1.0983340000000013	-0.136312952673	-0.0311216125556	0.435290410635	-0.827727152578	-0.518367076899	0.0
101	2015-02-19	24.346779	25.02	25.219999	24.85	896800	-0.65039662779	-0.556162036802	-0.6732209999999981	-0.758163090315	-0.266842113807	0.748209998693	0.107183272043	0.593200949733	1.0
102	2015-02-20	24.57059	25.1	25.26	24.862	744800	-0.344483556679	-0.201767246843	-0.5294100000000022	-0.674910570719	-0.372554116411	0.928249112304	0.59347914085	0.117130437065	0.0
103	2015-02-23	24.239738	25.1	25.1	24.674999	743600	-0.187753604357	-1.00506503472	-0.8602620000000023	-0.578301789442	-0.46096855221	1.1523454387	-1.08218860421	-0.914010934953	1.0
104	2015-02-24	24.259201	24.860001	25.07	24.77	530700	-0.453542949248	-0.389182362656	-0.6007999999999996	-0.98117675643	-0.672670958617	1.21120915763	0.574636256788	1.02821227074	1.0
105	2015-02-25	24.288392	24.870001	25.0	24.719999	612600	-0.0421750063625	-0.3415641296	-0.5816089999999967	-1.04735823264	-0.695110208084	1.1523454387	-0.0945096588381	-0.511625736099	0.0
106	2015-02-26	24.181353	24.940001	24.995001	24.610001	702900	-0.0486353622504	-0.770166490571	-0.7586479999999973	-0.70305165233	-0.677271424213	0.972306325085	-0.262254289963	-0.0369549748393	0.0
107	2015-02-27	24.171622	24.799999	25.0	24.709999	468500	-0.497576015976	-0.460511725052	-0.6283770000000004	-1.01104040129	-0.666030339125	0.748209998693	0.133565595407	0.234388131913	1.0
108	2015-03-02	24.181353	24.84	25.18	24.620001	1408600	1.6870904449	-0.532288966249	-0.6586469999999984	-0.126617382982	-0.696129173991	0.768642176525	-0.00968317021598	-0.120193211302	1.0
109	2015-03-03	24.366241	24.82	25.049999	24.58	905500	-0.519690258969	-0.0305177640487	-0.4537590000000016	-0.426915888878	-0.787746257878	0.297130795035	0.374835207407	0.18799561546	0.0
110	2015-03-04	24.230007	24.99	24.99	24.5	1781500	0.716916959959	-0.769737492739	-0.7599929999999979	-0.362646267162	-0.803771128297	0.0694652932433	-0.53934180756	-0.491657858466	1.0
111	2015-03-05	24.619244	24.889999	25.32	24.610001	1959200	-0.0931271389334	0.420692138026	-0.2707550000000012	0.342325031084	-0.771054289831	-0.393533865591	1.08355606084	0.901675078539	1.0
112	2015-03-06	24.813863	25.030001	25.799999	24.950001	1542200	-0.384954725067	0.557379287979	-0.21613799999999728	0.778363363903	-0.713013522644	-0.393533865591	-0.168014301067	-0.816157795745	0.0
113	2015-03-09	24.551128	25.469999	25.535	25.110001	1890600	0.0246568633644	-1.11495651198	-0.9188710000000029	-0.597170467567	-0.704008428229	0.588603062914	-0.675052102389	-0.105292804234	0.0
114	2015-03-10	24.327317	24.950001	25.200001	24.790001	1434300	-0.411571103748	-0.437322710355	-0.6226839999999996	-0.625484180679	-0.707370003838	0.396150033425	-0.0473809478273	0.425889000998	1.0
115	2015-03-11	24.434358	25.0	25.27	25.0	837700	-0.574574466261	-0.295230793444	-0.5656420000000004	-1.08499140536	-0.709159428892	0.0977008576253	0.427612832128	0.150034376887	1.0
116	2015-03-12	24.804132	25.120001	25.780001	24.99	2143300	1.26878659088	0.31731392182	-0.3158689999999993	0.58076882521	-0.679403441667	0.524113672301	0.553895873884	-0.0479304776843	0.0
117	2015-03-13	24.103506	25.17	25.23	24.43	3480900	0.396384011246	-1.49858817093	-1.0664940000000023	0.646978969217	-0.665807167592	0.435290410635	-1.95489105182	-1.23654164373	1.0
118	2015-03-16	24.628975	24.93	25.32	24.77	1186800	-0.801529619928	0.347760100038	-0.3010249999999992	-0.178972019447	-0.683254631224	-0.0362209708545	2.21071763566	2.37429447339	1.0
119	2015-03-17	24.911173	25.18	25.610001	24.9	1225200	-0.15604256969	0.432993436518	-0.26882699999999815	0.315549650229	-0.639746016542	-0.0181813833012	-0.384773713662	-1.79190433589	0.0
120	2015-03-18	24.512205	25.450001	25.84	25.1	1287700	-0.138625524118	-1.162001464	-0.9377959999999987	0.417952693278	-0.673542878455	-0.450552387581	-1.03129840586	-0.0611481141789	0.0
121	2015-03-19	24.132698	25.0	25.190001	24.495001	1824100	0.202640036243	-1.03058104653	-0.8673019999999987	0.31091870147	-0.620013672826	-1.28184367787	-0.160476798779	0.610635149878	0.0
122	2015-03-20	24.132698	24.780001	25.02	24.74	6593200	2.25459391145	-0.508302983465	-0.6473029999999973	-1.04276219963	-0.61359002607	-1.87696626305	0.357871614255	0.147223690853	0.0
123	2015-03-23	24.093775	24.85	25.24	24.51	3773300	-0.585540500458	-0.770938341161	-0.7562250000000006	0.434651377926	-0.581530741538	-1.87696626305	-0.232100213084	-0.40701640293	0.0
124	2015-03-24	23.665614	24.700001	24.92	24.24	2657600	-0.462293387735	-1.46850609066	-1.0343869999999988	0.297127565779	-0.419707810283	-0.502789305089	-0.861657438104	-0.235768684624	0.0
125	2015-03-25	23.354224	24.27	24.43	23.84	5012400	0.640962001415	-1.21589090064	-0.915776000000001	0.028522067455	-0.145030234703	-1.79666923664	-0.100158959951	0.48718995794	1.0
126	2015-03-26	23.470996	24.0	24.290001	23.83	62491000	10.5193892853	-0.259650024192	-0.5290040000000005	-0.405270346022	-0.119467942044	-1.18035742542	0.503009549559	0.193620830857	1.0
127	2015-03-27	23.821308	24.110001	24.540001	24.1	9244300	-0.981725931049	0.353904012214	-0.2886930000000021	-0.487306410657	-0.0968479671013	-0.608102827085	0.465305186101	-0.148318710343	0.0
128	2015-03-30	23.665614	24.5	24.68	24.16	5463500	-0.568072191664	-0.991851898746	-0.8343859999999985	-0.227488079077	-0.17346158671	-0.270180756147	-0.763637560234	-0.606098336513	0.0
129	2015-03-31	23.480725	24.219999	24.290001	24.040001	3946500	-0.445468401342	-0.776526614462	-0.7392740000000018	-1.12048206226	-0.442798407971	0.00887759595887	-0.049271279717	0.540892367578	1.0
130	2015-04-01	23.704538	24.15	24.459999	24.030001	5348500	0.145406685426	-0.0404903783678	-0.44546199999999914	-0.518541094319	-0.607567289141	0.277739971131	0.665113983537	0.280234289029	1.0
131	2015-04-02	23.957542	24.34	24.68	24.25	6024800	-0.0682012070616	0.126032618179	-0.38245799999999974	-0.53178348578	-0.641703410501	0.407387364181	0.161838444362	-0.382276239618	1.0
132	2015-04-06	24.084044	24.48	24.799999	24.280001	3718400	-0.543640862418	0.0979063047074	-0.39595600000000175	-0.241733131954	-0.653525531135	0.147719835979	0.0110506268404	-0.0276791185322	1.0
133	2015-04-07	24.230007	24.73	25.0	24.700001	5752800	0.324528767421	-0.148506601475	-0.4999929999999999	-0.97798764451	-0.616098288922	0.147719835979	0.235350447244	0.152282405566	1.0
134	2015-04-08	24.327317	25.0	25.09	24.879999	4441600	-0.399034827016	-0.556162393393	-0.6726829999999993	-1.27861697941	-0.522082821865	0.407387364181	0.0562901681699	-0.109507576258	1.0
135	2015-04-09	24.366241	25.0	25.139999	24.93	3584900	-0.366319479265	-0.46127817523	-0.6337590000000013	-1.27916310213	-0.522082723793	0.576189147036	0.00539454617852	-0.00603208247564	1.0
136	2015-04-10	24.434358	25.030001	25.299999	24.969999	2606700	-0.440992725522	-0.366623248395	-0.595642999999999	-0.890531555913	-0.526018905425	0.659386737027	0.12791435728	0.070456866457	1.0
137	2015-04-13	24.765209	25.190001	25.459999	24.98	4462600	0.478435195142	0.0559268273078	-0.42479200000000006	-0.418381529606	-0.38033722735	0.812699389306	0.62552374332	0.217520085686	0.0
138	2015-04-14	24.463549	25.15	25.25	25.02	1860800	-0.730549116457	-0.579744156144	-0.6864509999999981	-1.21776651602	-0.419967256111	0.768642176525	-1.06711127522	-0.889548936076	1.0
139	2015-04-15	24.911173	25.15	25.66	25.02	3701300	0.73714710514	0.504911543182	-0.23882699999999701	0.0921328722283	-0.472576123369	0.863091109867	1.48881133474	1.46181918789	0.0
140	2015-04-16	24.804132	25.6	25.629999	25.200001	1971000	-0.622684116319	-0.810977475795	-0.7958680000000022	-0.59160568415	-0.561406839943	0.812699389306	-0.954019879403	-1.4991883408	0.0
141	2015-04-17	24.444089	25.360001	25.41	25.040001	1302100	-0.503079735751	-1.11738206497	-0.9159119999999987	-0.768742219128	-0.642465080993	0.768642176525	-0.450744727631	0.526280354553	0.0
142	2015-04-20	24.434358	25.190001	25.280001	24.969999	2630000	0.765829926032	-0.744498449921	-0.7556429999999992	-0.958770811619	-0.697083087409	0.635052865973	0.423839529002	0.425602774244	0.0
143	2015-04-21	24.366241	25.190001	25.459999	24.959999	3493900	0.120412473483	-0.909293383619	-0.82376	-0.341065992119	-0.717038906937	0.635052865973	-0.273569550509	-0.484624684855	1.0
144	2015-04-22	24.804132	25.5	25.98	24.92	3562600	-0.167892585763	-0.579419141777	-0.6958680000000008	1.42436732754	-0.713891531262	0.768642176525	1.019467437	0.67952716975	1.0
145	2015-04-23	24.950096	25.66	25.74	25.280001	2450300	-0.477728261804	-0.602384646474	-0.7099040000000016	-0.501894505753	-0.695171740276	0.768642176525	-0.311265972211	-0.811938140094	0.0
146	2015-04-24	24.881979	25.66	25.719999	25.280001	1918400	-0.388907026219	-0.764161129118	-0.778020999999999	-0.563540150481	-0.695734576751	0.768642176525	-0.175556064785	0.230173851142	0.0
147	2015-04-27	24.794401	25.700001	25.84	25.48	4843500	1.23723811265	-1.06381104294	-0.9055999999999997	-0.816901445034	-0.693926872784	0.659386737027	-0.0398407337203	0.0968898854648	1.0
148	2015-04-28	25.08633	25.530001	25.825001	25.389999	2557100	-0.626951455103	0.0245477877957	-0.44367099999999837	-0.58146269092	-0.670435243304	0.659386737027	0.712232428374	0.333936669771	1.0
149	2015-04-29	25.387988	25.629999	26.290001	25.6	3516600	0.164058018029	0.508178870467	-0.24201100000000153	0.211138638981	-0.553977476104	0.489583824524	0.210845671478	-0.370181779444	0.0
150	2015-04-30	25.349063	25.99	26.18	25.68	2700300	-0.402959443573	-0.419261610875	-0.6409369999999974	-0.397389565056	-0.464562976956	0.921954828804	-0.381009320799	-0.234359743905	1.0
151	2015-05-01	25.37837	26.15	26.302	25.91	2090700	-0.397007929232	-0.714643182214	-0.7716299999999983	-0.740068554802	-0.455721565706	1.08156176458	0.229942498066	0.405758721108	1.0
152	2015-05-04	25.690959	26.049999	26.379999	25.969999	1626000	-0.393756600824	0.243676289041	-0.35904000000000025	-0.68916935324	-0.40982608735	0.951914371533	0.609076558081	0.110244639167	0.0
153	2015-05-05	25.632349	26.23	26.469999	26.139999	2164100	0.122705089414	-0.304941114495	-0.597650999999999	-0.940119430402	-0.518590167917	0.863091109867	-0.539514395501	-0.633036680835	0.0
154	2015-05-06	25.251381	26.290001	26.431999	25.780001	2614500	0.00805072437346	-1.32396757878	-1.0386200000000017	0.0705327965427	-0.57354053431	0.921954828804	-0.613310945728	0.127749666346	1.0
155	2015-05-07	25.349066	25.82	25.959999	25.610001	2998300	-0.0492027880222	-0.0279049763808	-0.47093399999999974	-0.863434924706	-0.602063884273	1.08156176458	0.699847161335	0.681867900642	0.0
156	2015-05-08	25.212307	26.190001	26.242001	25.57	3298200	-0.0928695240104	-1.19139057901	-0.9776939999999996	0.138591022533	-0.655323374015	0.665012408702	-0.573578916093	-0.810831868635	1.0
157	2015-05-11	25.466286	25.83	26.190001	25.83	4875100	0.260104408833	0.225494709664	-0.3637139999999981	-0.834814418247	-0.749289242487	0.396150033425	0.762288935933	0.776716338023	1.0
158	2015-05-12	25.544433	26.02	26.25	25.959999	3526300	-0.444544536472	-0.030212378712	-0.4755669999999981	-1.05890721857	-0.775314252091	-0.0362209708545	-0.232988721371	-0.637229519885	1.0
159	2015-05-13	25.62258	26.290001	26.41	25.99	3532400	-0.184634482049	-0.463503543008	-0.6674210000000009	-0.662414530166	-0.765109039448	0.659386737027	0.156796590816	0.295991122377	1.0
160	2015-05-14	25.866791	26.48	26.59	26.139999	2561300	-0.442902360694	-0.327637272556	-0.6132090000000012	-0.581071924697	-0.720836390758	1.08156176458	0.442513892853	0.111097655577	0.0
161	2015-05-15	25.329528	26.450001	26.582001	25.9	2266900	-0.293556797924	-1.49799664792	-1.1204730000000005	0.154326361285	-0.716259004497	1.08156176458	-1.44775252577	-0.954511225892	1.0
162	2015-05-18	25.690959	25.99	26.379999	25.889999	2182500	-0.221008040067	0.382424331916	-0.299040999999999	-0.43885166639	-0.716259004497	0.812699389306	1.59105041634	1.72856119597	1.0
163	2015-05-19	26.237992	26.02	26.889999	25.940001	3279800	0.283129116724	1.59418637536	0.21799199999999885	0.959336845954	-0.556490605592	0.474777318368	0.465222281905	-0.944627632599	0.0
164	2015-05-20	26.130539	26.65	26.950001	26.639999	3430900	-0.143239466927	-0.104256314278	-0.5194609999999997	-1.01882126392	-0.505445528559	0.812699389306	-0.832804066076	-0.559604361995	1.0
165	2015-05-21	26.218455	26.76	26.91	26.459999	5403600	0.350541409214	-0.149666474201	-0.5415450000000028	-0.597548578144	-0.451949673257	0.972306325085	0.542798333703	0.898661129608	1.0
166	2015-05-22	26.296602	26.83	26.99	26.700001	3185400	-0.569488386552	-0.127943607018	-0.5333979999999983	-1.08549749377	-0.474189260521	0.901522650972	0.003530945081	-0.410840513724	0.0
167	2015-05-26	26.081698	26.870001	26.99	26.66	5930200	0.61820017813	-0.704272219491	-0.7883029999999991	-0.961162449507	-0.512833386327	1.08156176458	-0.531944932484	-0.225660704582	1.0
168	2015-05-27	26.150076	26.764999	26.92	26.59	4423300	-0.423478138388	-0.316512550467	-0.614923000000001	-0.960469056983	-0.546086623154	0.921954828804	0.465214533849	0.570362482173	1.0
169	2015-05-28	26.208686	26.77	26.92	26.58	3074900	-0.470842614738	-0.19420995647	-0.5613139999999994	-0.931329839801	-0.574938349667	0.921954828804	-0.0532318920901	-0.382325393753	1.0
170	2015-05-29	26.218455	26.889999	26.950001	26.565001	11662100	2.42094069418	-0.438326562816	-0.6715440000000008	-0.797641085696	-0.574050648665	0.812699389306	-0.0343093967552	0.0492776182536	1.0
171	2015-06-01	26.325908	26.91	27.025	26.719999	4060500	-0.794777178487	-0.239146401134	-0.5840920000000018	-1.04199866754	-0.753262773234	0.380328385026	0.236267235935	0.142711133196	1.0
172	2015-06-02	26.56035	27.0	27.34	26.950001	3798500	-0.246487910983	0.0912843416841	-0.4396500000000003	-0.792469586577	-0.794687761343	0.172053707033	0.35547281621	0.0159686552934	1.0
173	2015-06-03	26.980393	27.290001	27.67	27.24	6359400	0.443159067899	0.392229568277	-0.30960800000000077	-0.689298138636	-0.63679336563	0.117091681424	0.616593140618	0.0930324273032	1.0
174	2015-06-04	27.107382	27.530001	27.870001	27.530001	6119200	-0.221511611387	0.148089395286	-0.4226189999999974	-0.962649256048	-0.477123802683	-0.00131838086982	-0.210283818945	-0.439351588087	1.0
175	2015-06-05	27.664182	27.790001	28.35	27.299999	7049800	-0.0442716188806	0.807708551925	-0.1258189999999999	1.0807966915	-0.0528591604632	-0.450552387581	1.17477818204	0.780667249725	0.0
176	2015-06-08	27.390667	28.389999	28.709999	28.0	11994700	0.468586996971	-1.06154335668	-0.999331999999999	0.0831383952052	0.109399844274	-0.062238596082	-1.29070156743	-1.35619462738	1.0
177	2015-06-09	27.42974	28.01	28.09	27.299999	8313400	-0.472775384242	-0.178861652179	-0.5802600000000027	0.327694554871	0.1264151165	-0.195827906634	0.66767665296	1.26759600041	0.0
178	2015-06-10	27.351592	28.200001	28.309999	27.83	7645800	-0.261219836258	-0.749842357817	-0.8484090000000002	-0.573988558161	0.0388339447881	-0.620765817873	-0.327595387004	-0.690576522876	0.0
179	2015-06-11	26.882708	28.09	28.17	27.459999	10332600	0.141819052004	-1.53562811774	-1.207291999999999	0.11321708415	-0.140461752009	-0.0527112310785	-0.880104009118	-0.181627095359	1.0
180	2015-06-12	26.902246	27.5	27.639999	27.33	8410200	-0.359944024448	-0.241042961693	-0.5977539999999983	-1.04697537083	-0.345874680397	0.366563232903	0.644975237158	0.839661776751	1.0
181	2015-06-15	27.263676	27.370001	27.99	27.360001	6176000	-0.434258677385	0.846879864639	-0.10632499999999823	-0.109294998453	-0.534667038558	0.665012408702	0.559821393183	-0.259257859305	1.0
182	2015-06-16	27.595803	27.85	28.290001	27.73	5020100	-0.360978489178	0.527383440675	-0.25419700000000134	-0.339390204598	-0.619618766103	0.857465438191	0.223026389845	-0.211261548323	0.0
183	2015-06-17	27.263676	28.33	28.41	27.84	6830800	0.150484002034	-1.21019611521	-1.066323999999998	-0.314796013241	-0.646882683642	0.951914371533	-1.02012764656	-0.535328750051	1.0
184	2015-06-18	27.419971	28.0	28.120001	27.6	6168300	-0.276794854838	-0.178809768201	-0.5800289999999997	-0.454658656574	-0.654379149539	0.951914371533	0.909877000151	1.13634093595	1.0
185	2015-06-19	27.537193	28.120001	28.459999	28.02	29234700	3.30488404033	-0.179445065979	-0.582808	-0.692154683886	-0.678221610707	0.857465438191	-0.0929664398439	-0.731509549367	1.0
186	2015-06-22	27.61534	28.389999	28.540001	28.17	3695200	-1.00182814085	-0.579260266082	-0.7746589999999998	-0.900970752536	-0.65092678011	0.396150033425	0.0659713637685	0.153154956481	0.0
187	2015-06-23	27.537193	28.379999	28.530001	28.059999	5113400	0.172054553485	-0.726182104769	-0.842806000000003	-0.611809911971	-0.64038175504	0.0977008576253	-0.229201471745	-0.133073010647	0.0
188	2015-06-24	27.400434	28.1	28.32	27.985001	2675600	-0.631331853615	-0.433563421703	-0.6995660000000008	-0.992689919664	-0.639225864909	-0.321573606356	-0.157304163671	0.0808903445454	0.0
189	2015-06-25	26.745949	27.950001	28.040001	27.280001	5014800	0.629953751439	-1.54168323433	-1.2040520000000008	0.270670970803	-0.593223385146	-0.529848284349	-1.24150703106	-0.5166917907	1.0
190	2015-06-26	26.902246	27.370001	27.615	27.26	9588300	0.66517710665	0.0421207342899	-0.4677549999999968	-0.91148952745	-0.593223385146	-0.420592844851	1.16532187376	1.30909558538	0.0
191	2015-06-29	26.306371	27.209999	27.389999	26.799999	3022500	-0.825539810841	-0.940224178857	-0.9036280000000012	-0.19074313075	-0.286916917808	-0.533749977572	-1.73725823965	-1.72288276987	1.0
192	2015-06-30	26.67757	27.209999	27.870001	26.985001	5545300	0.592985886942	-0.108853315484	-0.5324290000000005	0.677068193936	-0.257362324924	-0.388280936123	1.65727769725	1.97386749321	1.0
193	2015-07-01	26.804561	27.530001	27.74	27.34	2837700	-0.642088554024	-0.522252387875	-0.725439999999999	-0.779559592244	-0.232588938113	-0.195827906634	-0.465718620079	-1.43720777954	0.0
194	2015-07-02	26.521276	27.43	27.469999	26.92	2158000	-0.409865465396	-0.935313932358	-0.9087239999999994	-0.324216089922	-0.186648330538	0.236543097645	-0.634128809189	0.131416374099	0.0
195	2015-07-06	26.384518	26.93	27.040001	26.67	3392000	0.347596369947	-0.150790476193	-0.5454819999999998	-0.847369919018	-0.196832779457	0.236543097645	0.139768882503	0.472701393748	0.0
196	2015-07-07	26.12077	27.01	27.040001	26.440001	3582600	-0.133790545934	-0.922724172092	-0.8892300000000013	-0.14762485846	-0.248238174524	0.236543097645	-0.488430108353	-0.403783731102	0.0
197	2015-07-08	26.023086	26.58	26.709999	26.459999	3601900	-0.181220104185	-0.193255988813	-0.556913999999999	-1.19899983045	-0.361471280987	0.505405472923	0.094356946934	0.338333927605	1.0
198	2015-07-09	26.355212	26.91	27.030001	26.799999	2196300	-0.550568780661	-0.172782831835	-0.5547879999999985	-1.26885017712	-0.592014762637	0.635052865973	0.735795621671	0.230217572603	1.0
199	2015-07-10	26.667802	27.25	27.35	27.049999	1767500	-0.368519464418	-0.218406377484	-0.5821980000000018	-1.06855358113	-0.603456632936	0.635052865973	0.175720054658	-0.390230713719	0.0
200	2015-07-13	26.61896	27.5	27.700001	27.190001	2075200	-0.0237244370624	-0.868825087856	-0.8810399999999987	-0.448105211751	-0.658074542192	0.505405472923	-0.401390000217	-0.210703687901	1.0
201	2015-07-14	26.912012	27.299999	27.58	27.23	3363200	0.39318996157	0.21751679458	-0.38798699999999897	-0.925147501282	-0.606857131438	0.286934818207	0.80958965378	0.693722803039	1.0
202	2015-07-15	27.156223	27.75	28.0	27.620001	2356000	-0.465835268814	-0.220375117094	-0.5937769999999993	-0.850439337045	-0.487989720859	0.505405472923	0.10192621625	-0.501166683989	1.0
203	2015-07-16	27.459046	27.889999	28.15	27.709999	2239400	-0.232453000027	0.14195457062	-0.4309529999999988	-0.685073658138	-0.258542682332	0.336603690068	0.425486378241	0.214976149693	0.0
204	2015-07-17	27.263676	28.08	28.181999	27.84	3126700	0.18365617579	-0.688043724406	-0.816323999999998	-0.969609190866	-0.146564392206	0.336603690068	-0.73441479965	-0.577953216275	1.0
205	2015-07-20	27.312518	27.93	28.17	27.870001	4131700	0.113827044769	-0.263694483235	-0.617481999999999	-1.09000798341	-0.0830202120983	0.0977008576253	0.484142646524	0.754136211419	0.0
206	2015-07-21	26.101233	26.530001	27.58	25.48	10366900	1.22262967124	0.0987013212088	-0.42876799999999804	4.45109224047	-0.0744756658573	0.484973295091	-2.72496004179	-1.67376279132	1.0
207	2015-07-22	26.413824	26.690001	27.254999	26.614	3829300	-0.774986755457	0.45302069444	-0.276176999999997	-0.0225938985946	-0.222925420705	0.748209998693	2.32521278548	2.85599118396	0.0
208	2015-07-23	25.837487	27.059999	27.299999	26.370001	3075000	-0.370147374981	-1.66960328808	-1.2225120000000018	0.863228918111	0.012487729372	-0.110573820368	-2.12325475259	-2.79780270444	0.0
209	2015-07-24	25.544433	26.48	26.65	26.120001	1993900	-0.514475362825	-1.06952297255	-0.9355669999999989	-0.325319384713	0.45664977294	0.0694652932433	0.27600062148	1.64331396846	0.0
210	2015-07-27	25.339297	26.02	26.129999	25.68	2544300	0.0714581241944	-0.510665610254	-0.6807030000000012	-0.554507816896	0.968260701272	-0.110573820368	-0.265150513184	-0.4729375018	1.0
211	2015-07-28	25.56397	25.799999	26.360001	25.74	5631600	0.946575068613	0.526100591033	-0.2360289999999985	-0.0225837712499	1.16733639038	0.396150033425	0.641185856816	0.437408522506	0.0
212	2015-07-29	25.397907	26.1	26.33	26.0	59753900	8.78590141842	-0.555723302957	-0.7020930000000014	-0.932880750809	1.20617537921	0.748209998693	-0.740083858305	-0.790502342561	1.0
213	2015-07-30	25.97647	26.030001	26.629999	25.6	17805600	-0.841640082713	0.958294960769	-0.05353099999999955	1.22075464898	0.661601221478	0.972306325085	1.54281412077	1.27267098424	0.0
214	2015-07-31	25.564612	26.559999	26.6	25.98	9396400	-0.627159692681	-1.20029479457	-0.9953870000000009	-0.0509027340406	0.196160012929	1.1523454387	-1.72850894145	-1.85848348177	0.0
215	2015-08-03	25.525388	26.18	26.5	26.0	6981500	-0.426182332026	-0.44018725903	-0.6546120000000002	-0.408481608905	-0.500215354444	1.21120915763	0.696859704758	1.58570153665	1.0
216	2015-08-04	25.760735	26.049999	26.440001	25.9	5120700	-0.435079639733	0.406911891545	-0.2892639999999993	-0.287531486103	-0.548951727142	1.32046459713	0.392942413581	-0.404205572409	1.0
217	2015-08-05	26.143174	26.49	26.84	26.41	6478800	0.0613527775461	0.285726972778	-0.3468260000000001	-0.649678389958	-0.653798898458	1.26160087819	0.47841954518	-0.00351753493354	0.0
218	2015-08-06	26.133368	26.77	26.84	26.43	4042000	-0.537387125999	-0.365671581804	-0.6366319999999988	-0.717158145695	-0.595441310159	1.13195348514	-0.450416791173	-0.454926513568	1.0
219	2015-08-07	26.182399	26.530001	26.82	26.309999	8972800	0.95261805981	0.285147465062	-0.3476019999999984	-0.407679495395	-0.539146920913	1.08156176458	0.263780775431	0.490678225491	1.0
220	2015-08-10	26.6629	27.01	27.26	26.9	4443200	-0.657534847689	0.30046994764	-0.3471000000000011	-0.884772547437	-0.388485118979	1.08156176458	0.951386046362	0.252931146471	0.0
221	2015-08-11	26.319685	27.0	27.190001	26.700001	4909300	-0.0883150236166	-0.451923085427	-0.6803150000000002	-0.485694487218	-0.382162710935	1.08156176458	-1.36595901356	-1.23929505551	0.0
222	2015-08-12	25.525388	26.780001	26.790001	25.74	6983100	0.208116514696	-1.77144033303	-1.254612999999999	1.26403318356	-0.424281041237	0.972306325085	-1.04304910714	0.489262465033	1.0
223	2015-08-13	25.692092	26.0	26.299999	25.975	4317400	-0.542630931358	0.361910466086	-0.3079080000000012	-0.952302615654	-0.400229184444	0.748209998693	1.29708705232	1.152346343	1.0
224	2015-08-14	25.868601	26.26	26.42	26.129999	1998500	-0.687681227203	0.17529731841	-0.39139899999999983	-1.06869175789	-0.449242972696	0.524113672301	-0.159802330531	-1.07862454996	0.0
225	2015-08-17	25.770541	26.309999	26.48	26.08	1746200	-0.304109115695	-0.165926281851	-0.5394579999999998	-0.728341281884	-0.50399084186	0.172053707033	-0.385830935862	0.0171712989102	1.0
226	2015-08-18	26.045112	26.290001	26.58	26.190001	2415200	0.17142198971	0.51595380996	-0.24488900000000058	-0.765066102735	-0.525520376641	0.172053707033	0.78422891156	0.648793554038	0.0
227	2015-08-19	25.750929	26.43	26.57	26.23	4323000	0.551199345468	-0.48217088571	-0.6790710000000004	-0.915557529745	-0.508373816475	0.172053707033	-1.0392467488	-1.02959588656	0.0
228	2015-08-20	24.838957	26.049999	26.290001	25.33	3193800	-0.43010786655	-1.74951706977	-1.211041999999999	1.06955292371	-0.136888251016	-0.260985909072	-1.44004185444	0.0514501963459	0.0
229	2015-08-21	24.09369	25.02	25.110001	24.57	4203100	0.108779536128	-1.17261861696	-0.9263100000000009	-0.195524873699	0.704051563112	-1.48865247155	-0.46751171387	0.59382879917	0.0
230	2015-08-24	22.583545	23.58	24.1	21.139999	8454800	0.758126711524	-1.49169251742	-0.9964549999999974	8.34446571549	2.8904686241	-4.32890342578	-2.56261909841	-1.13473187117	1.0
231	2015-08-25	22.652188	23.799999	24.08	23.07	5607800	-0.500615939753	-1.85544744189	-1.1478110000000008	1.53222594578	4.26365133113	-3.86590426694	1.90301619408	2.40030770279	1.0
232	2015-08-26	23.721058	24.0	24.450001	23.450001	6358500	-0.0612736174173	0.375319653963	-0.2789420000000007	1.40560456179	4.46026494315	-3.47368878212	1.59720527809	-0.783634547618	1.0
233	2015-08-27	24.005435	24.65	24.99	24.370001	5251700	-0.348754396997	-0.509929467052	-0.644565	0.0854274641115	4.20808514353	-2.76776612122	-0.818916644739	-1.27528570741	1.0
234	2015-08-28	24.211365	24.67	24.885	24.370001	3096500	-0.569373828604	-0.0493371464364	-0.458635000000001	-0.269346813668	3.57655927219	-2.76776612122	0.465127561924	1.00839977335	1.0
235	2015-08-31	24.338844	24.620001	24.940001	24.5	3553100	-0.0485865353117	0.387673926798	-0.28115699999999677	-0.518277680433	2.87451680121	-1.22545599223	0.100423093444	-0.252605319596	0.0
236	2015-09-01	23.230751	24.469999	24.59	23.52	5046600	0.206169457885	-2.00269609207	-1.239248	1.64294067934	1.86623092373	-0.753944610741	-2.4562472039	-1.19848556455	1.0
237	2015-09-02	23.662219	23.98	24.33	23.440001	5658400	-0.073071263697	0.276024764474	-0.3177810000000001	1.04001704282	0.69447337982	-0.529848284349	2.46905098444	2.74516499415	1.0
238	2015-09-03	24.025048	24.299999	24.790001	24.209999	3093800	-0.609383633417	0.394073139199	-0.27495099999999795	-0.03361764331	0.305938142637	-0.270180756147	-0.243368985296	-1.9757661149	0.0
239	2015-09-04	23.622996	24.24	24.43	23.959999	2295000	-0.427294344084	-0.467591788026	-0.6170039999999979	-0.384442088097	0.236159062084	-0.101378973292	-1.18361413997	-0.217753217326	1.0
240	2015-09-08	24.152527	24.6	24.629999	24.215	3484900	0.297789045283	-0.0249092142731	-0.44747300000000223	-0.594603433993	-0.0839113137485	-0.0181813833012	1.81184269193	1.67091764188	0.0
241	2015-09-09	23.926986	24.780001	24.99	24.365	3949800	-0.061705864388	-1.01421481384	-0.8530149999999992	0.0997647324442	-0.525685219704	-0.0181813833012	-1.35646028467	-1.92306635136	1.0
242	2015-09-10	23.966211	24.299999	24.636	24.219999	2010800	-0.644554690122	0.246515807527	-0.3337879999999984	-0.577478744992	-0.534926280513	-0.101378973292	0.592388020906	1.30479998789	0.0
243	2015-09-11	23.848537	24.299999	24.540001	24.059999	3544800	0.525961438974	-0.0485988558176	-0.45146199999999936	-0.360413297916	-0.537013671752	-0.219789035586	-0.393434877727	-0.659804156021	1.0
244	2015-09-14	23.936792	24.280001	24.67	24.25	2459300	-0.472133685318	0.222179942895	-0.3432089999999981	-0.562726238634	-0.570586424515	-0.420592844851	0.360653166252	0.445623736031	1.0
245	2015-09-15	24.544774	24.450001	25.139999	24.422001	2882000	-0.025787201434	1.31984589405	0.094773	0.392776795974	-0.496026152082	-0.14153449285	1.12803919823	0.272485100628	0.0
246	2015-09-16	24.39768	24.93	25.059999	24.635	3541400	0.0273534275375	-0.217646005925	-0.5323199999999986	-0.577969824513	-0.598418024925	-0.0527112310785	-1.10573823841	-1.20982933329	0.0
247	2015-09-17	23.573966	24.84	24.959999	23.68	5433100	0.312439113181	-2.0224404827	-1.2660340000000012	2.28709646442	-0.576416857266	-0.282843746935	-1.32226424083	0.221767945002	0.0
248	2015-09-18	23.289587	23.690001	23.99	23.219999	11030900	0.775632565529	0.0535671590067	-0.4004139999999978	0.671769061196	-0.431276299947	-0.123236811156	0.451822213271	0.969283224768	1.0
249	2015-09-21	23.436679	23.950001	24.139999	23.719999	3422200	-0.830198688244	-0.222550662083	-0.5133219999999987	-0.538196627877	-0.384710103507	-0.510084718343	0.377750025962	-0.309553462596	0.0
250	2015-09-22	23.142495	23.5	23.67	23.42	2220000	-0.514211395668	0.156513866091	-0.35750499999999974	-1.10136717778	-0.248093118802	0.12832901218	-0.9385793603	-0.699759965942	0.0
251	2015-09-23	22.887535	23.75	23.790001	23.275	3662100	0.420199891925	-1.12944330026	-0.8624650000000003	-0.187855199938	-0.0149734612206	-0.275123803402	-0.0895206857721	0.609410110932	0.0
252	2015-09-24	22.789473	23.059999	23.32	23.0	3495100	-0.228822851409	0.368688342318	-0.27052600000000027	-0.841037292339	0.187058841768	-0.275123803402	0.0206485308402	-0.0210870895573	1.0
253	2015-09-25	23.152302	23.629999	23.82	23.48	4083200	-0.0291611972262	-0.148361926693	-0.4776970000000027	-0.794684978498	0.209333675306	-0.404771196347	0.805132003634	0.32349290428	0.0
254	2015-09-28	22.191298	23.4	23.559999	22.6	5404800	0.115920663171	-2.06426979251	-1.2087019999999988	1.42192393162	0.619598683599	-0.423493408426	-2.57972312507	-1.74285006956	1.0
255	2015-09-29	22.769861	22.76	23.440001	22.565001	5979200	-0.0870322546118	1.11002656936	0.009860999999997233	1.12638437636	0.154629451078	-0.702551760427	2.67420439069	3.00332811745	1.0
256	2015-09-30	23.397455	23.66	25.23	23.389999	5608500	-0.24412985954	0.407375549483	-0.26254499999999936	4.32263411067	-0.352313291277	-0.723985067906	0.178304999741	-1.88481579404	0.0
257	2015-10-01	23.044433	23.75	24.02	23.370001	3214100	-0.584817147944	-0.726846497273	-0.7055669999999985	0.26995143425	-0.445576347176	0.638994783475	-1.38115759962	-0.551557445756	0.0
258	2015-10-02	22.956178	22.99	23.48	22.48	7919400	1.18047215099	0.993967362196	-0.03382199999999713	1.53573182497	-0.473458277505	0.768642176525	0.531607042048	1.24586296629	1.0
259	2015-10-05	23.260168	23.639999	23.83	23.32	6639600	-0.337119118882	0.104449726188	-0.37983099999999936	-0.214936814273	-0.516846779147	0.659386737027	0.628475946244	-0.176093310699	0.0
260	2015-10-06	22.907148	23.66	23.83	23.299999	3616500	-0.611321662914	-0.855527120763	-0.7528520000000007	-0.133391062654	-0.528625823387	0.380328385026	-1.20070267052	-0.966690730523	1.0
261	2015-10-07	22.985597	23.52	23.565001	23.18	4528600	0.0492045745323	-0.301052945185	-0.5344030000000011	-0.632181639722	-0.528874310367	-0.14153449285	0.761438005715	1.20561841556	1.0
262	2015-10-08	23.064046	23.43	23.639999	23.24	4248700	-0.243951471199	0.131767968554	-0.36595399999999856	-0.579995520797	-0.534614755061	-0.0974772799641	-0.0781225210301	-0.63373180295	0.0
263	2015-10-09	23.005208	23.49	23.82	23.360001	3644200	-0.319078280022	-0.174111605358	-0.4847919999999988	-0.372585639145	-0.545378140416	-0.14153449285	-0.203489742602	-0.00266986450592	1.0
264	2015-10-12	23.10327	23.459999	23.690001	23.389999	1948800	-0.620581716306	0.156948891123	-0.3567290000000014	-0.927276560131	-0.755396813104	-0.404771196347	0.316968272299	0.29260587334	0.0
265	2015-10-13	23.005208	23.5	23.620001	23.379999	2278100	-0.0284968246367	-0.199509154739	-0.49479200000000034	-1.13338332764	-0.781787737925	-0.792043633918	-0.366843744262	-0.397122724514	0.0
266	2015-10-14	22.465871	23.35	23.49	22.790001	2973500	0.0987303206706	-1.22389612314	-0.8841290000000015	0.493077501107	-0.724834428024	-0.219789035586	-0.980365205801	-0.2047081838	1.0
267	2015-10-15	23.064046	23.040001	23.59	22.940001	3083900	-0.151587474552	1.14722309163	0.024045000000000982	0.303388655615	-0.723902511253	-0.420592844851	1.96569912691	1.52072664766	0.0
268	2015-10-16	22.769861	23.620001	23.780001	23.219999	4212300	0.155348235716	-1.10982376415	-0.8501399999999997	-0.0224377411681	-0.710741194357	-0.709589079539	-1.64898076701	-2.16138154931	1.0
269	2015-10-19	22.779667	23.200001	23.49	23.030001	3846700	-0.26727817261	-0.0205143652481	-0.42033400000000043	-0.354753477865	-0.735855276796	-1.09643698673	0.64937245247	1.54481682628	1.0
270	2015-10-20	22.936565	23.23	23.6	23.16	4082200	-0.129094381234	0.313820493132	-0.2934349999999988	-0.430901038232	-0.735752773414	-1.71669071545	0.204896520609	-0.43452543803	0.0
271	2015-10-21	22.720831	23.48	23.865	23.17	3909600	-0.225722309352	-0.886788511418	-0.759169	0.455219064707	-0.726946596497	-2.2409461835	-0.67075270628	-0.425738175559	0.0
272	2015-10-22	22.426647	23.26	23.620001	22.870001	9977700	1.26276437146	-1.09978980152	-0.8333530000000025	0.675957794856	-0.67990241037	-2.2409461835	-0.275668111396	0.33255601941	1.0
273	2015-10-23	23.750475	23.549999	24.299999	23.209999	9488000	-0.232069097437	1.60240857501	0.20047600000000187	1.74142647652	-0.432966352634	-2.2409461835	3.13386728654	1.59412154462	0.0
274	2015-10-26	23.142495	24.25	24.49	23.559999	4690000	-0.658353457499	-1.69961602617	-1.1075049999999997	1.1915254076	-0.42742469727	-2.81320078183	-3.20653560136	-3.56944393756	0.0
275	2015-10-27	23.073852	23.42	23.799999	23.27	4038000	-0.316035155286	0.182899403988	-0.346148000000003	-0.130513676881	-0.421662485859	-2.60186490184	1.18881765897	2.95684497939	1.0
276	2015-10-28	23.711251	23.52	24.440001	23.52	5537400	0.16041022142	1.57916764514	0.19125100000000117	1.16825941039	-0.330533731335	-0.14153449285	1.2135120684	-0.430839369154	0.0
277	2015-10-29	23.642609	24.18	24.43	24.01	4366100	-0.383725467656	-0.270788619413	-0.5373909999999995	-0.551184387983	-0.223320369236	-0.14153449285	-1.03924887952	-1.2373104826	1.0
278	2015-10-30	23.828924	23.75	24.389999	23.73	50057600	9.5837347402	1.28614008363	0.07892400000000066	0.266920819905	-0.119993729388	-1.0997102924	0.734842417118	1.17501342128	1.0
279	2015-11-02	23.976018	24.58	24.700001	24.120001	14762900	-0.844500547284	-0.413848932888	-0.6039819999999985	-0.04280189056	-0.029799681049	-1.77098412923	0.0320527003254	-0.515561563463	1.0
280	2015-11-03	24.044941	24.459999	24.620001	24.139999	6333800	-0.719291717964	0.0495077364024	-0.4150579999999984	-0.372188688269	0.0520963579555	-0.709589079539	0.0174437413008	0.0395472668048	1.0
281	2015-11-04	24.153252	24.549999	24.74	24.200001	11116700	0.518734259178	0.0987533136756	-0.3967470000000013	-0.180636443624	-0.0093372853102	0.0977008576253	0.192166852495	0.103205108173	1.0
282	2015-11-05	24.232023	24.469999	24.93	24.440001	10044600	-0.276284479689	0.490949031733	-0.23797599999999974	-0.34562863521	-0.401218553746	0.0832304453667	0.0455352857524	-0.0943920873392	1.0
283	2015-11-06	25.334821	25.469999	25.969999	25.120001	16322300	0.397222574285	0.760182925602	-0.1351779999999998	0.726511599171	0.323321500779	-1.76771082355	2.28275789536	1.07627810838	1.0
284	2015-11-09	25.472672	25.73	26.049999	25.48	10013800	-0.547074657201	0.474136769186	-0.2573280000000011	-0.173454486046	0.74041143157	-2.43441435533	-1.17320152791	-1.9924187614	1.0
285	2015-11-10	25.600674	25.870001	26.09	25.77	14272600	0.210796216729	0.449169081548	-0.269326999999997	-0.963567677826	0.844703380524	-2.00204335095	0.51090501202	1.26264212473	1.0
286	2015-11-11	25.689292	26.0	26.129999	25.889999	6575500	-0.689722413624	0.35534748411	-0.31070800000000176	-1.21659340686	1.10239999773	-2.56170938238	0.0665201198135	-0.33785150681	0.0
287	2015-11-12	25.1182	25.75	25.950001	25.49	8336200	0.0637325356654	-0.41164473471	-0.6317999999999984	-0.509301746055	0.825081163085	-2.14973033155	-1.28954846304	-0.632635934483	1.0
288	2015-11-13	25.137893	25.49	25.6	25.219999	9834200	-0.0184865893773	0.241798748281	-0.35210700000000017	-0.756416489789	0.548443182591	-1.83366609848	0.848495934379	1.23220213345	1.0
289	2015-11-16	25.285589	25.6	25.719999	25.27	6910900	-0.463764452867	0.3351530201	-0.3144109999999998	-0.541395871074	0.285610924717	-1.96331349153	0.0646092555762	-0.661656293076	0.0
290	2015-11-17	25.206818	25.719999	25.91	25.52	4455500	-0.517945088004	-0.132328368158	-0.513181000000003	-0.731936374341	-0.0440338888654	-1.78357269634	-0.36261621137	-0.167988600062	1.0
291	2015-11-18	25.797603	25.73	26.219999	25.610001	5740100	0.0829186571266	1.2437417843	0.0676029999999983	-0.0599526237555	-0.288282476521	-0.502789305089	1.4206745455	0.939415137953	0.0
292	2015-11-19	25.718832	26.1	26.24	25.9	3415400	-0.564343267145	0.193617826739	-0.3811680000000024	-0.908238337207	-0.659514774664	-0.428436455576	-1.0015501334	-1.40798730784	0.0
293	2015-11-20	25.620367	26.309999	26.309999	25.870001	3096000	-0.27355572095	-0.513775030445	-0.6896319999999996	-0.600955203858	-0.654519554971	-0.428436455576	0.123732925319	0.849786401579	0.0
294	2015-11-23	25.344667	25.969999	26.18	25.67	4369400	0.197737108506	-0.383799910025	-0.6253320000000002	-0.365318329998	-0.650407410812	-0.726885631481	-0.486588976617	-0.373705821726	1.0
295	2015-11-24	25.728677	25.639999	26.15	25.51	4961100	-0.0598247581168	1.29439556936	0.08867800000000159	0.0398231963641	-0.633348381244	-0.833240507404	1.15175037939	0.834137874933	1.0
296	2015-11-25	25.856681	26.129999	26.280001	25.937	4382200	-0.29518701763	0.446173952645	-0.2733180000000033	-0.90236411144	-0.600924471761	-0.260985909072	-0.356894078534	-0.964398951486	1.0
297	2015-11-27	25.984684	26.23	26.5	26.145	2250600	-0.640364229192	0.513663191082	-0.24531599999999898	-0.870054293766	-0.586042105039	0.0769361618659	0.245798312954	0.460259358067	1.0
298	2015-11-30	26.220997	26.43	26.65	26.254999	9731800	2.91705993488	0.601706243916	-0.20900299999999916	-0.75698114611	-0.546080254617	0.723876127639	0.377400007546	0.0272012854127	0.0
299	2015-12-01	26.092995	26.809999	26.870001	26.280001	6003100	-0.543947346087	-0.546203409747	-0.7170040000000029	-0.170195079213	-0.560461574422	0.496210625847	-0.545710515645	-0.475852535619	1.0
300	2015-12-02	26.230844	26.75	26.860001	26.459999	10320000	0.485099844609	-0.099120792102	-0.5191559999999988	-0.749315604396	-0.619740972054	0.165759423532	0.5566801377	0.660283629301	0.0
301	2015-12-03	26.063455	26.83	26.84	26.379999	10031700	-0.212330014899	-0.657516427005	-0.7665449999999971	-0.564962481099	-0.609847507803	-0.282843746935	-0.595301752459	-0.686690918843	1.0
302	2015-12-04	26.703473	26.690001	27.139999	26.459999	5481300	-0.609723846339	1.11438381164	0.01347200000000015	0.084300986872	-0.434464019351	0.407387364181	1.64191930754	1.20004842271	0.0
303	2015-12-07	26.102841	27.1	27.17	26.365	5337900	-0.210673496758	-1.15876975297	-0.9971589999999999	0.469325365301	-0.480348497513	0.277739971131	-2.21457372449	-2.1460710332	0.0
304	2015-12-08	26.004377	26.25	26.549999	26.09	4656400	-0.305441567112	0.513384715142	-0.24562299999999837	-0.547870575743	-0.647165911944	0.00887759595887	0.8504044742	1.98251980576	0.0
305	2015-12-09	25.699139	26.33	26.74	25.790001	6760600	0.235630478599	-0.376533465821	-0.6308609999999994	0.972193947546	-0.639847119553	-1.40272977346	-0.751697806399	-1.09784670648	1.0
306	2015-12-10	25.896066	26.1	26.57	26.040001	3559700	-0.628266462043	0.60744886446	-0.20393400000000028	-0.324425936527	-0.645484335666	-1.60353358273	0.793181015117	0.86970261102	0.0
307	2015-12-11	25.216665	25.959999	26.17	25.370001	6501300	0.585226415461	-0.6613788583	-0.7433340000000008	0.549916305941	-0.416835723156	-2.54824009988	-1.83501971986	-1.44639466137	1.0
308	2015-12-14	25.324974	25.74	25.959999	25.4	5119800	-0.38463169291	0.101008067144	-0.41502599999999745	-0.200109025533	-0.297991467284	-2.64872522269	1.2261278401	1.81634241884	1.0
309	2015-12-15	26.132381	26.18	26.700001	26.040001	5445300	-0.126895428014	0.972775022498	-0.047619000000000966	0.0651516763928	-0.293481571746	-3.03599766015	1.30815108216	-0.34638562982	1.0
310	2015-12-16	26.496698	26.75	27.02	25.93	9247000	0.465541247469	0.506549037905	-0.25330200000000147	1.32774283834	-0.222535863073	-1.32199919743	-0.278700312995	-0.885588690579	0.0
311	2015-12-17	26.073302	26.91	27.08	26.424999	5395000	-0.575149088387	-0.811212869412	-0.8366979999999984	0.0243024631323	-0.2218750085	-1.0573368338	-1.0854699058	-0.140102947771	0.0
312	2015-12-18	25.50221	26.389999	26.450001	25.84	10143900	0.635527019004	-0.966533183559	-0.8877889999999979	-0.0733144839004	-0.375473053597	0.533641037305	-0.503754600322	0.482738864625	1.0
313	2015-12-21	25.630214	26.139999	26.34	25.731001	4147900	-0.738083869184	-0.104873950225	-0.5097850000000008	-0.0719728162129	-0.389303240371	0.489583824524	0.880920191579	0.600821169936	1.0
314	2015-12-22	25.846834	26.16	26.459999	25.700001	5388300	0.0929313905247	0.354075644721	-0.31316599999999895	0.38616061703	-0.403133424597	0.584032757866	0.0646067374581	-0.645154981198	1.0
315	2015-12-23	26.112688	26.35	26.540001	26.17	3890900	-0.445690191677	0.534770391463	-0.23731200000000285	-0.829255744073	-0.375510528172	0.634424478427	0.320186814637	0.183982574781	1.0
316	2015-12-24	26.191459	26.450001	26.68	26.370001	1072600	-0.862471413041	0.487930607005	-0.25854200000000205	-1.01633592767	-0.336237274384	0.584032757866	-0.110860574486	-0.210388679538	0.0
317	2015-12-28	26.004377	26.440001	26.469999	26.08	2238800	0.828800396565	0.0795462114603	-0.4356239999999971	-0.767561910968	-0.479549822469	0.489583824524	-0.404576581826	-0.0703925592311	1.0
318	2015-12-29	26.211153	26.540001	26.805	26.49	2872000	0.0777954228213	0.328511840299	-0.3288480000000007	-1.00306450405	-0.598497172224	0.355994513972	0.722618890743	0.599114443585	0.0
319	2015-12-30	25.896066	26.49	26.66	26.26	2062900	-0.44925800893	-0.282761123866	-0.5939339999999973	-0.735541997442	-0.599399115453	0.12832901218	-1.02635069119	-1.0002553181	0.0
320	2015-12-31	25.787757	26.219999	26.49	26.139999	2307000	-0.0757801137168	0.0789820197571	-0.43224200000000224	-0.881157343796	-0.682380409114	-0.00131838086982	0.274415175582	0.846095651357	0.0
321	2016-01-04	25.403745	25.709999	25.99	25.455	5598700	1.14581358873	0.35769034599	-0.30625399999999914	-0.280413001323	-0.615934985601	0.12832901218	-0.795572915119	-0.648859313104	0.0
322	2016-01-05	25.285589	25.77	25.950001	25.52	6389300	-0.054417173574	-0.061932581917	-0.4844109999999979	-0.60909476629	-0.55240879817	0.12832901218	0.224825294678	0.604526917805	0.0
323	2016-01-06	24.891733	25.299999	25.530001	25.15	5418800	-0.328055372427	0.100202386105	-0.40826600000000113	-0.745931493333	-0.295206833585	-1.09790287104	-0.829897770382	-0.628654016086	0.0
324	2016-01-07	24.21233	24.790001	24.915001	24.299999	4976700	-0.262416913075	-0.336482462128	-0.5776709999999987	0.0545336315075	0.393121141569	-2.93655389138	-0.961499464974	0.0656129735195	0.0
325	2016-01-08	23.454156	24.809999	24.879999	23.66	10583700	0.865570053702	-2.24679852814	-1.3558430000000001	2.10044732522	1.5668089424	-2.30833613768	-0.848969028387	0.112277383715	1.0
326	2016-01-11	23.532927	24.18	24.24	23.67	6981400	-0.504005972821	-0.547225251175	-0.6470729999999989	-0.04256371191	2.14857973514	-1.61767147695	0.930507166962	0.832145875435	0.0
327	2016-01-12	23.532927	24.1	24.15	23.59	7081700	-0.172836920809	-0.350341840721	-0.5670730000000006	-0.0730866042079	2.42921488337	-1.14616009546	-0.402669397915	-0.927978684932	0.0
328	2016-01-13	22.863371	24.08	24.15	22.955	8078100	-0.0548939287068	-1.99543756859	-1.2166289999999975	2.12916834088	2.68051264008	-2.66811604648	-1.39826143258	-0.334726563739	0.0
329	2016-01-14	22.548286	23.34	23.379999	22.6	9374000	-0.0364830462973	-0.983584320415	-0.7917139999999989	0.769452479933	2.88921882866	-1.79767036628	0.2343567591	0.990347519915	0.0
330	2016-01-15	21.977194	22.190001	22.469999	21.700001	12940800	0.168977525203	0.49917586677	-0.21280699999999797	0.839529194989	3.08192894773	-2.16949389756	-1.0511398206	-0.820994868944	0.0
331	2016-01-19	21.888576	22.6	22.705	22.040001	9794300	-0.413245722531	-0.834765828748	-0.711424000000001	0.43988575311	2.96453320094	-1.66869158516	0.461320361053	0.851210426635	0.0
332	2016-01-20	21.268253	21.870001	21.969999	21.0	11155900	-0.0564633211328	-0.593181464282	-0.6017479999999971	1.65167061047	2.81119734806	-1.74341717678	-1.42496065142	-1.09414543768	0.0
333	2016-01-21	21.002399	21.629999	21.84	21.125	9819600	-0.298077682789	-0.684624295034	-0.627600000000001	0.733042355914	2.49821637936	-1.65459391511	0.238167640297	1.0333087252	0.0
334	2016-01-22	20.460847	21.65	21.799999	19.75	23182200	1.08417632436	-2.26369045914	-1.1891529999999975	5.86262448888	2.74998693838	-1.53514249879	-1.03587828159	-0.797089834675	0.0
335	2016-01-25	19.486052	20.780001	20.915001	19.73	12599300	-0.612438378094	-2.71117044189	-1.2939489999999978	2.76785204363	4.24813527381	-2.40910941712	-1.44785189459	-0.0556016725458	1.0
336	2016-01-26	19.978373	19.969999	20.57	19.969999	16250900	0.08432632568	1.10917758115	0.008373999999999882	0.451423864321	4.07063179685	-1.74341717678	2.15878687343	1.82090317702	1.0
337	2016-01-27	20.884241	20.98	21.610001	20.799999	33935400	0.829689223711	0.805465424552	-0.09575900000000104	1.14730570416	2.63254610139	-1.21916170873	0.882821370747	-1.16186902822	1.0
338	2016-01-28	21.406102	21.5	21.85	21.139999	21317800	-0.53336646356	0.817467976821	-0.09389799999999937	0.697114637245	1.71757371412	-0.807182657897	0.0722441896642	-0.329314580772	0.0
339	2016-01-29	20.923628	21.879999	21.950001	21.25	94875300	3.0350915573	-1.58014044384	-0.9563710000000007	0.665927219643	0.954329260579	-0.491118424823	-1.38681968502	-0.508012054706	0.0
340	2016-02-01	20.460847	21.110001	21.209999	20.559999	10617700	-1.01535160409	-0.790404882864	-0.6491539999999993	0.550535511308	0.594531211857	-0.501314401652	-0.131837273088	0.883649237147	0.0
341	2016-02-02	19.995827	20.51	20.620001	20.08	12990500	0.0223834602921	-0.444154747091	-0.5141730000000031	0.180077732252	0.275486050683	-0.14153449285	-0.552392051479	-0.341828368197	0.0
342	2016-02-03	19.837522	20.27	20.305	19.25	14336100	-0.0895459361851	-0.21662696878	-0.4324779999999997	2.26550114486	0.240576411798	0.118133035351	0.111795302199	0.317703552794	1.0
343	2016-02-04	20.015615	20.040001	20.549999	19.889999	9247700	-0.51761117307	1.00946461208	-0.024385999999999797	0.685750070111	0.167412843745	0.286934818207	0.411818420581	0.0372047153895	0.0
344	2016-02-05	19.639643	20.26	20.620001	19.76	8105900	-0.301517358395	-0.782407813388	-0.620357000000002	1.50189441633	0.301959777166	0.370132408197	-1.10603944408	-0.794368036424	0.0
345	2016-02-08	18.996532	19.52	19.74	18.950001	10227000	0.0580441186637	-0.550658613691	-0.5234680000000012	1.33415595755	0.617275886842	0.951914371533	-0.793652946916	0.380148925498	1.0
346	2016-02-09	19.342821	18.93	19.610001	18.889999	10511900	-0.160242082669	2.41263115034	0.412821000000001	1.06115103584	0.831389319185	0.951914371533	1.46204683853	1.08605801853	0.0
347	2016-02-10	18.660135	19.629999	19.76	18.795	10445600	-0.192137670977	-1.92735174374	-0.9698640000000012	2.08835497418	1.21487750532	0.857465438191	-2.17543345261	-2.09868101434	0.0
348	2016-02-11	17.947763	18.450001	18.65	18.040001	8392700	-0.369728514231	-0.57531342993	-0.502238000000002	0.731107061595	1.38919225619	0.865443475865	-0.46019231935	1.29447990241	1.0
349	2016-02-12	18.689815	18.6	18.99	18.32	9360800	-0.0785606190536	1.3778972259	0.08981499999999798	0.925317243762	0.903737621681	0.794659801752	2.28039493208	1.17212624436	1.0
350	2016-02-16	19.154836	19.15	19.754999	18.9	8897700	-0.232435826976	1.09901268041	0.004836000000000951	1.62516176001	0.46963043971	0.794659801752	-0.293447381112	-1.71957268245	1.0
351	2016-02-17	19.441762	19.59	20.25	19.450001	9440400	-0.129307252859	0.622473451963	-0.1482379999999992	1.33181787372	0.284047473018	0.768642176525	0.266159815934	0.553406993022	0.0
352	2016-02-18	18.907485	19.67	19.809999	18.959999	7980000	-0.330671510901	-1.27881591909	-0.7625150000000005	1.57897135876	0.136019002215	0.505405472923	-1.34943182964	-0.744614978039	1.0
353	2016-02-19	19.036107	19.110001	19.299999	18.885	4536100	-0.589151762196	0.8479741717	-0.07389399999999924	-0.214127476227	-0.177351423974	0.951914371533	1.10749987737	1.41971406212	1.0
354	2016-02-22	19.590172	19.57	19.82	19.440001	4789700	-0.134055665284	1.14643947674	0.020171999999998746	-0.403090099145	-0.19766891191	0.635052865973	0.79703024919	-0.483010891895	0.0
355	2016-02-23	19.16473	19.73	19.809999	19.094999	6184400	0.0855975965948	-0.662381743632	-0.5652700000000017	0.992123016701	-0.187293659736	0.336603690068	-1.61007371161	-1.19892812515	0.0
356	2016-02-24	18.79865	19.0	19.16	18.775	5749500	-0.251900840665	0.437798276022	-0.20135000000000147	-0.32563329527	-0.223990770702	0.118133035351	0.00935070341955	1.15667612588	1.0
357	2016-02-25	18.976743	19.02	19.219999	18.83	6750600	-0.0236947546236	0.945023103726	-0.043257000000000545	-0.31302024548	-0.251919107847	0.496210625847	0.708875195838	0.179730872137	1.0
358	2016-02-26	19.530808	19.299999	20.110001	18.99	11218600	0.431657266674	1.81242891259	0.2308090000000007	2.67362233897	-0.569657722352	0.0769361618659	0.7951120243	-0.136492618453	0.0
359	2016-02-29	19.026213	19.66	19.799999	19.18	4248100	-0.766315420245	-0.880987117787	-0.6337870000000017	0.613293151297	-0.632231650197	0.0769361618659	-1.75956101798	-1.2681174683	1.0
360	2016-03-01	20.055192	19.33	20.280001	19.315001	7856800	0.606814436719	3.36994633418	0.7251920000000034	1.97571220019	-0.401160080478	0.00887759595887	3.08914860825	2.70973991822	1.0
361	2016-03-02	20.737879	20.24	21.094999	20.16	8907100	-0.0614479496038	2.58272016557	0.49787900000000107	1.70493522286	0.245480805043	-0.851280094957	-0.138216828451	-2.19446777266	1.0
362	2016-03-03	21.212793	20.85	21.559999	20.82	8729100	-0.204906187162	2.14402198483	0.3627929999999999	0.865090992216	1.0832142964	-0.851280094957	0.482729594866	0.616599213827	1.0
363	2016-03-04	21.6976	21.639999	22.23	21.584999	7150200	-0.355113525992	1.2458372092	0.05760100000000179	0.429523347536	2.15075704441	0.0832304453667	0.651375712272	0.103099980164	0.0
364	2016-03-07	21.30184	21.700001	21.860001	21.41	6164000	-0.315014771595	-0.0345668710156	-0.39816100000000176	-0.280760327987	2.68304763796	0.172053707033	-1.31876773699	-0.967339963887	0.0
365	2016-03-08	20.698304	21.26	21.26	20.530001	9761900	0.358677874498	-0.526483642155	-0.5616960000000013	0.833821247404	2.4894424909	0.396150033425	-0.563677288309	0.657192669336	0.0
366	2016-03-09	20.480636	21.1	21.23	20.559999	5653000	-0.579204917531	-0.705252309468	-0.6193640000000009	0.627268727023	1.78522023875	0.505405472923	0.199088965458	0.313535218568	1.0
367	2016-03-10	20.78735	20.879999	21.23	20.58	5182200	-0.264001091589	0.813210325489	-0.09264900000000154	0.544714222167	1.10642555299	0.505405472923	0.712702541653	0.0842300227001	1.0
368	2016-03-11	21.677812	21.34	21.934999	21.290001	5958900	-0.0463257525934	2.04833374353	0.33781199999999956	0.447297665711	1.02888461954	0.505405472923	1.39497501955	0.196883382389	1.0
369	2016-03-14	21.855905	21.809999	22.16	21.6	4860800	-0.358288844913	1.21189439032	0.04590599999999867	0.0986100273753	0.173332293931	0.576189147036	-0.711243076868	-1.12830993111	1.0
370	2016-03-15	21.954845	21.82	22.219999	21.629999	5750100	-0.0154475588153	1.46023698953	0.13484499999999855	0.203647374496	0.000903783972042	0.336603690068	0.312158085618	0.804437709739	0.0
371	2016-03-16	21.380992	22.01	22.549999	21.58	8255800	0.220573836321	-0.65799415514	-0.6290080000000025	1.63061642505	-0.087685533649	0.277739971131	-1.29002167554	-0.83010433518	1.0
372	2016-03-17	21.499719	21.5	21.815001	21.129999	7425100	-0.280186550246	1.08282634518	-0.00028100000000108594	0.597865333935	-0.0808078787413	0.0977008576253	1.06725163353	1.3353705656	1.0
373	2016-03-18	21.84601	21.93	22.24	21.76	10236600	0.167249322304	0.85022035646	-0.08399000000000001	-0.200348800951	-0.0394939124907	-0.215218730433	0.352407879076	-0.665132857262	0.0
374	2016-03-21	21.766858	22.110001	22.25	21.73	3721900	-0.780392208511	0.137815002249	-0.3431430000000013	-0.0578510318246	0.00940307039652	-0.686730112028	-0.594338862837	-0.434694977895	0.0
375	2016-03-22	21.6976	21.860001	22.07	21.559999	3745800	-0.180254498841	0.63087639664	-0.16240099999999913	-0.0807893311825	-0.149968486982	-0.686730112028	0.0917636726908	0.499373941636	0.0
376	2016-03-23	21.460144	21.93	21.965	21.549999	3020100	-0.367118663675	-0.222074961167	-0.46985600000000005	-0.425483640511	-0.512801750995	-0.753944610741	-0.444851556465	-0.316040132385	0.0
377	2016-03-24	21.361203	21.440001	21.700001	21.219999	3906500	0.0877568540192	0.85964403848	-0.07879799999999904	-0.160196791967	-0.715650344455	-1.32199919743	0.0821787466842	0.307526450653	0.0
378	2016-03-28	21.163322	21.67	21.73	21.27	3613000	-0.256390517726	-0.341294474346	-0.5066780000000008	-0.236615827305	-0.647903177593	-0.529848284349	-0.381608439207	-0.290592941311	0.0
379	2016-03-29	20.975337	21.23	21.379999	20.790001	5997200	0.429815993258	0.352597580971	-0.25466300000000075	0.284211416689	-0.568820138944	-0.523181258641	-0.172708073211	0.150279280647	1.0
380	2016-03-30	21.024806	21.209999	21.355	20.98	6099700	-0.170293319532	0.551514035481	-0.18519299999999816	-0.53567558401	-0.584276968382	-0.573572979202	0.281491087451	0.19802037157	0.0
381	2016-03-31	20.727986	21.200001	21.209999	20.74	4954800	-0.361480551938	-0.273241553855	-0.47201499999999896	-0.161002499785	-0.444862141629	-0.88649256726	-0.774484644515	-0.581359646958	1.0
382	2016-04-01	21.123747	20.92	21.379999	20.629999	4556800	-0.261240431999	1.6771574832	0.2037469999999999	0.904610617977	-0.439574947692	-1.07894559675	1.26273527257	1.11521945325	1.0
383	2016-04-04	21.282051	21.299999	21.65	21.115	4721700	-0.152465309914	1.03227135777	-0.01794800000000052	0.0567062455883	-0.540692410417	-1.37739477265	-0.316448646669	-1.03167142785	0.0
384	2016-04-05	20.539999	21.280001	21.344999	20.690001	6993200	0.26287477304	-1.03560561741	-0.7400019999999969	0.554772552739	-0.506186309884	-1.19345396582	-1.64457289813	-0.458137252422	1.0
385	2016-04-06	21.113853	20.74	21.360001	20.549999	6861700	-0.203804489719	2.18214455738	0.37385300000000043	1.14807767006	-0.619060938936	-1.6127284298	2.28805814657	2.13906546737	0.0
386	2016-04-07	20.569682	21.120001	21.25	20.530001	6302300	-0.262359644813	-0.504328171736	-0.5503189999999982	0.813282673243	-0.608815731292	-0.88649256726	-2.22718504106	-2.71082022904	1.0
387	2016-04-08	20.648834	20.959999	21.35	20.780001	5449600	-0.312562813155	0.17889904926	-0.311164999999999	0.239162510907	-0.632949613352	-1.18920216589	1.12666546795	2.14621272712	1.0
388	2016-04-11	20.817033	21.030001	21.450001	21.02	2854300	-0.630855184171	0.466471629141	-0.21296800000000005	-0.311166483166	-0.65320336927	-1.87986682663	0.0381035444252	-0.878709423448	1.0
389	2016-04-12	21.282051	21.16	21.545	21.139999	4149300	0.237317708035	1.43513650288	0.12205099999999902	-0.429013869022	-0.607424329949	0.0117781594284	0.791277705234	0.409881166582	1.0
390	2016-04-13	22.3605	21.75	22.74	21.66	6202600	0.275737490285	2.79420105129	0.6104999999999983	1.97287844786	0.00773395180537	-0.0322790533524	1.73036181376	0.356136306959	1.0
391	2016-04-14	22.578168	22.58	23.280001	22.450001	5943800	-0.225202598871	1.07867839183	-0.0018319999999967251	0.991622913245	0.622126458607	0.250680991976	-0.820486013421	-1.37991307243	0.0
392	2016-04-15	22.311029	22.77	22.879999	22.41	5015500	-0.332055744486	-0.144774146128	-0.45897099999999824	-0.287036468405	0.94922373561	0.683051996256	-0.448685488127	0.549409267858	1.0
393	2016-04-18	22.479228	22.4	22.77	22.25	3604600	-0.44887327044	1.29917243345	0.07922800000000052	-0.100401938367	1.31310091946	0.901522650972	0.802781437235	0.642042908339	1.0
394	2016-04-19	22.855202	22.73	23.375	22.73	8795800	1.15825674534	1.41930507825	0.12520199999999804	0.311555678558	1.48033097348	0.370132408197	0.467396192633	-0.372651045075	1.0
395	2016-04-20	23.112447	23.129999	23.43	22.99	7534500	-0.320123116815	1.03737755079	-0.01755200000000201	-0.433415101	1.88275324357	0.117091681424	0.101345499475	-0.186810356998	1.0
396	2016-04-21	23.280645	23.74	24.24	23.48	8222300	-0.101025849017	-0.095568444338	-0.4593549999999986	0.635277328462	1.68693799283	0.588603062914	0.15309011467	0.0916665434107	1.0
397	2016-04-22	23.369691	23.620001	23.77	23.48	5180600	-0.531611948221	0.43779789598	-0.2503099999999989	-0.970892554389	1.16082750877	0.857465438191	0.0591834858701	-0.0312739011573	0.0
398	2016-04-25	23.132233	23.58	23.629999	23.129999	3325900	-0.520479680483	-0.0736208189734	-0.4477669999999989	-0.2423174411	0.284721883447	0.928249112304	-0.563677675712	-0.281733089077	1.0
399	2016-04-26	23.300432	23.48	23.645	23.33	4065900	0.0214688049924	0.617556886268	-0.17956799999999973	-0.880546485013	-0.348755463413	0.857465438191	0.712708158994	0.704945810391	1.0
400	2016-04-27	23.369691	23.52	23.83	23.344999	4806500	-0.0161984658751	0.694161643887	-0.15030900000000003	-0.300250845761	-0.390041012207	0.638994783475	-0.174627654011	-0.603381826449	0.0
401	2016-04-28	22.993717	23.4	23.65	23.135	3265900	-0.485484914734	0.0255164909523	-0.4062829999999984	-0.178529606021	-0.447416103783	0.683051996256	-0.831986065095	-0.225122869919	0.0
402	2016-04-29	22.607851	23.08	23.26	22.709999	5315000	0.399500685058	-0.163070952304	-0.47214899999999815	-0.0278089891347	-0.557840616455	0.863091109867	-0.287696967872	0.395020550956	1.0
403	2016-05-02	22.936076	22.84	23.09	22.57	3123000	-0.571274866566	1.33997403516	0.09607600000000005	-0.136893882644	-0.665660642039	0.430720105587	1.07475581917	0.589457895581	0.0
404	2016-05-03	22.389033	22.68	22.75	22.290001	3869200	0.0368175839914	0.301784051479	-0.2909669999999984	-0.322258525146	-0.530020430509	-0.0322790533524	-1.76226625163	-1.59095815732	0.0
405	2016-05-04	21.871827	22.25	22.34	21.635	5197500	0.134249877911	0.0478201595671	-0.3781730000000003	0.605598019945	-0.133259349341	-0.0322790533524	-0.235266843449	1.1161514746	1.0
406	2016-05-05	21.991182	22.0	22.200001	21.780001	4871200	-0.244859847397	1.05919619081	-0.008818000000001547	-0.428222731974	0.0539591645814	0.489583824524	0.741525889966	0.335315095047	0.0
407	2016-05-06	21.971289	21.91	22.219999	21.77	3713900	-0.408049738548	1.25409626736	0.061288999999998595	-0.314482096509	0.104338551769	0.768642176525	-0.406732284623	-0.757743871236	0.0
408	2016-05-09	21.732579	22.030001	22.219999	21.83	2712400	-0.438001411846	0.260859183422	-0.2974219999999974	-0.530408121692	0.243544483325	0.857465438191	-0.437555793515	0.116874783547	1.0
409	2016-05-10	22.239839	21.940001	22.52	21.82	10159300	2.37689988882	1.91647239664	0.29983800000000116	0.584032168666	0.0333246642435	0.857465438191	1.39464495237	0.924233387758	0.0
410	2016-05-11	22.080699	22.360001	22.629999	22.190001	3672600	-0.782339878174	0.322387830199	-0.27930200000000127	-0.37140925455	-0.282573911097	0.928249112304	-1.12150204514	-1.47744074249	0.0
411	2016-05-12	21.643063	22.360001	22.469999	21.6	5748800	0.341524176299	-0.870385031789	-0.716937999999999	1.21530822432	-0.373772823037	0.928249112304	-0.522328626851	0.609222423627	0.0
412	2016-05-13	21.284997	22.0	22.219999	21.25	6519600	-0.0610747252169	-0.896999671162	-0.7150029999999994	1.63941633949	-0.259441073825	0.928249112304	-0.233337383878	0.141304648739	1.0
413	2016-05-16	21.593331	21.42	21.9	21.299999	4284700	-0.506278396487	1.57676633255	0.17333099999999746	0.279382357897	-0.535115495515	0.928249112304	0.970791439268	0.506326838829	1.0
414	2016-05-17	21.70274	21.59	22.09	21.459999	4167700	-0.211742247094	1.40185342702	0.11273999999999873	0.376305015343	-0.623977851614	0.857465438191	-0.325813721595	-0.831609676954	1.0
415	2016-05-18	23.0057	21.74	23.139999	21.74	9873100	1.09178268188	4.63165680681	1.2657000000000025	3.06663039604	-0.205753598996	0.505405472923	2.74519323924	1.61346437585	0.0
416	2016-05-19	22.776936	22.940001	23.485001	22.620001	4818800	-0.664174285898	0.650427428479	-0.16306499999999957	1.07857985052	0.00757357967379	0.297130795035	-2.21388608455	-2.78605853611	1.0
417	2016-05-20	22.856506	22.99	23.41	22.860001	3933200	-0.357823190057	0.729756462616	-0.1334939999999989	-0.0345128279128	0.217187349836	0.588603062914	0.982350376166	2.19520058768	0.0
418	2016-05-23	22.84656	22.969999	23.110001	22.719999	2941400	-0.421662312792	0.756125374609	-0.12343900000000119	-0.594620931805	0.319551191682	1.08156176458	-0.219849955916	-0.881332364383	1.0
419	2016-05-24	23.125056	23.120001	23.57	23.030001	3165600	-0.11508982167	1.09694730944	0.005055000000002252	-0.0858939974777	0.568414826741	0.768642176525	0.635562899092	0.47672235226	1.0
420	2016-05-25	23.562692	23.4	23.855	23.26	6771500	0.877182652855	1.50733104249	0.16269199999999984	0.0736901144372	1.00505072236	1.08156176458	0.548864867616	-0.151863731992	0.0
421	2016-05-26	23.224519	23.68	23.709999	23.27	4663400	-0.476891496096	-0.0885862764393	-0.4554809999999989	-0.455008984668	0.918164080927	0.928249112304	-1.20819949551	-0.850291947112	1.0
422	2016-05-27	23.463229	23.43	23.620001	23.26	3513500	-0.416451676962	1.17005224526	0.03322899999999862	-0.728883994715	0.449962265743	0.665012408702	1.13455221385	1.39531410553	0.0
423	2016-05-31	23.423443	23.76	23.809999	23.35	6726900	0.667591456055	0.220388480423	-0.33655700000000266	-0.395783854385	-0.0216178895719	0.277739971131	-0.541595329561	-1.09603569014	1.0
424	2016-06-01	23.473175	23.280001	23.709999	22.959999	3952200	-0.57133141651	1.58931032837	0.19317400000000262	0.615758378229	-0.592723928867	0.0769361618659	0.250243566211	0.546567430643	1.0
425	2016-06-02	23.701939	23.549999	23.879999	23.290001	3508100	-0.291153912831	1.47680858146	0.15193999999999974	0.0442058771852	-0.528299108797	0.187875355537	0.402441336169	0.00362793319145	0.0
426	2016-06-03	23.015646	22.83	23.23	22.52	7799800	0.955864711974	1.57918280681	0.18564600000000198	0.526549820951	-0.583980633404	0.227015732747	-1.75535634185	-1.07390344122	1.0
427	2016-06-06	23.343873	23.24	23.67	23.15	5449800	-0.467527933593	1.35600777466	0.1038730000000001	-0.168559661873	-0.644893637719	0.227015732747	1.71638916381	1.98107589943	1.0
428	2016-06-07	23.353819	23.459999	23.700001	23.32	3722500	-0.482145607443	0.807799345881	-0.10617999999999839	-0.658113029134	-0.72459076134	0.187875355537	-0.691870225795	-1.61051739967	0.0
429	2016-06-08	23.333926	23.49	23.690001	23.360001	3343100	-0.281400749336	0.678707649648	-0.15607399999999672	-0.830054918451	-0.744790541976	0.187875355537	0.0691395437447	0.604049796156	0.0
430	2016-06-09	22.757043	23.26	23.26	22.809999	4449100	0.122607863275	-0.234141266057	-0.5029570000000021	-0.39098603393	-0.64616859319	0.227015732747	-1.200491536	-0.636163762299	0.0
431	2016-06-10	22.3393	22.549999	22.690001	22.27	4677600	-0.138301924223	0.514203159088	-0.2106989999999982	-0.458925805723	-0.370000965544	0.659386737027	-0.11774104165	0.697746709065	0.0
432	2016-06-13	21.961343	22.309999	22.719999	22.049999	5179700	-0.0860375529651	0.131234390819	-0.34865600000000185	0.469835406813	0.0502971738187	0.380328385026	-0.464527356515	-0.294134350811	0.0
433	2016-06-14	21.19548	22.01	22.18	20.940001	8924700	0.488743662831	-1.1716455753	-0.8145200000000017	2.65062439314	0.985173798679	0.638994783475	-1.2833395586	-0.381801343054	1.0
434	2016-06-15	21.245213	21.440001	21.84	21.299999	6084900	-0.483310864995	0.529949103418	-0.19478799999999907	0.0706587406335	1.52777262979	0.430720105587	0.995842065558	1.21769339902	0.0
435	2016-06-16	20.82747	21.16	21.190001	20.83	4987500	-0.354619027627	0.125917969723	-0.33252999999999844	-0.584692771594	1.92951537	0.857465438191	-1.25636663969	-1.39840467888	1.0
436	2016-06-17	20.98661	21.0	21.235001	20.92	9968000	0.746021520889	1.04476507825	-0.013390000000001123	-0.756954693563	2.23722017819	0.768642176525	0.922626232106	1.30104260072	1.0
437	2016-06-20	21.19548	21.530001	21.82	21.25	6019400	-0.556066755603	0.136740834407	-0.33452099999999874	0.181612123311	1.90037061184	0.768642176525	0.0652839175264	-0.666057712107	1.0
438	2016-06-21	21.434191	21.33	21.59	21.059999	6220000	-0.155137308102	1.38130710745	0.10419100000000014	0.029312460614	1.19294064349	0.768642176525	0.284923282425	0.163726389796	0.0
439	2016-06-22	21.255159	21.52	21.82	21.34	4140200	-0.49841380178	0.333625922017	-0.26484100000000055	-0.159106621085	0.29194904772	0.430720105587	-0.626364288869	-0.436985601044	1.0
440	2016-06-23	22.001129	21.75	22.129999	21.690001	5342800	0.084927023819	1.78726869842	0.2511289999999988	-0.346324012821	-0.146190001748	0.430720105587	1.9225339338	1.35450062675	0.0
441	2016-06-24	19.84279	20.469999	20.82	19.950001	21596300	2.65382746968	-0.783663790213	-0.6272090000000006	1.50625294126	0.22198101523	-0.653201393793	-5.68177577029	-3.97999851898	0.0
442	2016-06-27	18.340905	19.559999	19.559999	18.34	13059000	-0.555306332843	-2.71463894008	-1.219094000000002	3.2115136134	2.23901448266	-2.93655389138	0.013270057396	3.81049767619	1.0
443	2016-06-28	18.868055	18.91	19.280001	18.615	23334900	0.548369409479	0.94844509741	-0.0419450000000019	0.866717335332	3.26797307441	-2.54433840666	2.32133623951	0.483042227417	1.0
444	2016-06-29	19.415101	19.25	19.59	18.860001	8301000	-0.787724799717	1.60630238007	0.16510099999999994	1.07203259609	3.4784781423	-2.2409461835	-0.133147275606	-1.76571541152	1.0
445	2016-06-30	19.872628	19.77	20.120001	19.629999	10744100	0.0885165304242	1.39997858673	0.10262799999999928	0.0239934905649	3.49013598569	-1.59723929923	0.4351898495	0.533911873561	0.0
446	2016-07-01	19.544401	19.879999	19.91	19.379999	5723900	-0.622466962176	0.0548498989527	-0.33559800000000095	0.198087951789	3.4748448278	-1.09643698673	-1.10994078383	-0.701404187653	0.0
447	2016-07-05	18.798432	19.309999	19.34	18.73	5693200	-0.191256686127	-0.530872506492	-0.511567000000003	0.610174727955	3.56803488843	-0.501314401652	-0.969298464141	0.320078411277	1.0
448	2016-07-06	18.887948	18.65	19.01	18.58	7896000	0.174969691434	1.86115749059	0.23794800000000293	-0.121553372392	2.99046174903	-0.0527112310785	1.07289938503	1.00470945658	1.0
449	2016-07-07	19.315638	18.99	19.440001	18.99	8140400	-0.15735288283	2.12864775129	0.3256380000000014	-0.074522015759	2.11367944776	0.277739971131	0.498775237119	-0.612593675461	1.0
450	2016-07-08	19.743327	19.790001	20.01	19.525	8867100	-0.102907902265	0.939893402484	-0.04667399999999944	0.0091475701769	-0.0691066465645	0.576189147036	0.363908899257	-0.0676518622117	1.0
451	2016-07-11	20.011877	20.030001	20.225	19.940001	4953400	-0.598307160115	1.02847994154	-0.01812400000000025	-0.818827244943	0.00255033562642	0.768642176525	0.155839899638	-0.054425643249	1.0
452	2016-07-12	20.330157	20.450001	20.690001	20.360001	6519500	0.108917834505	0.726482023369	-0.1198440000000005	-0.662149871501	-0.0536926102953	0.863091109867	0.477578106331	0.205683301833	1.0
453	2016-07-13	20.449511	20.370001	20.605	20.209999	3949200	-0.554312011967	1.32149698271	0.07951000000000263	-0.407421090818	0.0494535201982	0.863091109867	-0.0753568525476	-0.30160771545	1.0
454	2016-07-14	20.8772	21.0	21.360001	20.82	4670500	-0.0157358833052	0.727257385935	-0.12280000000000157	0.10989766602	0.461436609879	0.812699389306	0.870608497948	0.522135773825	0.0
455	2016-07-15	20.867254	21.139999	21.27	20.950001	5157300	-0.0889435135214	0.297358893144	-0.27274500000000046	-0.73842106792	0.806569491232	0.928249112304	-0.557006018649	-0.809766168843	0.0
456	2016-07-18	20.867254	20.940001	21.08	20.74	8284900	0.379912836283	0.871906239023	-0.07274699999999967	-0.655657213853	1.02630705345	0.665012408702	0.177029476071	0.537079844561	1.0
457	2016-07-19	20.916986	20.77	21.18	20.77	5204800	-0.533329509997	1.51489954989	0.14698600000000184	-0.381952298914	0.666227840045	0.277739971131	0.0999673140672	-0.0995518555561	1.0
458	2016-07-20	21.205427	21.059999	21.530001	20.84	8471000	0.39960651398	1.50445237885	0.145427999999999	0.6613692835	0.223194560744	-0.14153449285	0.545009241397	0.194762125721	1.0
459	2016-07-21	21.563493	22.26	22.5	21.514999	12955900	0.30802733108	-0.823228573575	-0.6965070000000004	1.6501807365	0.0325281218228	0.951914371533	0.388958750742	-0.149273820555	1.0
460	2016-07-22	21.682847	21.75	22.0	21.610001	6390700	-0.659327167718	0.895464843534	-0.06715300000000113	-0.519532265755	-0.0515984575366	0.0769361618659	-0.121597248972	-0.234930665861	1.0
461	2016-07-25	21.911612	21.74	22.07	21.74	5910700	-0.256369933538	1.56468881771	0.1716120000000032	-0.747720627218	-0.0644154231743	0.496210625847	0.462171291271	0.366357592917	1.0
462	2016-07-26	22.36914	21.99	22.559999	21.91	6197800	-0.140902671262	2.13435229185	0.37914000000000314	0.392538699416	0.173391621597	-0.282843746935	0.708770984489	0.0470271044163	1.0
463	2016-07-27	22.458656	22.469999	22.75	22.25	8846600	0.212742137079	1.05285894148	-0.011343000000000103	-0.174010188218	0.280548923206	0.0769361618659	-0.343153676553	-0.563158630748	0.0
464	2016-07-28	22.329355	22.549999	22.73	22.305	6201300	-0.465407822311	0.487326530567	-0.22064400000000006	-0.440686649537	0.335603994354	0.336603690068	-0.221775928862	0.21201008342	0.0
465	2016-07-29	22.21	22.370001	22.73	22.280001	4011700	-0.51588508931	0.647736540215	-0.16000099999999762	-0.340319511165	0.209198943156	0.505405472923	-0.0464566047822	0.107100248282	0.0
466	2016-08-01	22.200001	22.25	22.525	22.120001	4848100	0.00839306574744	0.946677322058	-0.04999899999999968	-0.498315736181	-0.0357542279809	0.588603062914	0.088293705945	0.0303074742016	0.0
467	2016-08-02	22.049999	22.16	22.440001	21.92	5918500	0.0198736493697	0.781110286391	-0.11000100000000046	-0.072203375692	-0.370941897973	0.588603062914	-0.354436588967	-0.246848795328	1.0
468	2016-08-03	22.459999	22.07	22.48	22.0	4841300	-0.356166439487	2.1605285744	0.38999899999999954	-0.23019411421	-0.555798192469	0.505405472923	1.07096450182	0.737733410091	1.0
469	2016-08-04	22.610001	22.450001	22.725	22.450001	5901700	0.0182347970958	1.51795316087	0.16000000000000014	-0.981922606535	-0.616031656865	0.665012408702	-0.296566942039	-0.858637978256	1.0
470	2016-08-05	23.389999	22.950001	23.450001	22.860001	7331000	0.0398494224468	2.25200393912	0.4399979999999992	0.0837129840082	-0.370185180272	1.08156176458	1.61525534235	1.0696676141	1.0
471	2016-08-08	23.450001	23.49	23.690001	23.379999	5396500	-0.43260232227	0.979850255239	-0.03999899999999812	-0.901342548577	-0.166426476966	1.21120915763	-0.873792830346	-1.43079300598	1.0
472	2016-08-09	23.49	23.379999	23.59	23.280001	5153000	-0.228374347914	1.37034989707	0.1100009999999969	-0.899767230474	0.0658873163368	0.987112831241	0.303898270838	0.886456513313	0.0
473	2016-08-10	23.25	23.450001	23.530001	23.16	3478400	-0.489640707128	0.563859280973	-0.20000100000000032	-0.689355247634	0.142555121908	1.05789650535	-0.544506080386	-0.49337126007	1.0
474	2016-08-11	23.4	23.290001	23.52	23.148001	3691000	-0.129188907621	1.37145264402	0.1099989999999984	-0.682203382463	0.189044199485	0.987112831241	0.658377049105	0.662220550738	0.0
475	2016-08-12	23.27	23.219999	23.290001	22.959999	3080100	-0.340767134274	1.21485281024	0.050000999999998186	-0.821910392927	0.0767330507445	0.857465438191	-0.575500433906	-0.75634068106	1.0
476	2016-08-15	23.540001	23.42	23.68	23.35	4491000	0.241395693907	1.39588151048	0.12000099999999847	-0.83333779926	-0.0565871181295	0.588603062914	0.80752963947	0.802663884092	0.0
477	2016-08-16	23.389999	23.35	23.665001	23.320999	4756500	-0.13105776806	1.18801762112	0.03999899999999812	-0.77986352683	-0.435773783543	0.275683474855	-0.738215220972	-0.907766336998	1.0
478	2016-08-17	23.440001	23.32	23.540001	23.319	4241700	-0.287291730917	1.39722052707	0.12000099999999847	-1.20322599698	-0.640911379794	0.275683474855	0.412384028648	0.741119150381	0.0
479	2016-08-18	23.389999	23.459999	23.594999	23.32	3797000	-0.284126142236	0.90178403332	-0.07000000000000028	-1.01940619372	-0.823332591283	0.396150033425	-0.23459373111	-0.432123358385	1.0
480	2016-08-19	23.58	23.309999	23.620001	23.200001	2948800	-0.394799253582	1.78951709535	0.27000099999999705	-0.523104548313	-0.814187624986	0.277739971131	0.489862842347	0.403600793896	0.0
481	2016-08-22	23.5	23.559999	23.620001	23.370001	3139100	-0.126001034974	0.928425145565	-0.059999000000001246	-1.10901126646	-0.812491735685	-0.131338516022	-0.449596659477	-0.54164004274	1.0
482	2016-08-23	23.530001	23.629999	23.76	23.504999	4698200	0.277433309433	0.825727120104	-0.09999800000000292	-1.09377533661	-0.810346749737	-0.212060072822	0.243858974612	0.451853827591	0.0
