#index	date	close	open	high	low	volume	percent_change	dollar_change	spread
0	2014-09-24	23.08	21.50	23.219999	21.35	60450900	0.07348837209302318	1.5799999999999983	0.08389407806191117	
1	2014-09-25	23.049999	22.559999	23.41	22.450001	8430000	0.021719859118788012	0.48999999999999844	0.04209598956790131	
2	2014-09-26	23.25	23.18	23.370001	22.91	2504400	0.003019844693701479	0.07000000000000028	0.019814818005599755	
3	2014-09-29	23.23	23.139999	23.450001	22.91	4832600	0.0038894124412019587	0.09000100000000089	0.02329096448762055	
4	2014-09-30	23.42	23.110001	23.57	23.049999	4103100	0.013414062595670214	0.30999900000000125	0.022351213790001878	
5	2014-10-01	23.440001	23.219999	23.610001	23.110001	3915500	0.009474677410623375	0.22000199999999737	0.021431633090441493	
6	2014-10-02	23.34	23.34	23.59	23.302999	3121400	0.0	0.0	0.012296529562982009	
7	2014-10-03	23.23	23.379999	23.469999	23.01	1585900	-0.006415697451484112	-0.1499990000000011	0.019738211107878368	
8	2014-10-06	22.639999	23.280001	23.370001	22.610001	1208400	-0.027491493664454702	-0.6400019999999991	0.03310104529616716	
9	2014-10-07	22.52	22.559999	22.74	22.26	1508400	-0.001773005397739675	-0.03999900000000167	0.021295475184016612	
10	2014-10-08	22.75	22.110001	23.15	22.110001	1649200	0.028946131662318762	0.6399989999999995	0.046366427856298895	
11	2014-10-09	22.48	23.00	23.00	22.24	1229100	-0.022608695652173893	-0.5199999999999996	0.03342128408091476	
12	2014-10-10	22.280001	22.389999	22.559999	22.135	924000	-0.004912818441840972	-0.10999800000000093	0.019028385941347644	
13	2014-10-13	22.450001	22.129999	22.66	22.120001	1382800	0.014460100065978258	0.3200019999999988	0.02422606550022439	
14	2014-10-14	22.450001	22.50	22.790001	22.299999	1605800	-0.0022221777777777637	-0.04999899999999968	0.02180209072742848	
15	2014-10-15	21.85	22.129999	22.200001	21.50	3405400	-0.012652463292022747	-0.2799990000000001	0.031832697404108636	
16	2014-10-16	21.799999	21.51	21.950001	21.469999	3105800	0.013482054858205398	0.2899989999999981	0.022165874443913002	
17	2014-10-17	21.92	21.889999	22.07	21.73	2750600	0.0013705345532451676	0.030001000000002165	0.015521570772005716	
18	2014-10-20	22.379999	21.82	22.379999	21.82	1870600	0.025664482126489516	0.5599990000000012	0.025339321840256203	
19	2014-10-21	22.82	22.110001	22.93	22.110001	1165500	0.0321121197597413	0.7099989999999998	0.03650117880032984	
20	2014-10-22	22.60	22.780001	23.00	22.403	884700	-0.007901711681224123	-0.1800009999999972	0.026311149706673708	
21	2014-10-23	23.030001	22.969999	23.08	22.59	1154200	0.00261218992652099	0.060001999999997224	0.021304347826086888	
22	2014-10-24	23.18	23.32	23.49	22.77	1357800	-0.0060034305317324425	-0.14000000000000057	0.030967741935483822	
23	2014-10-27	22.85	23.15	23.190001	22.725	2898800	-0.012958963282937244	-0.29999999999999716	0.020217434782608578	
24	2014-10-28	23.280001	23.16	23.59	22.93	1500600	0.00518139032815192	0.12000099999999847	0.02842377199776547	
25	2014-10-29	23.48	23.35	23.530001	23.200001	1302300	0.005567451820128437	0.129999999999999	0.014093529788596982	
26	2014-10-30	23.440001	23.459999	23.690001	23.297001	1153500	-0.0008524297038546792	-0.01999800000000107	0.01675906183368858	
27	2014-10-31	23.620001	23.59	23.92	23.370001	1238600	0.0012717676981771348	0.030000999999998612	0.02330010541622328	
28	2014-11-03	24.00	23.49	24.00	23.16	1826900	0.021711366538952812	0.5100000000000016	0.03537586860391661	
29	2014-11-04	23.60	23.74	23.91	23.43	1474500	-0.005897219882055477	-0.13999999999999702	0.02027883396704691	
30	2014-11-05	23.90	23.799999	23.950001	23.549999	1097600	0.004201722865618562	0.1000009999999989	0.01677157267864935	
31	2014-11-06	24.299999	23.790001	24.459999	23.75	1010700	0.02143749384457779	0.5099979999999995	0.029527926803909327	
32	2014-11-07	23.969999	24.48	24.48	23.959999	600700	-0.020833374183006497	-0.510000999999999	0.021465469999287327	
33	2014-11-10	23.950001	24.040001	24.25	23.75	1531300	-0.0037437602436039773	-0.08999999999999986	0.020837673647106744	
34	2014-11-11	23.940001	23.969999	24.219999	23.75	658300	-0.0012514810701495078	-0.029998000000002634	0.01962007931538307	
35	2014-11-12	23.860001	23.75	23.98	23.51	940800	0.0046316210526315986	0.11000100000000046	0.019743750898051814	
36	2014-11-13	23.82	23.620001	23.959999	23.58	1149700	0.008467357812559018	0.19999900000000181	0.016020193591479964	
37	2014-11-14	23.959999	23.74	24.00	23.74	1111500	0.009267017691659706	0.2199990000000014	0.010901467733783457	
38	2014-11-17	24.00	24.110001	24.110001	23.559999	992400	-0.004562463518769678	-0.11000100000000046	0.022864352050210902	
39	2014-11-18	23.73	24.040001	24.040001	23.709999	586000	-0.01289521576974975	-0.31000099999999975	0.013816286082974976	
40	2014-11-19	23.719999	23.799999	24.00	23.51	812800	-0.003361344679048024	-0.0799999999999983	0.02062289649086258	
41	2014-11-20	23.709999	23.57	23.870001	23.50	745800	0.0059397114976665055	0.13999899999999954	0.015651480872493184	
42	2014-11-21	23.77	23.950001	24.209999	23.695	725200	-0.007515699059887335	-0.18000100000000074	0.02158419904475692	
43	2014-11-24	24.25	23.799999	24.360001	23.68	836800	0.01890760583645404	0.4500010000000003	0.028303892368447322	
44	2014-11-25	24.030001	24.24	24.299999	24.02	701600	-0.008663325082508245	-0.20999899999999982	0.011601367068544297	
45	2014-11-26	24.23	24.110001	24.27	23.92	703700	0.00497714620584213	0.11999899999999997	0.014480760974746272	
46	2014-11-28	24.629999	24.219999	25.09	24.049999	713400	0.016928159245588742	0.41000000000000014	0.04257936714756878	
47	2014-12-01	23.98	24.620001	24.895	23.49	2282600	-0.025995165475419683	-0.640000999999998	0.05781892885146242	
48	2014-12-02	24.200001	24.02	24.43	23.799999	1369300	0.007493796835970056	0.18000100000000074	0.02613027735109338	
49	2014-12-03	24.23	24.33	24.59	24.190001	1854500	-0.004110152075626711	-0.09999999999999787	0.016474423393739748	
50	2014-12-04	24.40	24.32	24.559999	24.09	1433700	0.0032894736842104563	0.0799999999999983	0.019293883415435198	
51	2014-12-05	25.15	24.450001	25.219999	24.450001	1008400	0.028629814779966605	0.6999989999999983	0.031048305825639038	
52	2014-12-08	25.040001	25.08	25.139999	24.68	2244900	-0.0015948564593300687	-0.03999899999999812	0.018355905459778415	
53	2014-12-09	25.16	24.709999	25.33	24.50	1141800	0.01821129171231453	0.4500010000000003	0.033286545684510574	
54	2014-12-10	24.65	25.15	25.41	24.620001	631000	-0.019880715705765408	-0.5	0.031726867469879586	
55	2014-12-11	24.690001	24.85	25.280001	24.51	1709100	-0.006438591549295882	-0.15999900000000267	0.03108603086221161	
56	2014-12-12	24.459999	24.52	24.83	24.40	950800	-0.0024470228384991743	-0.06000099999999975	0.017558187373584867	
57	2014-12-15	24.49	24.68	24.805	24.27	1175100	-0.007698541329011397	-0.19000000000000128	0.021761236526337203	
58	2014-12-16	24.25	24.530001	24.875	24.219999	1313900	-0.011414634675310394	-0.2800009999999986	0.026855309002556133	
59	2014-12-17	24.559999	24.219999	24.799999	24.219999	2160100	0.01403798571585407	0.33999999999999986	0.02378023877737749	
60	2014-12-18	25.08	24.75	25.139999	24.68	1768500	0.013333333333333265	0.3299999999999983	0.018462733293196865	
61	2014-12-19	25.00	25.040001	25.60	24.84	7523100	-0.0015974839617618297	-0.040001000000000175	0.030375698833419347	
62	2014-12-22	25.10	25.16	25.278999	24.66	1689600	-0.002384737678855275	-0.05999999999999872	0.024631874253879773	
63	2014-12-23	25.440001	25.309999	25.50	25.120001	1174600	0.005136388982077696	0.1300019999999975	0.014975330049261144	
64	2014-12-24	25.51	25.450001	25.59	25.18	547200	0.0023575244653232528	0.059999000000001246	0.016091051489579056	
65	2014-12-26	25.309999	25.51	25.51	25.25	304000	-0.00784010192081538	-0.20000100000000032	0.010232192251715769	
66	2014-12-29	25.370001	25.200001	25.51	25.18	1071000	0.006746031478332011	0.16999999999999815	0.013051215619884763	
67	2014-12-30	25.190001	25.459999	25.50	25.16	511800	-0.010604792246849699	-0.26999800000000107	0.013425468904244812	
68	2014-12-31	24.860001	25.25	25.285	24.83	621600	-0.015445504950495032	-0.38999899999999954	0.018160047532228222	
69	2015-01-02	24.76	24.969999	25.00	24.290001	643500	-0.008410052399281226	-0.20999899999999982	0.0285541529972683	
70	2015-01-05	24.18	24.58	24.68	23.84	1330400	-0.01627339300244095	-0.3999999999999986	0.03445447087776866	
71	2015-01-06	23.91	24.17	24.219999	23.700001	2075000	-0.010757136946628115	-0.26000000000000156	0.021630532445923507	
72	2015-01-07	24.00	23.99	24.129999	23.790001	1160200	0.0004168403501459593	0.010000000000001563	0.014169535319858362	
73	2015-01-08	24.18	24.07	24.48	23.940001	661500	0.0045700041545492075	0.10999999999999943	0.02238337823834204	
74	2015-01-09	23.889999	24.15	24.18	23.780001	724700	-0.0107660869565217	-0.26000099999999904	0.016652748056884895	
75	2015-01-12	23.879999	23.799999	24.040001	23.620001	938600	0.003361344679048173	0.08000000000000185	0.017617450403416616	
76	2015-01-13	23.870001	23.940001	24.190001	23.610001	989800	-0.0029239764860494485	-0.07000000000000028	0.024262705531783845	
77	2015-01-14	23.440001	23.60	23.743999	23.10	962500	-0.0067796186440679095	-0.15999900000000267	0.02738090928186831	
78	2015-01-15	22.959999	23.370001	23.610001	22.67	1558000	-0.01754394447822226	-0.41000199999999865	0.04057850205050718	
79	2015-01-16	23.190001	22.83	23.24	22.790001	1951800	0.015768769163381536	0.36000100000000046	0.019556670587642894	
80	2015-01-20	23.10	23.16	23.85	22.91	1742100	-0.0025906735751294783	-0.05999999999999872	0.04063986165153485	
81	2015-01-21	23.280001	23.07	23.59	23.01	787300	0.009102774165582935	0.21000099999999833	0.02502696817633287	
82	2015-01-22	24.139999	23.299999	24.16	23.280001	486500	0.036051503693197574	0.8399999999999999	0.03709945350334971	
83	2015-01-23	23.709999	24.040001	24.040001	23.67	651800	-0.0137272040878867	-0.33000200000000035	0.015497424083769569	
84	2015-01-26	24.09	23.75	24.309999	23.530001	1165400	0.014315789473684205	0.33999999999999986	0.032608612040133884	
85	2015-01-27	24.15	23.860001	24.639999	23.76	1308200	0.012154190605440382	0.2899989999999981	0.03665898694732366	
86	2015-01-28	23.860001	24.17	24.35	23.84	1301900	-0.012825775755068316	-0.30999900000000125	0.02123672660344111	
87	2015-01-29	24.24	23.92	24.35	23.26	1818600	0.013377926421404545	0.31999999999999673	0.04526578073089701	
88	2015-01-30	23.90	24.10	24.24	23.809999	1882300	-0.00829875518672211	-0.20000000000000284	0.017916708333333215	
89	2015-02-02	24.00	23.85	24.16	23.690001	1445800	0.0062893081761005686	0.14999999999999858	0.019644681295715834	
90	2015-02-03	24.290001	23.91	24.450001	23.799999	1351800	0.01589297365119197	0.38000100000000003	0.02697103678483329	
91	2015-02-04	24.01	24.27	24.379999	23.93	1101600	-0.010712814173877133	-0.259999999999998	0.018641217895609023	
92	2015-02-05	24.35	24.09	24.41	23.98	984600	0.010792860107928666	0.26000000000000156	0.017753922378199824	
93	2015-02-06	24.50	24.41	25.00	24.219999	1748400	0.003687013519049564	0.08999999999999986	0.03189535882232667	
94	2015-02-09	24.26	24.48	24.530001	24.110001	781600	-0.008986928104575118	-0.21999999999999886	0.017234304472712274	
95	2015-02-10	24.82	24.73	24.959999	24.530001	1384900	0.00363930448847553	0.08999999999999986	0.017356125126135265	
96	2015-02-11	24.969999	24.879999	25.00	24.549999	1393100	0.003617363489443864	0.08999999999999986	0.01805420333216464	
97	2015-02-12	25.33	24.799999	25.370001	24.75	985100	0.021371008926250303	0.5300009999999986	0.02473572760294683	
98	2015-02-13	25.450001	25.280001	25.67	25.139999	1164500	0.006724683278295824	0.1700000000000017	0.02089497256475575	
99	2015-02-17	25.559999	25.709999	25.74	25.26	1807100	-0.005834305944547045	-0.14999999999999858	0.018724400964478166	
100	2015-02-18	25.209999	25.629999	25.629999	25.059999	1783500	-0.016387047069334717	-0.4200000000000017	0.022423289631128634	
101	2015-02-19	25.02	25.02	25.219999	24.85	896800	0.0	0.0	0.014788129496402876	
102	2015-02-20	25.25	25.10	25.26	24.862	744800	0.005976095617529823	0.14999999999999858	0.015809334657398342	
103	2015-02-23	24.91	25.10	25.10	24.674999	743600	-0.007569721115537899	-0.19000000000000128	0.016996640671865695	
104	2015-02-24	24.93	24.860001	25.07	24.77	530700	0.0028157279639690787	0.06999899999999926	0.012050612330777045	
105	2015-02-25	24.959999	24.870001	25.00	24.719999	612600	0.0036187372891541645	0.08999800000000135	0.011238250050170524	
106	2015-02-26	24.85	24.940001	24.995001	24.610001	702900	-0.003608700737421676	-0.09000099999999733	0.015464952491163758	
107	2015-02-27	24.84	24.799999	25.00	24.709999	468500	0.0016129436134251528	0.040001000000000175	0.011684166230543242	
108	2015-03-02	24.85	24.84	25.18	24.620001	1408600	0.0004025764895330742	0.010000000000001563	0.022539706178305544	
109	2015-03-03	25.040001	24.82	25.049999	24.58	905500	0.008863859790491535	0.2200009999999999	0.018852747315428308	
110	2015-03-04	24.90	24.99	24.99	24.50	1781500	-0.0036014405762304865	-0.08999999999999986	0.019643215073160893	
111	2015-03-05	25.299999	24.889999	25.32	24.610001	1959200	0.0164724795690028	0.41000000000000014	0.028292449822372966	
112	2015-03-06	25.50	25.030001	25.799999	24.950001	1542200	0.018777426337298245	0.4699990000000014	0.03364330034349294	
113	2015-03-09	25.23	25.469999	25.535	25.110001	1890600	-0.009422811520330289	-0.23999900000000096	0.016765246878998937	
114	2015-03-10	25.00	24.950001	25.200001	24.790001	1434300	0.002003967855552378	0.04999899999999968	0.01641641608775944	
115	2015-03-11	25.110001	25.00	25.27	25.00	837700	0.004400040000000018	0.11000100000000046	0.010776291942201302	
116	2015-03-12	25.49	25.120001	25.780001	24.99	2143300	0.014729258967784277	0.36999899999999997	0.031219165555835506	
117	2015-03-13	24.77	25.17	25.23	24.43	3480900	-0.015891934843067227	-0.40000000000000213	0.03203844613536246	
118	2015-03-16	25.309999	24.93	25.32	24.77	1186800	0.015242639390292882	0.37999900000000153	0.021894904894404984	
119	2015-03-17	25.60	25.18	25.610001	24.90	1225200	0.016679904686259003	0.4200000000000017	0.027963804647499087	
120	2015-03-18	25.190001	25.450001	25.84	25.10	1287700	-0.010216109618227581	-0.26000000000000156	0.029225907218566008	
121	2015-03-19	24.799999	25.00	25.190001	24.495001	1824100	-0.008000040000000012	-0.20000100000000032	0.027911647146820234	
122	2015-03-20	24.799999	24.780001	25.02	24.74	6593200	0.0008070217592001336	0.01999800000000107	0.011294876966518803	
123	2015-03-23	24.76	24.85	25.24	24.51	3773300	-0.0036217303822937566	-0.08999999999999986	0.02942955049385192	
124	2015-03-24	24.32	24.700001	24.92	24.24	2657600	-0.015384655247584809	-0.38000100000000003	0.027743777483807203	
125	2015-03-25	24.00	24.27	24.43	23.84	5012400	-0.01112484548825709	-0.2699999999999996	0.02444582556453283	
126	2015-03-26	24.120001	24.00	24.290001	23.83	62491000	0.005000041666666603	0.12000099999999847	0.01911891065837683	
127	2015-03-27	24.48	24.110001	24.540001	24.10	9244300	0.015346287210854946	0.36999899999999997	0.01811076315886467	
128	2015-03-30	24.32	24.50	24.68	24.16	5463500	-0.007346938775510192	-0.17999999999999972	0.02130274477673083	
129	2015-03-31	24.129999	24.219999	24.290001	24.040001	3946500	-0.0037159373953731317	-0.08999999999999986	0.010341262061686125	
130	2015-04-01	24.360001	24.15	24.459999	24.030001	5348500	0.008695693581780616	0.21000100000000188	0.017728220619908922	
131	2015-04-02	24.620001	24.34	24.68	24.25	6024800	0.011503738701725498	0.2800009999999986	0.017565359118354582	
132	2015-04-06	24.75	24.48	24.799999	24.280001	3718400	0.011029411764705864	0.2699999999999996	0.02112524883201304	
133	2015-04-07	24.90	24.73	25.00	24.700001	5752800	0.006874241811564826	0.16999999999999815	0.012089421720733415	
134	2015-04-08	25.00	25.00	25.09	24.879999	4441600	0.0	0.0	0.008400039999999933	
135	2015-04-09	25.040001	25.00	25.139999	24.93	3584900	0.001600040000000007	0.040001000000000175	0.00839324523594633	
136	2015-04-10	25.110001	25.030001	25.299999	24.969999	2606700	0.0031961644747837544	0.08000000000000185	0.013163142673987062	
137	2015-04-13	25.450001	25.190001	25.459999	24.98	4462600	0.010321555763336475	0.26000000000000156	0.018957305728384426	
138	2015-04-14	25.139999	25.15	25.25	25.02	1860800	-0.0003976540755466815	-0.010000999999999038	0.009146947885204789	
139	2015-04-15	25.60	25.15	25.66	25.02	3701300	0.01789264413518898	0.45000000000000284	0.025221674876847313	
140	2015-04-16	25.49	25.60	25.629999	25.200001	1971000	-0.004296875000000117	-0.11000000000000298	0.016832961440595075	
141	2015-04-17	25.120001	25.360001	25.41	25.040001	1302100	-0.00946372202430126	-0.240000000000002	0.014659230797970253	
142	2015-04-20	25.110001	25.190001	25.280001	24.969999	2630000	-0.0031758633117957517	-0.0799999999999983	0.01232612277033298	
143	2015-04-21	25.040001	25.190001	25.459999	24.959999	3493900	-0.005954743709617105	-0.14999999999999858	0.019908420469503467	
144	2015-04-22	25.49	25.50	25.98	24.92	3562600	-0.00039215686274515933	-0.010000000000001563	0.041576779760737356	
145	2015-04-23	25.639999	25.66	25.74	25.280001	2450300	-0.0007794621979735231	-0.0200010000000006	0.017933684560110803	
146	2015-04-24	25.57	25.66	25.719999	25.280001	1918400	-0.00350740452065471	-0.08999999999999986	0.01717735701737274	
147	2015-04-27	25.48	25.700001	25.84	25.48	4843500	-0.008560349861464981	-0.2200009999999999	0.014067995035795306	
148	2015-04-28	25.780001	25.530001	25.825001	25.389999	2557100	0.00979240071318446	0.25	0.016955836407880117	
149	2015-04-29	26.09	25.629999	26.290001	25.60	3516600	0.017947757235573764	0.46000099999999833	0.02668217375642249	
150	2015-04-30	26.049999	25.99	26.18	25.68	2700300	0.0023085417468257504	0.059999000000001246	0.019215988071022063	
151	2015-05-01	25.98	26.15	26.302	25.91	2090700	-0.00650095602294448	-0.16999999999999815	0.01503932476501053	
152	2015-05-04	26.299999	26.049999	26.379999	25.969999	1626000	0.009596929351129725	0.25	0.01566380193557983	
153	2015-05-05	26.24	26.23	26.469999	26.139999	2164100	0.00038124285169645485	0.00999999999999801	0.012578616352201328	
154	2015-05-06	25.85	26.290001	26.431999	25.780001	2614500	-0.01673643907430809	-0.44000099999999875	0.02500951237035851	
155	2015-05-07	25.950001	25.82	25.959999	25.610001	2998300	0.005034895429899304	0.13000100000000003	0.013521266881953483	
156	2015-05-08	25.809999	26.190001	26.242001	25.57	3298200	-0.014509430526558495	-0.3800019999999975	0.025846192307692233	
157	2015-05-11	26.07	25.83	26.190001	25.83	4875100	0.009291521486643516	0.240000000000002	0.013872870905587687	
158	2015-05-12	26.15	26.02	26.25	25.959999	3526300	0.004996156802459608	0.129999999999999	0.011117538815411162	
159	2015-05-13	26.23	26.290001	26.41	25.99	3532400	-0.0022822745423250364	-0.06000099999999975	0.015993906778486226	
160	2015-05-14	26.48	26.48	26.59	26.139999	2561300	0.0	0.0	0.016993995468277956	
161	2015-05-15	25.93	26.450001	26.582001	25.90	2266900	-0.019659772413619214	-0.5200010000000006	0.026040511148520337	
162	2015-05-18	26.299999	25.99	26.379999	25.889999	2182500	0.011927626010003895	0.30999900000000125	0.01874163355788177	
163	2015-05-19	26.860001	26.02	26.889999	25.940001	3279800	0.03228289777094546	0.8400010000000009	0.035930332149577714	
164	2015-05-20	26.75	26.65	26.950001	26.639999	3430900	0.0037523452157599032	0.10000000000000142	0.011610561797752838	
165	2015-05-21	26.84	26.76	26.91	26.459999	5403600	0.0029895366218235533	0.0799999999999983	0.01679108208955225	
166	2015-05-22	26.92	26.83	26.99	26.700001	3185400	0.0033544539694373245	0.09000000000000341	0.010790660465116208	
167	2015-05-26	26.700001	26.870001	26.99	26.66	5930200	-0.006326758231233343	-0.16999999999999815	0.012320328082123211	
168	2015-05-27	26.77	26.764999	26.92	26.59	4423300	0.00018684850315144915	0.005001000000000033	0.012328383530930928	
169	2015-05-28	26.83	26.77	26.92	26.58	3074900	0.0022413149047440686	0.05999999999999872	0.012686567164179234	
170	2015-05-29	26.84	26.889999	26.950001	26.565001	11662100	-0.0018593901769947884	-0.04999899999999968	0.014330914095122226	
171	2015-06-01	26.950001	26.91	27.025	26.719999	4060500	0.0014864734299516974	0.040001000000000175	0.011325696039255448	
172	2015-06-02	27.190001	27.00	27.34	26.950001	3798500	0.007037074074074028	0.19000099999999875	0.014393762421225996	
173	2015-06-03	27.620001	27.290001	27.67	27.24	6359400	0.01209234107393394	0.3299999999999983	0.01566199178065968	
174	2015-06-04	27.75	27.530001	27.870001	27.530001	6119200	0.00799124562327482	0.2199990000000014	0.012301012802080081	
175	2015-06-05	28.32	27.790001	28.35	27.299999	7049800	0.019071571821821818	0.5299990000000001	0.03742651866999617	
176	2015-06-08	28.040001	28.389999	28.709999	28.00	11994700	-0.012328214594160407	-0.34999799999999937	0.025163884458621295	
177	2015-06-09	28.08	28.01	28.09	27.299999	8313400	0.002499107461620733	0.06999999999999673	0.0281690497414869	
178	2015-06-10	28.00	28.200001	28.309999	27.83	7645800	-0.007092233791055551	-0.20000100000000032	0.017081814642672444	
179	2015-06-11	27.52	28.09	28.17	27.459999	10332600	-0.02029191883232468	-0.5700000000000003	0.025535011688545294	
180	2015-06-12	27.540001	27.50	27.639999	27.33	8410200	0.0014545818181818245	0.040001000000000175	0.011264498341851455	
181	2015-06-15	27.91	27.370001	27.99	27.360001	6176000	0.01972959372562689	0.5399990000000017	0.022793016953816553	
182	2015-06-16	28.25	27.85	28.290001	27.73	5020100	0.014362657091561887	0.3999999999999986	0.019964385026737957	
183	2015-06-17	27.91	28.33	28.41	27.84	6830800	-0.014825273561595418	-0.41999999999999815	0.020270270270270282	
184	2015-06-18	28.07	28.00	28.120001	27.60	6168300	0.00250000000000001	0.07000000000000028	0.018548278937042875	
185	2015-06-19	28.190001	28.120001	28.459999	28.02	29234700	0.002489331348174571	0.07000000000000028	0.01562773874524104	
186	2015-06-22	28.27	28.389999	28.540001	28.17	3695200	-0.004226805361986803	-0.11999899999999997	0.013060395571132942	
187	2015-06-23	28.190001	28.379999	28.530001	28.059999	5113400	-0.006694785295799439	-0.18999800000000278	0.01661665193565485	
188	2015-06-24	28.049999	28.10	28.32	27.985001	2675600	-0.0017793950177936561	-0.05000100000000174	0.011932288725419205	
189	2015-06-25	27.379999	27.950001	28.040001	27.280001	5014800	-0.020393630755147336	-0.5700019999999988	0.027471534429784984	
190	2015-06-26	27.540001	27.370001	27.615	27.26	9588300	0.0062111798972898	0.1700000000000017	0.012930249028218826	
191	2015-06-29	26.93	27.209999	27.389999	26.799999	3022500	-0.0102902980628555	-0.2799990000000001	0.021795345803386507	
192	2015-06-30	27.309999	27.209999	27.870001	26.985001	5545300	0.003675119576446931	0.10000000000000142	0.03246515159446624	
193	2015-07-01	27.440001	27.530001	27.74	27.34	2837700	-0.003269160796616021	-0.08999999999999986	0.01455339223018397	
194	2015-07-02	27.15	27.43	27.469999	26.92	2158000	-0.010207801676996031	-0.28000000000000114	0.020153865884939528	
195	2015-07-06	27.01	26.93	27.040001	26.67	3392000	0.002970664686223611	0.08000000000000185	0.01371898405635886	
196	2015-07-07	26.74	27.01	27.040001	26.440001	3582600	-0.009996297667530659	-0.2700000000000031	0.02232558139534889	
197	2015-07-08	26.639999	26.58	26.709999	26.459999	3601900	0.002257298720842786	0.059999000000001246	0.009394964475666375	
198	2015-07-09	26.98	26.91	27.030001	26.799999	2196300	0.002601263470828699	0.07000000000000028	0.008535980701428797	
199	2015-07-10	27.299999	27.25	27.35	27.049999	1767500	0.0018348256880733828	0.04999899999999968	0.010999120274961022	
200	2015-07-13	27.25	27.50	27.700001	27.190001	2075200	-0.00909090909090909	-0.25	0.018630136986301428	
201	2015-07-14	27.549999	27.299999	27.58	27.23	3363200	0.009157509492949066	0.25	0.01276207886096907	
202	2015-07-15	27.799999	27.75	28.00	27.620001	2356000	0.0018017657657657543	0.04999899999999968	0.013681332379501988	
203	2015-07-16	28.110001	27.889999	28.15	27.709999	2239400	0.007888203940057542	0.22000200000000092	0.015714321428571383	
204	2015-07-17	27.91	28.08	28.181999	27.84	3126700	-0.006054131054130989	-0.16999999999999815	0.012216431505626051	
205	2015-07-20	27.959999	27.93	28.17	27.870001	4131700	0.0010740780522735449	0.02999900000000011	0.010735337461716656	
206	2015-07-21	26.719999	26.530001	27.58	25.48	10366900	0.007161628075325093	0.18999800000000278	0.07887323943661964	
207	2015-07-22	27.040001	26.690001	27.254999	26.614	3829300	0.013113525173715859	0.3500000000000014	0.02386000283417078	
208	2015-07-23	26.450001	27.059999	27.299999	26.370001	3075000	-0.022542425075477678	-0.6099980000000009	0.03475978321809012	
209	2015-07-24	26.15	26.48	26.65	26.120001	1993900	-0.012462235649546897	-0.33000000000000185	0.020140566216986514	
210	2015-07-27	25.940001	26.02	26.129999	25.68	2544300	-0.0030745196003074873	-0.07999900000000082	0.017320977341782645	
211	2015-07-28	26.17	25.799999	26.360001	25.74	5631600	0.014341124586865373	0.370001000000002	0.023859958126995616	
212	2015-07-29	26.00	26.10	26.33	26.00	59753900	-0.0038314176245211272	-0.10000000000000142	0.01266794625719763	
213	2015-07-30	26.49	26.030001	26.629999	25.60	17805600	0.017671877922709255	0.4599989999999998	0.039223114256985644	
214	2015-07-31	26.07	26.559999	26.60	25.98	9396400	-0.018448758224727378	-0.48999900000000096	0.023560707268871543	
215	2015-08-03	26.030001	26.18	26.50	26.00	6981500	-0.005729526355996987	-0.1499990000000011	0.019153418518417575	
216	2015-08-04	26.27	26.049999	26.440001	25.90	5120700	0.00844533621671156	0.2200009999999999	0.020642240455700324	
217	2015-08-05	26.66	26.49	26.84	26.41	6478800	0.0064175160437901745	0.1700000000000017	0.016180620884289735	
218	2015-08-06	26.65	26.77	26.84	26.43	4042000	-0.00448262980948827	-0.120000000000001	0.01535005615874205	
219	2015-08-07	26.700001	26.530001	26.82	26.309999	8972800	0.006407839939395468	0.1700000000000017	0.01916216347314806	
220	2015-08-10	27.190001	27.01	27.26	26.90	4443200	0.006664235468344953	0.1800009999999972	0.013284132596233827	
221	2015-08-11	26.84	27.00	27.190001	26.700001	4909300	-0.005925925925925931	-0.16000000000000014	0.0182020802377414	
222	2015-08-12	26.030001	26.780001	26.790001	25.74	6983100	-0.02800597356213691	-0.75	0.0397652323512505	
223	2015-08-13	26.200001	26.00	26.299999	25.975	4317400	0.007692346153846166	0.20000100000000032	0.012452068726971797	
224	2015-08-14	26.379999	26.26	26.42	26.129999	1998500	0.004569649657273418	0.11999899999999997	0.011018275285301589	
225	2015-08-17	26.280001	26.309999	26.48	26.08	1746200	-0.0011401748818007417	-0.029998000000002634	0.015212017493820198	
226	2015-08-18	26.559999	26.290001	26.58	26.190001	2415200	0.0102699881981747	0.26999800000000107	0.014758713339640473	
227	2015-08-19	26.26	26.43	26.57	26.23	4323000	-0.006432084752175488	-0.16999999999999815	0.012905674701081794	
228	2015-08-20	25.33	26.049999	26.290001	25.33	3193800	-0.02763911814353626	-0.7199990000000014	0.03736866557743615	
229	2015-08-21	24.57	25.02	25.110001	24.57	4203100	-0.01798561151079134	-0.4499999999999993	0.02177862472272636	
230	2015-08-24	23.030001	23.58	24.10	21.139999	8454800	-0.023324809160305333	-0.5499989999999997	0.12701141113470485	
231	2015-08-25	23.10	23.799999	24.08	23.07	5607800	-0.029411723924862278	-0.6999989999999983	0.043070363391692096	
232	2015-08-26	24.190001	24.00	24.450001	23.450001	6358500	0.00791670833333328	0.19000099999999875	0.04150238552599325	
233	2015-08-27	24.48	24.65	24.99	24.370001	5251700	-0.006896551724137856	-0.16999999999999815	0.02523912070018319	
234	2015-08-28	24.690001	24.67	24.885	24.370001	3096500	0.0008107417916496574	0.02000099999999705	0.020867057924087284	
235	2015-08-31	24.82	24.620001	24.940001	24.50	3553100	0.0081234359007541	0.19999900000000181	0.017799392843863365	
236	2015-09-01	23.690001	24.469999	24.59	23.52	5046600	-0.0318756858142905	-0.7799980000000026	0.04443521594684387	
237	2015-09-02	24.129999	23.98	24.33	23.440001	5658400	0.006255170975813224	0.1499990000000011	0.03699850419868018	
238	2015-09-03	24.50	24.299999	24.790001	24.209999	3093800	0.00823049416586397	0.20000100000000032	0.023770574257593748	
239	2015-09-04	24.09	24.24	24.43	23.959999	2295000	-0.00618811881188113	-0.14999999999999858	0.019449658597144627	
240	2015-09-08	24.629999	24.60	24.629999	24.215	3484900	0.0012194715447154515	0.02999900000000011	0.016859598148681727	
241	2015-09-09	24.40	24.780001	24.99	24.365	3949800	-0.015334987274617143	-0.38000100000000003	0.025416835595428313	
242	2015-09-10	24.440001	24.299999	24.636	24.219999	2010800	0.00576139941404932	0.14000199999999907	0.017070209273697082	
243	2015-09-11	24.32	24.299999	24.540001	24.059999	3544800	0.0008230864536249818	0.0200010000000006	0.019745043598211467	
244	2015-09-14	24.41	24.280001	24.67	24.25	2459300	0.005354159581789208	0.12999900000000153	0.01725200211024854	
245	2015-09-15	25.030001	24.450001	25.139999	24.422001	2882000	0.023721880420372918	0.5799999999999983	0.029021744986994863	
246	2015-09-16	24.879999	24.93	25.059999	24.635	3541400	-0.002005655836341684	-0.050000999999998186	0.01706480660640044	
247	2015-09-17	24.040001	24.84	24.959999	23.68	5433100	-0.032206078904991935	-0.7999989999999997	0.052373116768144094	
248	2015-09-18	23.75	23.690001	23.99	23.219999	11030900	0.0025326719065989593	0.059999000000001246	0.03246209880982073	
249	2015-09-21	23.90	23.950001	24.139999	23.719999	3422200	-0.002087724338717219	-0.05000100000000174	0.017554858567296504	
250	2015-09-22	23.60	23.50	23.67	23.42	2220000	0.004255319148936231	0.10000000000000142	0.010615711252653927	
251	2015-09-23	23.34	23.75	23.790001	23.275	3662100	-0.01726315789473685	-0.41000000000000014	0.021873051603312873	
252	2015-09-24	23.24	23.059999	23.32	23.00	3495100	0.007805767901377497	0.1800009999999972	0.013822894467017172	
253	2015-09-25	23.610001	23.629999	23.82	23.48	4083200	-0.000846297115797638	-0.01999800000000107	0.014394580863674846	
254	2015-09-28	22.629999	23.40	23.559999	22.60	5404800	-0.032906025641025516	-0.770000999999997	0.041711884460392874	
255	2015-09-29	23.219999	22.76	23.440001	22.565001	5979200	0.020210852372583472	0.4599989999999998	0.03806002692605539	
256	2015-09-30	23.860001	23.66	25.23	23.389999	5608500	0.008453127641589193	0.20000100000000032	0.0774411178989664	
257	2015-10-01	23.50	23.75	24.02	23.370001	3214100	-0.010526315789473684	-0.25	0.02751318518518523	
258	2015-10-02	23.41	22.99	23.48	22.48	7919400	0.018268812527185808	0.4200000000000017	0.04310344827586207	
259	2015-10-05	23.719999	23.639999	23.83	23.32	6639600	0.003384094897804431	0.08000000000000185	0.02153716307167065	
260	2015-10-06	23.360001	23.66	23.83	23.299999	3616500	-0.012679585798816555	-0.2999989999999997	0.022543640524380192	
261	2015-10-07	23.440001	23.52	23.565001	23.18	4528600	-0.0034013180272109192	-0.07999900000000082	0.01639697580074579	
262	2015-10-08	23.52	23.43	23.639999	23.24	4248700	0.003841229193341863	0.08999999999999986	0.017039361022364263	
263	2015-10-09	23.459999	23.49	23.82	23.360001	3644200	-0.001277181779480571	-0.030000999999998612	0.019595271982859885	
264	2015-10-12	23.559999	23.459999	23.690001	23.389999	1948800	0.004262574776750904	0.10000000000000142	0.012760613048090695	
265	2015-10-13	23.459999	23.50	23.620001	23.379999	2278100	-0.0017021702127659648	-0.040001000000000175	0.010221550473201542	
266	2015-10-14	22.91	23.35	23.49	22.790001	2973500	-0.01884368308351183	-0.4400000000000013	0.030263683527885783	
267	2015-10-15	23.52	23.040001	23.59	22.940001	3083900	0.020833289026332916	0.4799989999999994	0.027920918644310216	
268	2015-10-16	23.219999	23.620001	23.780001	23.219999	4212300	-0.01693488497312075	-0.4000019999999971	0.02391127241673771	
269	2015-10-19	23.23	23.200001	23.49	23.030001	3846700	0.0012930602890922336	0.02999900000000011	0.01981473142763877	
270	2015-10-20	23.389999	23.23	23.60	23.16	4082200	0.0068876022384846795	0.15999899999999911	0.01887601928090995	
271	2015-10-21	23.17	23.48	23.865	23.17	3909600	-0.013202725724020389	-0.3099999999999987	0.029796355841371774	
272	2015-10-22	22.870001	23.26	23.620001	22.870001	9977700	-0.016766938950988953	-0.3899990000000031	0.03251679964195102	
273	2015-10-23	24.219999	23.549999	24.299999	23.209999	9488000	0.0284501073651851	0.6700000000000017	0.045635337895555274	
274	2015-10-26	23.60	24.25	24.49	23.559999	4690000	-0.02680412371134015	-0.6499999999999986	0.03887151515151503	
275	2015-10-27	23.530001	23.42	23.799999	23.27	4038000	0.004696883005977664	0.1100009999999969	0.022577166718271213	
276	2015-10-28	24.18	23.52	24.440001	23.52	5537400	0.028061224489795925	0.6600000000000001	0.03857446540880499	
277	2015-10-29	24.110001	24.18	24.43	24.01	4366100	-0.0028949131513647335	-0.06999899999999926	0.017394905417376077	
278	2015-10-30	24.299999	23.75	24.389999	23.73	50057600	0.023157852631578935	0.5499989999999997	0.027471342923441024	
279	2015-11-02	24.450001	24.58	24.700001	24.120001	14762900	-0.0052888120423107395	-0.12999899999999798	0.023658983812788494	
280	2015-11-03	24.42	24.459999	24.620001	24.139999	6333800	-0.001635282160068695	-0.03999899999999812	0.01964001676841274	
281	2015-11-04	24.530001	24.549999	24.74	24.200001	11116700	-0.0008145825179056451	-0.01999800000000107	0.022004849225753794	
282	2015-11-05	24.610001	24.469999	24.93	24.440001	10044600	0.005721373343742232	0.14000199999999907	0.019967359413202972	
283	2015-11-06	25.73	25.469999	25.969999	25.120001	16322300	0.010208127609270775	0.26000099999999904	0.033203047523497134	
284	2015-11-09	25.870001	25.73	26.049999	25.48	10013800	0.005441158181111467	0.14000099999999804	0.022092984067965397	
285	2015-11-10	26.00	25.870001	26.09	25.77	14272600	0.005025086779084451	0.12999900000000153	0.012338538416453868	
286	2015-11-11	26.09	26.00	26.129999	25.889999	6575500	0.003461538461538456	0.08999999999999986	0.009214820502975694	
287	2015-11-12	25.51	25.75	25.950001	25.49	8336200	-0.009320388349514503	-0.23999999999999844	0.017947756535310257	
288	2015-11-13	25.530001	25.49	25.60	25.219999	9834200	0.0015692820714005562	0.040001000000000175	0.014896158077299923	
289	2015-11-16	25.68	25.60	25.719999	25.27	6910900	0.0031249999999999334	0.0799999999999983	0.01755066302652113	
290	2015-11-17	25.60	25.719999	25.91	25.52	4455500	-0.004665591161181614	-0.11999899999999997	0.015198753218993654	
291	2015-11-18	26.200001	25.73	26.219999	25.610001	5740100	0.018266653711620673	0.4700009999999999	0.023493086395280482	
292	2015-11-19	26.120001	26.10	26.24	25.90	3415400	0.0007663218390803467	0.02000099999999705	0.013021830466835874	
293	2015-11-20	26.02	26.309999	26.309999	25.870001	3096000	-0.011022387344066477	-0.28999900000000167	0.016816281613152823	
294	2015-11-23	25.74	25.969999	26.18	25.67	4369400	-0.008856334572827782	-0.22999900000000295	0.019725391988501026	
295	2015-11-24	26.129999	25.639999	26.15	25.51	4961100	0.019110765175926955	0.490000000000002	0.024724745015442997	
296	2015-11-25	26.26	26.129999	26.280001	25.937	4382200	0.004975162838697393	0.13000100000000003	0.01309414035300888	
297	2015-11-27	26.389999	26.23	26.50	26.145	2250600	0.0060998475028592875	0.15999899999999911	0.013492968709482508	
298	2015-11-30	26.629999	26.43	26.65	26.254999	9731800	0.007567120696178654	0.19999900000000181	0.01488884310005347	
299	2015-12-01	26.50	26.809999	26.870001	26.280001	6003100	-0.011562812814726372	-0.30999900000000125	0.02213468433942382	
300	2015-12-02	26.639999	26.75	26.860001	26.459999	10320000	-0.004112186915887868	-0.11000100000000046	0.014984154616672707	
301	2015-12-03	26.469999	26.83	26.84	26.379999	10031700	-0.013417853149459445	-0.3600009999999969	0.01726082583979029	
302	2015-12-04	27.120001	26.690001	27.139999	26.459999	5481300	0.01611090235627941	0.4299999999999997	0.025274111679088947	
303	2015-12-07	26.51	27.10	27.17	26.365	5337900	-0.021771217712177115	-0.5899999999999999	0.03003171050177218	
304	2015-12-08	26.41	26.25	26.549999	26.09	4656400	0.006095238095238101	0.16000000000000014	0.017470527914925933	
305	2015-12-09	26.10	26.33	26.74	25.790001	6760600	-0.008735282947208389	-0.22999999999999687	0.03623875643715423	
306	2015-12-10	26.299999	26.10	26.57	26.040001	3559700	0.0076627969348658335	0.19999899999999826	0.020228969851697903	
307	2015-12-11	25.610001	25.959999	26.17	25.370001	6501300	-0.013482203909175781	-0.34999799999999937	0.03102575140585624	
308	2015-12-14	25.719999	25.74	25.959999	25.40	5119800	-0.0007770396270395124	-0.02000099999999705	0.021764438821695323	
309	2015-12-15	26.540001	26.18	26.700001	26.040001	5445300	0.013750993124522553	0.36000100000000046	0.025037935792148417	
310	2015-12-16	26.91	26.75	27.02	25.93	9247000	0.005981308411214958	0.16000000000000014	0.04062616474096161	
311	2015-12-17	26.48	26.91	27.08	26.424999	5395000	-0.01597918989223336	-0.4299999999999997	0.024536467503277714	
312	2015-12-18	25.90	26.389999	26.450001	25.84	10143900	-0.018567602067737894	-0.48999900000000096	0.023331459616206935	
313	2015-12-21	26.030001	26.139999	26.34	25.731001	4147900	-0.004208033825862079	-0.10999800000000093	0.023346712670116954	
314	2015-12-22	26.25	26.16	26.459999	25.700001	5388300	0.0034403669724770588	0.08999999999999986	0.029002022514787236	
315	2015-12-23	26.52	26.35	26.540001	26.17	3890900	0.006451612903225736	0.16999999999999815	0.013996633251371229	
316	2015-12-24	26.60	26.450001	26.68	26.370001	1072600	0.005671039483136545	0.1499990000000011	0.011687049732572154	
317	2015-12-28	26.41	26.440001	26.469999	26.08	2238800	-0.0011346822566307246	-0.030000999999998612	0.014758713060383977	
318	2015-12-29	26.620001	26.540001	26.805	26.49	2872000	0.0030143178969736398	0.0799999999999983	0.011851015355492323	
319	2015-12-30	26.299999	26.49	26.66	26.26	2062900	-0.007172555681389157	-0.19000099999999875	0.015154385587315454	
320	2015-12-31	26.190001	26.219999	26.49	26.139999	2307000	-0.001144088525709045	-0.029998000000002634	0.01335626788780763	
321	2016-01-04	25.799999	25.709999	25.99	25.455	5598700	0.0035005835667282544	0.08999999999999986	0.020772666308393185	
322	2016-01-05	25.68	25.77	25.950001	25.52	6389300	-0.0034924330616996455	-0.08999999999999986	0.016715296404276023	
323	2016-01-06	25.280001	25.299999	25.530001	25.15	5418800	-0.0007904348138512207	-0.01999800000000107	0.015025741399762755	
324	2016-01-07	24.59	24.790001	24.915001	24.299999	4976700	-0.008067809275199315	-0.20000100000000032	0.024908950487870604	
325	2016-01-08	23.82	24.809999	24.879999	23.66	10583700	-0.039903226114600045	-0.989999000000001	0.05017474912964738	
326	2016-01-11	23.90	24.18	24.24	23.67	6981400	-0.011579818031430981	-0.28000000000000114	0.023710482529118	
327	2016-01-12	23.90	24.10	24.15	23.59	7081700	-0.00829875518672211	-0.20000000000000284	0.02333333333333328	
328	2016-01-13	23.219999	24.08	24.15	22.955	8078100	-0.03571432724252479	-0.8600009999999969	0.050528542294472366	
329	2016-01-14	22.90	23.34	23.379999	22.60	9374000	-0.01885175664095978	-0.4400000000000013	0.03373698096885814	
330	2016-01-15	22.32	22.190001	22.469999	21.700001	12940800	0.005858449488127628	0.12999900000000153	0.034598875879602926	
331	2016-01-19	22.23	22.60	22.705	22.040001	9794300	-0.016371681415929245	-0.370000000000001	0.029667588668302394	
332	2016-01-20	21.60	21.870001	21.969999	21.00	11155900	-0.012345724172577635	-0.27000099999999705	0.044628432375697503	
333	2016-01-21	21.33	21.629999	21.84	21.125	9819600	-0.013869579929245637	-0.29999900000000324	0.033286779173342156	
334	2016-01-22	20.780001	21.65	21.799999	19.75	23182200	-0.04018471131639723	-0.869999	0.09662969369244181	
335	2016-01-25	19.790001	20.780001	20.915001	19.73	12599300	-0.047641961133688036	-0.9899999999999984	0.05841759633139775	
336	2016-01-26	20.290001	19.969999	20.57	19.969999	16250900	0.016024137006716864	0.3200019999999988	0.029806308991554835	
337	2016-01-27	21.209999	20.98	21.610001	20.799999	33935400	0.010962774070543345	0.2299989999999994	0.03839782029859734	
338	2016-01-28	21.74	21.50	21.85	21.139999	21317800	0.011162790697674346	0.23999999999999844	0.03284000925069389	
339	2016-01-29	21.25	21.879999	21.950001	21.25	94875300	-0.02879337425929505	-0.6299990000000015	0.032460051761188324	
340	2016-02-01	20.780001	21.110001	21.209999	20.559999	10617700	-0.015632400964831875	-0.33000000000000185	0.03103365810295252	
341	2016-02-02	20.209999	20.51	20.620001	20.08	12990500	-0.014627059970746061	-0.30000100000000174	0.026522643087491242	
342	2016-02-03	20.049999	20.27	20.305	19.25	14336100	-0.010853527380365066	-0.2200009999999999	0.05233135050424976	
343	2016-02-04	20.23	20.040001	20.549999	19.889999	9247700	0.009480987550848937	0.18999900000000025	0.03277874266752564	
344	2016-02-05	19.85	20.26	20.620001	19.76	8105900	-0.02023692003948668	-0.41000000000000014	0.042882124158563795	
345	2016-02-08	19.200001	19.52	19.74	18.950001	10227000	-0.016393391393442584	-0.31999899999999926	0.04080573241720723	
346	2016-02-09	19.549999	18.93	19.610001	18.889999	10511900	0.03275219228737453	0.619999	0.037422142344650314	
347	2016-02-10	18.860001	19.629999	19.76	18.795	10445600	-0.03922557510064066	-0.7699980000000011	0.05014289425824889	
348	2016-02-11	18.139999	18.450001	18.65	18.040001	8392700	-0.01680227551207183	-0.3100020000000008	0.033342388630773344	
349	2016-02-12	18.889999	18.60	18.99	18.32	9360800	0.015591344086021404	0.2899989999999981	0.03574286571733428	
350	2016-02-16	19.360001	19.15	19.754999	18.90	8897700	0.010966109660574512	0.21000100000000188	0.0444039978082578	
351	2016-02-17	19.65	19.59	20.25	19.450001	9440400	0.003062787136293962	0.05999999999999872	0.04077466870540264	
352	2016-02-18	19.110001	19.67	19.809999	18.959999	7980000	-0.028469700050838903	-0.5599990000000012	0.04383702826619326	
353	2016-02-19	19.24	19.110001	19.299999	18.885	4536100	0.006802668403837236	0.12999899999999798	0.021642711300059583	
354	2016-02-22	19.799999	19.57	19.82	19.440001	4789700	0.011752631578947337	0.2299989999999994	0.019303988298297978	
355	2016-02-23	19.370001	19.73	19.809999	19.094999	6184400	-0.018246274708565734	-0.35999900000000196	0.036572889090207436	
356	2016-02-24	19.00	19.00	19.16	18.775	5749500	0.0	0.0	0.020263157894736924	
357	2016-02-25	19.18	19.02	19.219999	18.83	6750600	0.008412197686645645	0.16000000000000014	0.020418795811518484	
358	2016-02-26	19.74	19.299999	20.110001	18.99	11218600	0.022797980455853847	0.44000099999999875	0.057377101879536534	
359	2016-02-29	19.23	19.66	19.799999	19.18	4248100	-0.021871820956256345	-0.4299999999999997	0.031884751864232445	
360	2016-03-01	20.27	19.33	20.280001	19.315001	7856800	0.04862907397827219	0.9400000000000013	0.04873737373737374	
361	2016-03-02	20.959999	20.24	21.094999	20.16	8907100	0.03557307312252971	0.7199990000000014	0.04538830207253167	
362	2016-03-03	21.440001	20.85	21.559999	20.82	8729100	0.028297410071942315	0.5900009999999973	0.03499640494215173	
363	2016-03-04	21.93	21.639999	22.23	21.584999	7150200	0.013401155887299263	0.2900010000000002	0.029607574698360707	
364	2016-03-07	21.530001	21.700001	21.860001	21.41	6164000	-0.007834101021470077	-0.1700000000000017	0.020818921081706188	
365	2016-03-08	20.92	21.26	21.26	20.530001	9761900	-0.015992474129821254	-0.33999999999999986	0.03461351351351365	
366	2016-03-09	20.700001	21.10	21.23	20.559999	5653000	-0.018957298578199104	-0.3999990000000011	0.03205746334790754	
367	2016-03-10	21.01	20.879999	21.23	20.58	5182200	0.006226101830752005	0.13000100000000003	0.031033660325463463	
368	2016-03-11	21.91	21.34	21.934999	21.290001	5958900	0.026710402999062806	0.5700000000000003	0.029826497109826638	
369	2016-03-14	22.09	21.809999	22.16	21.60	4860800	0.01283819407786303	0.2800009999999986	0.025512529054955047	
370	2016-03-15	22.190001	21.82	22.219999	21.629999	5750100	0.016956966086159417	0.37000099999999847	0.02681208755255424	
371	2016-03-16	21.610001	22.01	22.549999	21.58	8255800	-0.018173512039981875	-0.3999990000000011	0.044474964592504315	
372	2016-03-17	21.73	21.50	21.815001	21.129999	7425100	0.01069767441860467	0.23000000000000043	0.03169104788341416	
373	2016-03-18	22.08	21.93	22.24	21.76	10236600	0.006839945280437692	0.14999999999999858	0.021813224267211856	
374	2016-03-21	22.00	22.110001	22.25	21.73	3721900	-0.004975169381493943	-0.11000100000000046	0.023577419551634088	
375	2016-03-22	21.93	21.860001	22.07	21.559999	3745800	0.003202149899261178	0.06999899999999926	0.02329303440755797	
376	2016-03-23	21.690001	21.93	21.965	21.549999	3020100	-0.010943866849065252	-0.23999900000000096	0.019028014235946494	
377	2016-03-24	21.59	21.440001	21.700001	21.219999	3906500	0.0069962216886091146	0.1499990000000011	0.02231010870764325	
378	2016-03-28	21.389999	21.67	21.73	21.27	3613000	-0.012921135209967797	-0.28000100000000216	0.021365536956933082	
379	2016-03-29	21.200001	21.23	21.379999	20.790001	5997200	-0.0014130475741874757	-0.02999900000000011	0.027810416502229228	
380	2016-03-30	21.25	21.209999	21.355	20.98	6099700	0.0018859501124917628	0.040001000000000175	0.017663683882799906	
381	2016-03-31	20.950001	21.200001	21.209999	20.74	4954800	-0.01179245227394093	-0.25	0.022301256355812336	
382	2016-04-01	21.35	20.92	21.379999	20.629999	4556800	0.020554493307839372	0.4299999999999997	0.035486160397444996	
383	2016-04-04	21.51	21.299999	21.65	21.115	4721700	0.00985920234080771	0.21000100000000188	0.024994160826773207	
384	2016-04-05	20.76	21.280001	21.344999	20.690001	6993200	-0.024436136069730312	-0.520000999999997	0.031160703350126114	
385	2016-04-06	21.34	20.74	21.360001	20.549999	6861700	0.02892960462873681	0.6000000000000014	0.03849819391634985	
386	2016-04-07	20.790001	21.120001	21.25	20.530001	6302300	-0.01562499926017988	-0.3299999999999983	0.034359292084977774	
387	2016-04-08	20.870001	20.959999	21.35	20.780001	5449600	-0.0042937979147805	-0.08999800000000135	0.027253119770499778	
388	2016-04-11	21.040001	21.030001	21.450001	21.02	2854300	0.00047551115190158877	0.010000000000001563	0.02044216684372873	
389	2016-04-12	21.51	21.16	21.545	21.139999	4149300	0.01654064272211727	0.3500000000000014	0.01898293883290378	
390	2016-04-13	22.60	21.75	22.74	21.66	6202600	0.039080459770115004	0.8500000000000014	0.0487034949267192	
391	2016-04-14	22.82	22.58	23.280001	22.450001	5943800	0.010628875110717539	0.240000000000002	0.036563876651982304	
392	2016-04-15	22.549999	22.77	22.879999	22.41	5015500	-0.009661879666227488	-0.2200009999999999	0.020741350854840107	
393	2016-04-18	22.719999	22.40	22.77	22.25	3604600	0.01428566964285727	0.3199990000000028	0.023049645900922983	
394	2016-04-19	23.10	22.73	23.375	22.73	8795800	0.016278046634403916	0.370000000000001	0.028147501636482636	
395	2016-04-20	23.360001	23.129999	23.43	22.99	7534500	0.009943882833717325	0.23000199999999893	0.018928801892880244	
396	2016-04-21	23.530001	23.74	24.24	23.48	8222300	-0.00884578770008424	-0.20999899999999982	0.032155700610202995	
397	2016-04-22	23.620001	23.620001	23.77	23.48	5180600	0.0	0.0	0.012277730216861514	
398	2016-04-25	23.379999	23.58	23.629999	23.129999	3325900	-0.008481806615775946	-0.20000099999999676	0.021294719363175455	
399	2016-04-26	23.549999	23.48	23.645	23.33	4065900	0.0029812180579216036	0.06999899999999926	0.013395705154065653	
400	2016-04-27	23.620001	23.52	23.83	23.344999	4806500	0.004251743197278865	0.1000009999999989	0.020577046657253864	
401	2016-04-28	23.24	23.40	23.65	23.135	3265900	-0.006837606837606844	-0.16000000000000014	0.022084048027444125	
402	2016-04-29	22.85	23.08	23.26	22.709999	5315000	-0.009965337954939207	-0.22999999999999687	0.023949531896364108	
403	2016-05-02	23.059999	22.84	23.09	22.57	3123000	0.009632180385289027	0.2199990000000014	0.022657952563354067	
404	2016-05-03	22.51	22.68	22.75	22.290001	3869200	-0.007495590828924081	-0.16999999999999815	0.020358442133215308	
405	2016-05-04	21.99	22.25	22.34	21.635	5197500	-0.011685393258427037	-0.26000000000000156	0.0318716094032549	
406	2016-05-05	22.110001	22.00	22.200001	21.780001	4871200	0.005000045454545476	0.11000100000000046	0.019043300407089164	
407	2016-05-06	22.09	21.91	22.219999	21.77	3713900	0.00821542674577817	0.17999999999999972	0.020454500000000084	
408	2016-05-09	21.85	22.030001	22.219999	21.83	2712400	-0.008170721372186829	-0.1800009999999972	0.01777570606709891	
409	2016-05-10	22.360001	21.940001	22.52	21.82	10159300	0.01914311672091545	0.4200000000000017	0.03160270737685291	
410	2016-05-11	22.200001	22.360001	22.629999	22.190001	3672600	-0.0071556347425923705	-0.16000000000000014	0.019748562847910232	
411	2016-05-12	21.76	22.360001	22.469999	21.60	5748800	-0.026833675007438457	-0.6000009999999989	0.039437850420719615	
412	2016-05-13	21.40	22.00	22.219999	21.25	6519600	-0.027272727272727337	-0.6000000000000014	0.04470041474654384	
413	2016-05-16	21.709999	21.42	21.90	21.299999	4284700	0.013538702147525589	0.2899989999999981	0.027822908134080827	
414	2016-05-17	21.82	21.59	22.09	21.459999	4167700	0.010653080129689692	0.23000000000000043	0.029025616217461418	
415	2016-05-18	23.129999	21.74	23.139999	21.74	9873100	0.06393739650413999	1.389999000000003	0.06240245291737141	
416	2016-05-19	22.90	22.940001	23.485001	22.620001	4818800	-0.0017437226790007628	-0.040001000000000175	0.03773996427268848	
417	2016-05-20	22.98	22.99	23.41	22.860001	3933200	-0.000434971726837669	-0.00999999999999801	0.02392860561235587	
418	2016-05-23	22.969999	22.969999	23.110001	22.719999	2941400	0.0	0.0	0.016978755636863505	
419	2016-05-24	23.25	23.120001	23.57	23.030001	3165600	0.005622793874446698	0.12999900000000153	0.023290877220382273	
420	2016-05-25	23.690001	23.40	23.855	23.26	6771500	0.012393205128205137	0.2900010000000002	0.025270757586095566	
421	2016-05-26	23.35	23.68	23.709999	23.27	4663400	-0.01393581081081074	-0.3299999999999983	0.018711418243674262	
422	2016-05-27	23.59	23.43	23.620001	23.26	3513500	0.006828851899274441	0.16000000000000014	0.015312675457252102	
423	2016-05-31	23.549999	23.76	23.809999	23.35	6726900	-0.008838425925926005	-0.21000100000000188	0.01944616401281259	
424	2016-06-01	23.60	23.280001	23.709999	22.959999	3952200	0.013745660921578261	0.3199990000000028	0.03199658634819568	
425	2016-06-02	23.83	23.549999	23.879999	23.290001	3508100	0.011889639570685274	0.2800009999999986	0.02490493931838206	
426	2016-06-03	23.139999	22.83	23.23	22.52	7799800	0.013578580814717533	0.30999900000000125	0.030889711352832565	
427	2016-06-06	23.469999	23.24	23.67	23.15	5449800	0.009896686746988079	0.22999900000000295	0.022265040082745588	
428	2016-06-07	23.48	23.459999	23.700001	23.32	3722500	0.0008525575810979617	0.0200010000000006	0.016190924929504153	
429	2016-06-08	23.459999	23.49	23.690001	23.360001	3343100	-0.001277181779480571	-0.030000999999998612	0.014057508286634822	
430	2016-06-09	22.879999	23.26	23.26	22.809999	4449100	-0.016337102321582114	-0.38000100000000003	0.01950589552461847	
431	2016-06-10	22.459999	22.549999	22.690001	22.27	4677600	-0.003991130997389395	-0.08999999999999986	0.018662564703957517	
432	2016-06-13	22.08	22.309999	22.719999	22.049999	5179700	-0.01030923398965652	-0.22999900000000295	0.030186979729375604	
433	2016-06-14	21.309999	22.01	22.18	20.940001	8924700	-0.031803771013175844	-0.7000010000000003	0.05724833927166069	
434	2016-06-15	21.360001	21.440001	21.84	21.299999	6084900	-0.0037313431095454845	-0.0799999999999983	0.025233690409640644	
435	2016-06-16	20.940001	21.16	21.190001	20.83	4987500	-0.010396928166351672	-0.2199990000000014	0.017102184866931498	
436	2016-06-17	21.10	21.00	21.235001	20.92	9968000	0.00476190476190483	0.10000000000000142	0.014964418052256472	
437	2016-06-20	21.309999	21.530001	21.82	21.25	6019400	-0.010218392465471663	-0.22000199999999737	0.02661064425770309	
438	2016-06-21	21.549999	21.33	21.59	21.059999	6220000	0.010314064697609067	0.2199990000000014	0.024720196472019444	
439	2016-06-22	21.370001	21.52	21.82	21.34	4140200	-0.006970213754646891	-0.1499990000000011	0.022382839300936385	
440	2016-06-23	22.120001	21.75	22.129999	21.690001	5342800	0.017011540229884988	0.37000099999999847	0.020059174377497862	
441	2016-06-24	19.950001	20.469999	20.82	19.950001	21596300	-0.025402932359693865	-0.5199980000000011	0.04304794656110836	
442	2016-06-27	18.440001	19.559999	19.559999	18.34	13059000	-0.057259614379326015	-1.1199980000000025	0.0642104736842106	
443	2016-06-28	18.969999	18.91	19.280001	18.615	23334900	0.0031728714965627313	0.059999000000001246	0.0351109301771629	
444	2016-06-29	19.52	19.25	19.59	18.860001	8301000	0.014025974025974004	0.2699999999999996	0.037657931390250164	
445	2016-06-30	19.98	19.77	20.120001	19.629999	10744100	0.010622154779969695	0.21000000000000085	0.02465418867924513	
446	2016-07-01	19.65	19.879999	19.91	19.379999	5723900	-0.011569366779143346	-0.22999900000000295	0.02681512842942387	
447	2016-07-05	18.90	19.309999	19.34	18.73	5693200	-0.021232471322241014	-0.40999900000000267	0.03192881528209406	
448	2016-07-06	18.99	18.65	19.01	18.58	7896000	0.018230563002680958	0.33999999999999986	0.022848034006376368	
449	2016-07-07	19.42	18.99	19.440001	18.99	8140400	0.022643496577146042	0.43000000000000327	0.023431450143191895	
450	2016-07-08	19.85	19.790001	20.01	19.525	8867100	0.0030317835759584473	0.059999000000001246	0.024470231471487754	
451	2016-07-11	20.120001	20.030001	20.225	19.940001	4953400	0.004493259885508736	0.08999999999999986	0.014196711621583613	
452	2016-07-12	20.440001	20.450001	20.690001	20.360001	6519500	-0.0004889975311004416	-0.010000000000001563	0.016140864947866637	
453	2016-07-13	20.559999	20.370001	20.605	20.209999	3949200	0.009327343675633731	0.18999800000000278	0.019301294893721017	
454	2016-07-14	20.99	21.00	21.360001	20.82	4670500	-0.0004761904761905506	-0.010000000000001563	0.025720457251726614	
455	2016-07-15	20.98	21.139999	21.27	20.950001	5157300	-0.007568543404377603	-0.15999899999999911	0.01519463473871399	
456	2016-07-18	20.98	20.940001	21.08	20.74	8284900	0.0019101718285496584	0.03999900000000167	0.01622137365884127	
457	2016-07-19	21.030001	20.77	21.18	20.77	5204800	0.012518103033220946	0.26000099999999904	0.019617224411071197	
458	2016-07-20	21.32	21.059999	21.530001	20.84	8471000	0.01234572708194331	0.26000099999999904	0.03256257745546425	
459	2016-07-21	21.68	22.26	22.50	21.514999	12955900	-0.0260557053009884	-0.5800000000000018	0.044833909877105164	
460	2016-07-22	21.799999	21.75	22.00	21.610001	6390700	0.002298804597701135	0.04999899999999968	0.01791040224822965	
461	2016-07-25	22.030001	21.74	22.07	21.74	5910700	0.013339512419503229	0.2900010000000002	0.015078820765848367	
462	2016-07-26	22.49	21.99	22.559999	21.91	6197800	0.02273760800363802	0.5	0.029226573741007247	
463	2016-07-27	22.58	22.469999	22.75	22.25	8846600	0.00489546083201859	0.1100009999999969	0.02219755876132206	
464	2016-07-28	22.450001	22.549999	22.73	22.305	6201300	-0.004434501305299364	-0.09999799999999937	0.01888888888888892	
465	2016-07-29	22.33	22.370001	22.73	22.280001	4011700	-0.0017881536974450817	-0.040001000000000175	0.020134182994761086	
466	2016-08-01	22.200001	22.25	22.525	22.120001	4848100	-0.002247146067415716	-0.04999899999999968	0.018222676755395354	
467	2016-08-02	22.049999	22.16	22.440001	21.92	5918500	-0.00496394404332132	-0.11000100000000046	0.023524135343228444	
468	2016-08-03	22.459999	22.07	22.48	22.00	4841300	0.01767100135931126	0.38999899999999954	0.021558500371850465	
469	2016-08-04	22.610001	22.450001	22.725	22.450001	5901700	0.007126948457596957	0.16000000000000014	0.012205902698362114	
470	2016-08-05	23.389999	22.950001	23.450001	22.860001	7331000	0.01917202530840845	0.4399979999999992	0.02546396201985325	
471	2016-08-08	23.450001	23.49	23.690001	23.379999	5396500	-0.0017028097062579022	-0.03999899999999812	0.013208436020271804	
472	2016-08-09	23.49	23.379999	23.59	23.280001	5153000	0.004704918935197426	0.1100009999999969	0.013228035272627219	
473	2016-08-10	23.25	23.450001	23.530001	23.16	3478400	-0.008528826928408246	-0.20000100000000032	0.015845866898375374	
474	2016-08-11	23.40	23.290001	23.52	23.148001	3691000	0.004723013966379752	0.1099989999999984	0.015934846520992745	
475	2016-08-12	23.27	23.219999	23.290001	22.959999	3080100	0.0021533592658638007	0.050000999999998186	0.014196687765039547	
476	2016-08-15	23.540001	23.42	23.68	23.35	4491000	0.005123868488471326	0.12000099999999847	0.014054514181121856	
477	2016-08-16	23.389999	23.35	23.665001	23.320999	4756500	0.0017130192719485276	0.03999899999999812	0.014719812039362675	
478	2016-08-17	23.440001	23.32	23.540001	23.319	4241700	0.005145840480274377	0.12000099999999847	0.009452566093828831	
479	2016-08-18	23.389999	23.459999	23.594999	23.32	3797000	-0.002983802343725602	-0.07000000000000028	0.01173955226209406	
480	2016-08-19	23.58	23.309999	23.620001	23.200001	2948800	0.011583054979967911	0.27000099999999705	0.017914267816469695	
481	2016-08-22	23.50	23.559999	23.620001	23.370001	3139100	-0.002546646967175221	-0.059999000000001246	0.010624734607410424	
482	2016-08-23	23.530001	23.629999	23.76	23.504999	4698200	-0.004231824131689676	-0.09999800000000292	0.010814291772688722	
483	2016-08-24	23.49	23.58	23.75	23.43	4032600	-0.003816793893129765	-0.08999999999999986	0.013596770766942864	
