#index	date	close	open	high	low	volume	dVolume	percent_change	dollar_change	spread	var	entropy	slope	concavity	answer
40	2014-11-19	23.719999	23.799999	24.0	23.51	812800	0.3870307167235495	-0.003361344679048024	-0.0799999999999983	0.02062289649086258	0.0245649450007	1.55399857119	0.3099985000000001	1.545001750000002	0
41	2014-11-20	23.709999	23.57	23.870001	23.5	745800	-0.08243110236220473	0.0059397114976665055	0.13999899999999954	0.015651480872493184	0.0116440512007	1.54170516751	-0.09666550000000977	-1.0208285000000217	1
42	2014-11-21	23.77	23.950001	24.209999	23.695	725200	-0.027621346205417	-0.007515699059887335	-0.18000100000000074	0.02158419904475692	0.0110840720006	1.51621114379	0.11833483333332732	0.4424991666666453	1
43	2014-11-24	24.25	23.799999	24.360001	23.68	836800	0.15388858246001103	0.01890760583645404	0.4500010000000003	0.028303892368447322	0.0254240572005	1.47948926072	0.8066654999999988	1.026661833333345	0
44	2014-11-25	24.030001	24.24	24.299999	24.02	701600	-0.1615678776290631	-0.008663325082508245	-0.20999899999999982	0.011601367068544297	0.0273050770005	1.42840628432	-0.9433311666666633	-3.1674933333333493	1
45	2014-11-26	24.23	24.110001	24.27	23.92	703700	0.0029931584948688712	0.00497714620584213	0.11999899999999997	0.014480760974746272	0.0377760968004	1.37454230617	0.7833303333333426	3.593323750000053	1
46	2014-11-28	24.629999	24.219999	25.09	24.049999	713400	0.01378428307517408	0.016928159245588742	0.41000000000000014	0.04257936714756878	0.0803010038004	1.31333345534	0.4266663333333393	-1.2483267499999944	0
47	2014-12-01	23.98	24.620001	24.895	23.49	2282600	2.1996075133165123	-0.025995165475419683	-0.640000999999998	0.05781892885146242	0.0801649960004	1.43111191943	-1.591663999999999	-3.2441626666666443	1
48	2014-12-02	24.200001	24.02	24.43	23.799999	1369300	-0.40011390519582934	0.007493796835970056	0.18000100000000074	0.02613027735109338	0.0835650390005	1.44815527142	1.2950003333333402	5.695827666666673	1
49	2014-12-03	24.23	24.33	24.59	24.190001	1854500	0.3543416344117432	-0.004110152075626711	-0.09999999999999787	0.016474423393739748	0.0765650490005	1.42840628432	-0.41833599999999294	-3.9816706666666306	1
50	2014-12-04	24.4	24.32	24.559999	24.09	1433700	-0.22690752224319224	0.0032894736842104563	0.0799999999999983	0.019293883415435198	0.0699009780004	1.41848366195	0.35000149999999647	1.7441752499999978	1
51	2014-12-05	25.15	24.450001	25.219999	24.450001	1008400	-0.2966450442909953	0.028629814779966605	0.6999989999999983	0.031048305825639038	0.1318208626	1.38450385459	1.1866663333333303	1.120828666666687	0
52	2014-12-08	25.040001	25.08	25.139999	24.68	2244900	1.2261999206664023	-0.0015948564593300687	-0.03999899999999812	0.018355905459778415	0.1456639624	1.40194545938	-1.0199981666666613	-4.023329499999998	1
53	2014-12-09	25.16	24.709999	25.33	24.5	1141800	-0.4913804623813978	0.01821129171231453	0.4500010000000003	0.033286545684510574	0.190344926	1.31071950633	0.5983303333333344	3.639157999999995	0
54	2014-12-10	24.65	25.15	25.41	24.620001	631000	-0.44736381152566124	-0.019880715705765408	-0.5	0.031726867469879586	0.1660410086	1.45302843577	-1.1116651666666708	-3.2774904999999896	1
55	2014-12-11	24.690001	24.85	25.280001	24.51	1709100	1.7085578446909666	-0.006438591549295882	-0.15999900000000267	0.03108603086221161	0.1540810148	1.48984906194	0.7083348333333355	3.599998250000027	0
56	2014-12-12	24.459999	24.52	24.83	24.4	950800	-0.443683810192499	-0.0024470228384991743	-0.06000099999999975	0.017558187373584867	0.1561040556	1.50478828368	-0.6383381666666672	-2.9233440000000144	1
57	2014-12-15	24.49	24.68	24.805	24.27	1175100	0.23590660496424065	-0.007698541329011397	-0.19000000000000128	0.021761236526337203	0.1166810352	1.51374410483	0.33667116666665936	2.0275181666666717	0
58	2014-12-16	24.25	24.530001	24.875	24.219999	1313900	0.11811760701216918	-0.011414634675310394	-0.2800009999999986	0.026855309002556133	0.1124361236	1.51792169058	-0.5516684999999969	-1.7716808333333252	1
59	2014-12-17	24.559999	24.219999	24.799999	24.219999	2160100	0.6440368368977852	0.01403798571585407	0.33999999999999986	0.02378023877737749	0.0943851420004	1.46522691049	0.8583318333333322	2.607502666666638	1
60	2014-12-18	25.08	24.75	25.139999	24.68	1768500	-0.18128790333780845	0.013333333333333265	0.3299999999999983	0.018462733293196865	0.0972411420004	1.50498328443	0.5116696666666615	-1.1933255833333287	0
61	2014-12-19	25.0	25.040001	25.6	24.84	7523100	3.253944020356234	-0.0015974839617618297	-0.040001000000000175	0.030375698833419347	0.0873561420004	1.50498328443	-0.6500014999999877	-1.8408428333332931	1
62	2014-12-22	25.1	25.16	25.278999	24.66	1689600	-0.7754117318658532	-0.002384737678855275	-0.05999999999999872	0.024631874253879773	0.0913040828003	1.52657094502	0.4500003333333318	2.417504666666654	1
63	2014-12-23	25.440001	25.309999	25.5	25.120001	1174600	-0.3048058712121212	0.005136388982077696	0.1300019999999975	0.014975330049261144	0.121656222	1.51056485026	0.4800018333333327	-0.35999799999999976	1
64	2014-12-24	25.51	25.450001	25.59	25.18	547200	-0.5341392814575174	0.0023575244653232528	0.059999000000001246	0.016091051489579056	0.167236222	1.54728673334	-0.23500299999999186	-1.3025086666666634	0
65	2014-12-26	25.309999	25.51	25.51	25.25	304000	-0.4444444444444444	-0.00784010192081538	-0.20000100000000032	0.010232192251715769	0.18100019	1.57224732055	-0.33500033333333806	0.19750658333329815	1
66	2014-12-29	25.370001	25.200001	25.51	25.18	1071000	2.523026315789474	0.006746031478332011	0.16999999999999815	0.013051215619884763	0.171809188	1.58678470753	0.36667116666665694	1.2758402500000159	0
67	2014-12-30	25.190001	25.459999	25.5	25.16	511800	-0.5221288515406163	-0.010604792246849699	-0.26999800000000107	0.013425468904244812	0.1429692098	1.59156294293	-0.46666933333332733	-1.6841809999999668	0
68	2014-12-31	24.860001	25.25	25.285	24.83	621600	0.21453692848769051	-0.015445504950495032	-0.38999899999999954	0.018160047532228222	0.0750761412006	1.60385634661	-0.3749993333333291	0.48084174999997725	0
69	2015-01-02	24.76	24.969999	25.0	24.290001	643500	0.03523166023166023	-0.008410052399281226	-0.20999899999999982	0.0285541529972683	0.0553960128004	1.59827478078	0.14166483333332872	0.8758285833332972	0
70	2015-01-05	24.18	24.58	24.68	23.84	1330400	1.0674436674436674	-0.01627339300244095	-0.3999999999999986	0.03445447087776866	0.1430560668	1.5859813771	-1.0566654999999952	-2.189160916666675	0
71	2015-01-06	23.91	24.17	24.219999	23.700001	2075000	0.5596812988574865	-0.010757136946628115	-0.26000000000000156	0.021630532445923507	0.2656811322	1.5812031417	0.14833299999999738	2.4749962500000415	1
72	2015-01-07	24.0	23.99	24.129999	23.790001	1160200	-0.4408674698795181	0.0004168403501459593	0.010000000000001563	0.014169535319858362	0.3444411982	1.60385634661	0.2866666666666677	-0.26833241666667124	1
73	2015-01-08	24.18	24.07	24.48	23.940001	661500	-0.42983968281330803	0.0045700041545492075	0.10999999999999943	0.02238337823834204	0.3394011312	1.60385634661	0.13500000000000276	-0.47333333333331024	0
74	2015-01-09	23.889999	24.15	24.18	23.780001	724700	0.09554043839758125	-0.0107660869565217	-0.26000099999999904	0.016652748056884895	0.321905331	1.60385634661	-0.711668500000003	-1.2958362499999794	0
75	2015-01-12	23.879999	23.799999	24.040001	23.620001	938600	0.29515661653097836	0.003361344679048173	0.08000000000000185	0.017617450403416616	0.2928766456	1.58791497955	0.3800011666666781	2.2308390833333647	0
76	2015-01-13	23.870001	23.940001	24.190001	23.610001	989800	0.05454932878755593	-0.0029239764860494485	-0.07000000000000028	0.024262705531783845	0.2109763756	1.5812031417	-0.10333000000001154	-1.2241645833333525	0
77	2015-01-14	23.440001	23.6	23.743999	23.1	962500	-0.027581329561527583	-0.0067796186440679095	-0.15999900000000267	0.02738090928186831	0.1653010606	1.45255972696	-0.7800023333333274	-0.9683439166666213	0
78	2015-01-15	22.959999	23.370001	23.610001	22.67	1558000	0.6187012987012988	-0.01754394447822226	-0.41000199999999865	0.04057850205050718	0.2002610974	1.47852245949	-0.3816696666666637	1.0441683333332985	1
79	2015-01-16	23.190001	22.83	23.24	22.790001	1951800	0.2527599486521181	0.015768769163381536	0.36000100000000046	0.019556670587642894	0.154259954001	1.51056485026	0.8383393333333243	1.8275155000000087	0
80	2015-01-20	23.1	23.16	23.85	22.91	1742100	-0.10743928681217338	-0.0025906735751294783	-0.05999999999999872	0.04063986165153485	0.166355954001	1.52569907275	-0.5933381666666561	-2.9908552499999863	1
81	2015-01-21	23.280001	23.07	23.59	23.01	787300	-0.5480741633660524	0.009102774165582935	0.21000099999999833	0.02502696817633287	0.168308894201	1.55399857119	0.5116703333333312	2.345017999999982	1
82	2015-01-22	24.139999	23.299999	24.16	23.280001	486500	-0.3820652864219484	0.036051503693197574	0.8399999999999999	0.03709945350334971	0.181860782001	1.57224732055	1.3366615000000042	0.9249828333333809	0
83	2015-01-23	23.709999	24.040001	24.040001	23.67	651800	0.3397738951695786	-0.0137272040878867	-0.33000200000000035	0.015497424083769569	0.146563749201	1.59349654538	-1.731664000000002	-5.4416505000000015	1
84	2015-01-26	24.09	23.75	24.309999	23.530001	1165400	0.7879717704817428	0.014315789473684205	0.33999999999999986	0.032608612040133884	0.163923818001	1.58791497955	1.4850011666666632	6.640827833333361	1
85	2015-01-27	24.15	23.860001	24.639999	23.76	1308200	0.1225330358675133	0.012154190605440382	0.2899989999999981	0.03665898694732366	0.187440875401	1.57084334047	-0.47666783333333623	-4.410837250000005	0
86	2015-01-28	23.860001	24.17	24.35	23.84	1301900	-0.004815777404066656	-0.012825775755068316	-0.30999900000000125	0.02123672660344111	0.186895873601	1.5812031417	-0.47499783333332957	0.6283399999999896	1
87	2015-01-29	24.24	23.92	24.35	23.26	1818600	0.39688148091251246	0.013377926421404545	0.31999999999999673	0.04526578073089701	0.220175904001	1.55570911798	1.054996999999992	2.6524904166666468	0
88	2015-01-30	23.9	24.1	24.24	23.809999	1882300	0.03502694380292533	-0.00829875518672211	-0.20000000000000284	0.017916708333333215	0.1658437428	1.56048735338	-1.1633318333333331	-4.319157166666666	1
89	2015-02-02	24.0	23.85	24.16	23.690001	1445800	-0.2318971471072624	0.0062893081761005686	0.14999999999999858	0.019644681295715834	0.131580858	1.52366672721	0.7066663333333345	3.9374953333333167	1
90	2015-02-03	24.290001	23.91	24.450001	23.799999	1351800	-0.06501590814773828	0.01589297365119197	0.38000100000000003	0.02697103678483329	0.0812439228005	1.51948914146	0.30166850000000406	-1.3524961666666495	0
91	2015-02-04	24.01	24.27	24.379999	23.93	1101600	-0.18508655126498003	-0.010712814173877133	-0.259999999999998	0.018641217895609023	0.0290490600004	1.50682195793	-0.8183363333333276	-1.797508666666668	1
92	2015-02-05	24.35	24.09	24.41	23.98	984600	-0.10620915032679738	0.010792860107928666	0.26000000000000156	0.017753922378199824	0.0372600760003	1.48523429734	1.0466681666666677	3.5975094999999917	1
93	2015-02-06	24.5	24.41	25.0	24.219999	1748400	0.7757464960390006	0.003687013519049564	0.08999999999999986	0.03189535882232667	0.0381289744002	1.50498328443	-0.2150003333333347	-2.8333379999999884	0
94	2015-02-09	24.26	24.48	24.530001	24.110001	781600	-0.5529627087622969	-0.008986928104575118	-0.21999999999999886	0.017234304472712274	0.0390639676002	1.46522691049	-0.5016666666666639	-0.030832416666678835	1
95	2015-02-10	24.82	24.73	24.959999	24.530001	1384900	0.771878198567042	0.00363930448847553	0.08999999999999986	0.017356125126135265	0.0786609408002	1.45390030804	1.356666666666662	3.264166666666663	1
96	2015-02-11	24.969999	24.879999	25.0	24.549999	1393100	0.005921005126723951	0.003617363489443864	0.08999999999999986	0.01805420333216464	0.108963864	1.25021129573	-0.4583351666666668	-3.8200029166666525	1
97	2015-02-12	25.33	24.799999	25.370001	24.75	985100	-0.2928720120594358	0.021371008926250303	0.5300009999999986	0.02473572760294683	0.195400864	1.43111191943	0.6716696666666605	2.507508666666619	1
98	2015-02-13	25.450001	25.280001	25.67	25.139999	1164500	0.1821134910161405	0.006724683278295824	0.1700000000000017	0.02089497256475575	0.2432960344	1.46522691049	-0.14999966666665188	-1.6708399166666463	1
99	2015-02-17	25.559999	25.709999	25.74	25.26	1807100	0.5518248175182482	-0.005834305944547045	-0.14999999999999858	0.018724400964478166	0.275743842	1.41136293234	0.18166216666666438	0.8433264166666466	0
100	2015-02-18	25.209999	25.629999	25.629999	25.059999	1783500	-0.013059598251341929	-0.016387047069334717	-0.4200000000000017	0.022423289631128634	0.2665438804	1.45390030804	-0.729997333333344	-1.5333190000000059	0
101	2015-02-19	25.02	25.02	25.219999	24.85	896800	-0.4971684889262686	0.0	0.0	0.014788129496402876	0.1894809208	1.48594269881	0.09666783333332774	1.7608278333333278	1
102	2015-02-20	25.25	25.1	25.26	24.862	744800	-0.1694915254237288	0.005976095617529823	0.14999999999999858	0.015809334657398342	0.1549209568	1.51727668811	0.5266654999999988	0.34999608333334703	0
103	2015-02-23	24.91	25.1	25.1	24.674999	743600	-0.001611170784103115	-0.007569721115537899	-0.19000000000000128	0.016996640671865695	0.1260159732	1.55399857119	-0.954999666666667	-2.7058295833333545	1
104	2015-02-24	24.93	24.860001	25.07	24.77	530700	-0.2863098440021517	0.0028157279639690787	0.06999899999999926	0.012050612330777045	0.0568050000004	1.56071040904	0.5100000000000039	3.049999083333347	1
105	2015-02-25	24.959999	24.870001	25.0	24.719999	612600	0.15432447710570943	0.0036187372891541645	0.08999800000000135	0.011238250050170524	0.0494690454004	1.55399857119	-0.08166850000000636	-1.5133362499999758	0
106	2015-02-26	24.85	24.940001	24.995001	24.610001	702900	0.1474045053868756	-0.003608700737421676	-0.09000099999999733	0.015464952491163758	0.0553010028004	1.53328278287	-0.22999699999999854	-0.10665800000000066	0
107	2015-02-27	24.84	24.799999	25.0	24.709999	468500	-0.33347560108123486	0.0016129436134251528	0.040001000000000175	0.011684166230543242	0.0589759832004	1.51621114379	0.11999850000000123	0.6974905000000149	1
108	2015-03-02	24.85	24.84	25.18	24.620001	1408600	2.0066168623265743	0.0004025764895330742	0.010000000000001563	0.022539706178305544	0.0491358768002	1.541171731	-0.006666333333329296	-0.35332866666666024	1
109	2015-03-03	25.040001	24.82	25.049999	24.58	905500	-0.35716314070708505	0.008863859790491535	0.2200009999999999	0.018852747315428308	0.0191839712003	1.4964621567	0.3333351666666691	0.5600019999999688	0
110	2015-03-04	24.9	24.99	24.99	24.5	1781500	0.9674213141910547	-0.0036014405762304865	-0.08999999999999986	0.019643215073160893	0.0139450160002	1.48523429734	-0.4750029999999998	-1.4541753333333247	1
111	2015-03-05	25.299999	24.889999	25.32	24.610001	1959200	0.09974740387314061	0.0164724795690028	0.41000000000000014	0.028292449822372966	0.0246409526003	1.44133186761	0.9599996666666636	2.6750065833333188	1
112	2015-03-06	25.5	25.030001	25.799999	24.950001	1542200	-0.21284197631686402	0.018777426337298245	0.4699990000000014	0.03364330034349294	0.0436159576003	1.44133186761	-0.1466640000000048	-2.415829333333354	0
113	2015-03-09	25.23	25.469999	25.535	25.110001	1890600	0.22591103618207756	-0.009422811520330289	-0.23999900000000096	0.016765246878998937	0.0465599640003	1.5812031417	-0.5950014999999927	-0.30917524999998136	0
114	2015-03-10	25.0	24.950001	25.200001	24.790001	1434300	-0.2413519517613456	0.002003967855552378	0.04999899999999968	0.01641641608775944	0.0454609654003	1.56666575472	-0.03999966666666429	1.2650046666666697	1
115	2015-03-11	25.110001	25.0	25.27	25.0	837700	-0.4159520323502754	0.004400040000000018	0.11000100000000046	0.010776291942201302	0.0448759576003	1.54170516751	0.38000183333333365	0.4475020000000143	1
116	2015-03-12	25.49	25.120001	25.780001	24.99	2143300	1.5585531813298317	0.014729258967784277	0.36999899999999997	0.031219165555835506	0.0546039448003	1.51621114379	0.49166366666665934	-0.1391753333333554	0
117	2015-03-13	24.77	25.17	25.23	24.43	3480900	0.6240843558997807	-0.015891934843067227	-0.40000000000000213	0.03203844613536246	0.0590489462003	1.51621114379	-1.726665166666668	-3.6616571666666906	1
118	2015-03-16	25.309999	24.93	25.32	24.77	1186800	-0.6590536930104284	0.015242639390292882	0.37999900000000153	0.021894904894404984	0.0533449080004	1.50659508813	1.9566644999999963	7.039159083333307	1
119	2015-03-17	25.6	25.18	25.610001	24.9	1225200	0.032355915065722954	0.016679904686259003	0.4200000000000017	0.027963804647499087	0.0675689442003	1.47692347866	-0.3383303333333328	-5.307490416666677	0
120	2015-03-18	25.190001	25.450001	25.84	25.1	1287700	0.051012079660463595	-0.010216109618227581	-0.26000000000000156	0.029225907218566008	0.0565199380004	1.43592526674	-0.9099996666666653	-0.17833991666663943	0
121	2015-03-19	24.799999	25.0	25.190001	24.495001	1824100	0.4165566513939582	-0.008000040000000012	-0.20000100000000032	0.027911647146820234	0.0740200380004	1.35710070138	-0.1400044999999975	1.8124930833333366	0
122	2015-03-20	24.799999	24.780001	25.02	24.74	6593200	2.6144948193629736	0.0008070217592001336	0.01999800000000107	0.011294876966518803	0.0761201040005	1.30067008595	0.31833599999999035	0.4391809999999623	0
123	2015-03-23	24.76	24.85	25.24	24.51	3773300	-0.4276982345446824	-0.0036217303822937566	-0.08999999999999986	0.02942955049385192	0.0866010946005	1.30067008595	-0.20333216666666587	-1.2033388333333523	0
124	2015-03-24	24.32	24.700001	24.92	24.24	2657600	-0.295682824053216	-0.015384655247584809	-0.38000100000000003	0.027743777483807203	0.139505081	1.43097206638	-0.7600011666666688	-0.695837249999992	0
125	2015-03-25	24.0	24.27	24.43	23.84	5012400	0.886062612883805	-0.01112484548825709	-0.2699999999999996	0.02444582556453283	0.2293040176	1.30828399732	-0.08666633333333114	1.4466704166666868	1
126	2015-03-26	24.120001	24.0	24.290001	23.83	62491000	11.467281142765941	0.005000041666666603	0.12000099999999847	0.01911891065837683	0.2376608334	1.36672381404	0.446668499999993	0.5766686666666393	1
127	2015-03-27	24.48	24.110001	24.540001	24.1	9244300	-0.8520698980653214	0.015346287210854946	0.36999899999999997	0.01811076315886467	0.2450558276	1.420986045	0.41333033333334157	-0.4366753333333027	0
128	2015-03-30	24.32	24.5	24.68	24.16	5463500	-0.4089871596551388	-0.007346938775510192	-0.17999999999999972	0.02130274477673083	0.220008942	1.45302843577	-0.6733318333333358	-1.7933238333333559	0
129	2015-03-31	24.129999	24.219999	24.290001	24.040001	3946500	-0.27766084012080167	-0.0037159373953731317	-0.08999999999999986	0.010341262061686125	0.1319560144	1.47948926072	-0.04166883333332668	1.605825750000027	1
130	2015-04-01	24.360001	24.15	24.459999	24.030001	5348500	0.3552514886608387	0.008695693581780616	0.21000100000000188	0.017728220619908922	0.0780888318005	1.50498328443	0.5900048333333304	0.833345833333297	1
131	2015-04-02	24.620001	24.34	24.68	24.25	6024800	0.12644666728989437	0.011503738701725498	0.2800009999999986	0.017565359118354582	0.0669289558005	1.51727668811	0.14499733333332424	-1.1300152500000185	1
132	2015-04-06	24.75	24.48	24.799999	24.280001	3718400	-0.3828176868941708	0.011029411764705864	0.2699999999999996	0.02112524883201304	0.0630640396004	1.49265453666	0.01166550000000536	-0.0791611666666654	1
133	2015-04-07	24.9	24.73	25.0	24.700001	5752800	0.5471170395869192	0.006874241811564826	0.16999999999999815	0.012089421720733415	0.0753000340004	1.49265453666	0.21000116666666102	0.4541705833333225	1
134	2015-04-08	25.0	25.0	25.09	24.879999	4441600	-0.22792379363092755	0.0	0.0	0.008400039999999933	0.1060360068	1.51727668811	0.051666333333335736	-0.32167041666664886	1
135	2015-04-09	25.040001	25.0	25.139999	24.93	3584900	-0.1928809438040346	0.001600040000000007	0.040001000000000175	0.00839324523594633	0.1060360588	1.53328278287	0.006668500000003519	-0.01499616666666744	1
136	2015-04-10	25.110001	25.030001	25.299999	24.969999	2606700	-0.2728667466317052	0.0031961644747837544	0.08000000000000185	0.013163142673987062	0.1047491974	1.541171731	0.11499883333333827	0.21166091666666867	1
137	2015-04-13	25.450001	25.190001	25.459999	24.98	4462600	0.711972992672728	0.010321555763336475	0.26000000000000156	0.018957305728384426	0.1523762756	1.55570911798	0.5550003333333299	0.6475037499999701	0
138	2015-04-14	25.139999	25.15	25.25	25.02	1860800	-0.5830233496168153	-0.0003976540755466815	-0.010000999999999038	0.009146947885204789	0.139420152001	1.55153153223	-0.9416703333333286	-2.633340083333337	1
139	2015-04-15	25.6	25.15	25.66	25.02	3701300	0.9890907136715391	0.01789264413518898	0.45000000000000284	0.025221674876847313	0.1222208904	1.56048735338	1.3183375000000066	4.335014416666705	0
140	2015-04-16	25.49	25.6	25.629999	25.200001	1971000	-0.46748439737389563	-0.004296875000000117	-0.11000000000000298	0.016832961440595075	0.0931799500004	1.55570911798	-0.8416685000000067	-4.4400132500000025	0
141	2015-04-17	25.120001	25.360001	25.41	25.040001	1302100	-0.3393708777270421	-0.00946372202430126	-0.240000000000002	0.014659230797970253	0.0666800200004	1.55153153223	-0.39666450000000353	1.562508499999988	0
142	2015-04-20	25.110001	25.190001	25.280001	24.969999	2630000	1.0198141463789263	-0.0031758633117957517	-0.0799999999999983	0.01232612277033298	0.0488239812004	1.5388643487	0.3766655000000038	1.2641599999999755	0
143	2015-04-21	25.040001	25.190001	25.459999	24.959999	3493900	0.3284790874524715	-0.005954743709617105	-0.14999999999999858	0.019908420469503467	0.0422999360005	1.5388643487	-0.2399996666666683	-1.4333295833333466	1
144	2015-04-22	25.49	25.5	25.98	24.92	3562600	0.01966284095137239	-0.00039215686274515933	-0.010000000000001563	0.041576779760737356	0.0433288870004	1.55153153223	0.9033315000000037	2.016662833333337	1
145	2015-04-23	25.639999	25.66	25.74	25.280001	2450300	-0.3122157974512996	-0.0007794621979735231	-0.0200010000000006	0.017933684560110803	0.0494488186006	1.55153153223	-0.27333400000000196	-2.403330500000005	0
146	2015-04-24	25.57	25.66	25.719999	25.280001	1918400	-0.21707546014773701	-0.00350740452065471	-0.08999999999999986	0.01717735701737274	0.0492648420006	1.55153153223	-0.1533306666666654	0.6850049166666565	0
147	2015-04-27	25.48	25.700001	25.84	25.48	4843500	1.5247602168473728	-0.008560349861464981	-0.2200009999999999	0.014067995035795306	0.0498558244005	1.541171731	-0.03333483333332884	0.28999141666668987	1
148	2015-04-28	25.780001	25.530001	25.825001	25.389999	2557100	-0.47205533188809745	0.00979240071318446	0.25	0.016955836407880117	0.0575358228004	1.541171731	0.6316688333333372	0.992507583333321	1
149	2015-04-29	26.09	25.629999	26.290001	25.6	3516600	0.37522975245395174	0.017947757235573764	0.46000099999999833	0.02668217375642249	0.0956087934004	1.52507070729	0.1883303333333378	-1.094176249999947	0
150	2015-04-30	26.049999	25.99	26.18	25.68	2700300	-0.2321276232724791	0.0023085417468257504	0.059999000000001246	0.019215988071022063	0.124840657201	1.56606891921	-0.3350003333333393	-0.6916600833333556	0
151	2015-05-01	25.98	26.15	26.302	25.91	2090700	-0.225752694145095	-0.00650095602294448	-0.16999999999999815	0.01503932476501053	0.1196807234	1.5812031417	0.021669333333335317	0.913337333333331	1
152	2015-05-04	26.299999	26.049999	26.379999	25.969999	1626000	-0.22227005309226575	0.009596929351129725	0.25	0.01566380193557983	0.1250357144	1.5812031417	0.6549966666666679	0.9016551666666525	0
153	2015-05-05	26.24	26.23	26.469999	26.139999	2164100	0.3309348093480935	0.00038124285169645485	0.00999999999999801	0.012578616352201328	0.0861559028004	1.5812031417	-0.5066633333333405	-2.240819999999966	0
154	2015-05-06	25.85	26.290001	26.431999	25.780001	2614500	0.2081234693406035	-0.01673643907430809	-0.44000099999999875	0.02500951237035851	0.0710359172004	1.5812031417	-0.5383348333333267	0.4716562499999763	1
155	2015-05-07	25.950001	25.82	25.959999	25.610001	2998300	0.14679671065213235	0.005034895429899304	0.13000100000000003	0.013521266881953483	0.0636888760004	1.55153153223	0.6183355000000006	2.0158409166666473	0
156	2015-05-08	25.809999	26.190001	26.242001	25.57	3298200	0.1000233465630524	-0.014509430526558495	-0.3800019999999975	0.025846192307692233	0.0516409046005	1.52657094502	-0.5033381666666621	-2.390845833333316	1
157	2015-05-11	26.07	25.83	26.190001	25.83	4875100	0.47810927172397066	0.009291521486643516	0.240000000000002	0.013872870905587687	0.0271559164005	1.5058551567	0.673337833333323	2.2958514999999977	1
158	2015-05-12	26.15	26.02	26.25	25.959999	3526300	-0.27667124776927654	0.004996156802459608	0.129999999999999	0.011117538815411162	0.0223089776004	1.46903453053	-0.2033351666666666	-1.8783475000000085	1
159	2015-05-13	26.23	26.290001	26.41	25.99	3532400	0.001729858491903695	-0.0022822745423250364	-0.06000099999999975	0.015993906778486226	0.0252209832004	1.51471090606	0.14000033333333897	0.8766722500000222	1
160	2015-05-14	26.48	26.48	26.59	26.139999	2561300	-0.27491224096931266	0.0	0.0	0.016993995468277956	0.0407439892003	1.56048735338	0.3916666666666728	0.3308324166666618	0
161	2015-05-15	25.93	26.450001	26.582001	25.9	2266900	-0.11494163120290478	-0.019659772413619214	-0.5200010000000006	0.026040511148520337	0.0422289882003	1.57084334047	-1.2733333333333288	-2.8149999999999786	1
162	2015-05-18	26.299999	25.99	26.379999	25.889999	2182500	-0.0372314614672019	0.011927626010003895	0.30999900000000125	0.01874163355788177	0.0422289882003	1.57084334047	1.4033314999999942	5.1058304166666915	1
163	2015-05-19	26.860001	26.02	26.889999	25.940001	3279800	0.5027720504009163	0.03228289777094546	0.8400010000000009	0.035930332149577714	0.0940611400004	1.47558671172	0.41167149999999825	-2.78582175000002	0
164	2015-05-20	26.75	26.65	26.950001	26.639999	3430900	0.04606988230989695	0.0037523452157599032	0.10000000000000142	0.011610561797752838	0.11062114	1.52507070729	-0.7316711666666696	-1.6491848333333554	1
165	2015-05-21	26.84	26.76	26.91	26.459999	5403600	0.5749803258620187	0.0029895366218235533	0.0799999999999983	0.01679108208955225	0.1279762184	1.55153153223	0.4800018333333374	2.655847500000012	1
166	2015-05-22	26.92	26.83	26.99	26.700001	3185400	-0.4105041083721963	0.0033544539694373245	0.09000000000000341	0.010790660465116208	0.120761112	1.54959411564	0.0049996666666665135	-1.2100055833333367	0
167	2015-05-26	26.700001	26.870001	26.99	26.66	5930200	0.8616814214855277	-0.006326758231233343	-0.16999999999999815	0.012320328082123211	0.1082241488	1.56666575472	-0.46666483333333986	-0.6633295000000411	1
168	2015-05-27	26.77	26.764999	26.92	26.59	4423300	-0.254106100974672	0.00018684850315144915	0.005001000000000033	0.012328383530930928	0.0974361364003	1.55153153223	0.4116636666666705	1.6866580000000038	1
169	2015-05-28	26.83	26.77	26.92	26.58	3074900	-0.30484027762078086	0.0022413149047440686	0.05999999999999872	0.012686567164179234	0.0880761244003	1.55153153223	-0.04499850000000549	-1.1258238333333186	1
170	2015-05-29	26.84	26.889999	26.950001	26.565001	11662100	2.792676184591369	-0.0018593901769947884	-0.04999899999999968	0.014330914095122226	0.0883641172003	1.541171731	-0.028333666666654267	0.1483286666666667	1
171	2015-06-01	26.950001	26.91	27.025	26.719999	4060500	-0.6518208555920461	0.0014864734299516974	0.040001000000000175	0.011325696039255448	0.0302241316004	1.50017351908	0.21000183333333075	0.42417049999999296	1
172	2015-06-02	27.190001	27.0	27.34	26.950001	3798500	-0.06452407338997661	0.007037074074074028	0.19000099999999875	0.014393762421225996	0.0167850480002	1.40354444021	0.3149988333333387	0.049994249999992725	1
173	2015-06-03	27.620001	27.290001	27.67	27.24	6359400	0.6741871791496643	0.01209234107393394	0.3299999999999983	0.01566199178065968	0.0680091392002	1.40354444021	0.5450003333333306	0.27750375000000344	1
174	2015-06-04	27.75	27.530001	27.870001	27.530001	6119200	-0.03777085888605843	0.00799124562327482	0.2199990000000014	0.012301012802080081	0.1198090592	1.49452855425	-0.18333516666666583	-1.294170500000007	1
175	2015-06-05	28.32	27.790001	28.35	27.299999	7049800	0.15207870309844423	0.019071571821821818	0.5299990000000001	0.03742651866999617	0.2574489408	1.41848366195	1.036667833333329	2.30750574999999	0
176	2015-06-08	28.040001	28.389999	28.709999	28.0	11994700	0.7014241538767058	-0.012328214594160407	-0.34999799999999937	0.025163884458621295	0.310088999	1.47274589291	-1.1349984999999936	-4.000834166666664	1
177	2015-06-09	28.08	28.01	28.09	27.299999	8313400	-0.3069105521605376	0.002499107461620733	0.06999999999999673	0.0281690497414869	0.3156090088	1.43876608555	0.5899970000000015	3.744992249999991	0
178	2015-06-10	28.0	28.200001	28.309999	27.83	7645800	-0.0803040873770058	-0.007092233791055551	-0.20000100000000032	0.017081814642672444	0.2871959104	1.41978531698	-0.2866651666666584	-2.0358238333333247	0
179	2015-06-11	27.52	28.09	28.17	27.459999	10332600	0.3514086164953308	-0.02029191883232468	-0.5700000000000003	0.025535011688545294	0.2290288552	1.47364929514	-0.7733336666666766	-0.5333380000000337	1
180	2015-06-12	27.540001	27.5	27.639999	27.33	8410200	-0.1860519133615934	0.0014545818181818245	0.040001000000000175	0.011264498341851455	0.162388767	1.51340566908	0.5700018333333361	2.4816705000000163	1
181	2015-06-15	27.91	27.370001	27.99	27.360001	6176000	-0.26565361109129393	0.01972959372562689	0.5399990000000017	0.022793016953816553	0.1011408404	1.54170516751	0.49499700000000263	-0.7625086666666997	1
182	2015-06-16	28.25	27.85	28.290001	27.73	5020100	-0.18715997409326424	0.014362657091561887	0.3999999999999986	0.019964385026737957	0.0735808982002	1.55995391687	0.1983348333333327	-0.6208238333333232	0
183	2015-06-17	27.91	28.33	28.41	27.84	6830800	0.3606900260950977	-0.014825273561595418	-0.41999999999999815	0.020270270270270282	0.0647359432002	1.56890973802	-0.896667000000002	-1.577504666666665	1
184	2015-06-18	28.07	28.0	28.120001	27.6	6168300	-0.09698717573344265	0.00250000000000001	0.07000000000000028	0.018548278937042875	0.0623039304002	1.56890973802	0.803333333333331	3.3575009166666803	1
185	2015-06-19	28.190001	28.120001	28.459999	28.02	29234700	3.7395068333252275	0.002489331348174571	0.07000000000000028	0.01562773874524104	0.0545689834002	1.55995391687	-0.07999816666666486	-2.156663749999988	1
186	2015-06-22	28.27	28.389999	28.540001	28.17	3695200	-0.8736022603276243	-0.004226805361986803	-0.11999899999999997	0.013060395571132942	0.0634239564002	1.51621114379	0.05999699999999919	0.45499133333332037	0
187	2015-06-23	28.190001	28.379999	28.530001	28.059999	5113400	0.3837951937648842	-0.006694785295799439	-0.18999800000000278	0.01661665193565485	0.0668449930002	1.48791164536	-0.19999666666667082	-0.38998758333334155	0
188	2015-06-24	28.049999	28.1	28.32	27.985001	2675600	-0.47674736965619746	-0.0017793950177936561	-0.05000100000000174	0.011932288725419205	0.0672199780004	1.44815527142	-0.1366718333333298	0.24165041666664897	0
189	2015-06-25	27.379999	27.950001	28.040001	27.280001	5014800	0.8742711915084467	-0.020393630755147336	-0.5700019999999988	0.027471534429784984	0.0821441028005	1.42840628432	-1.0916640000000004	-1.5224838333333348	1
190	2015-06-26	27.540001	27.370001	27.615	27.26	9588300	0.9120004785833932	0.0062111798972898	0.1700000000000017	0.012930249028218826	0.0821441028005	1.43876608555	1.0283363333333366	3.8674974166666467	0
191	2015-06-29	26.93	27.209999	27.389999	26.799999	3022500	-0.6847720659553831	-0.0102902980628555	-0.2799990000000001	0.021795345803386507	0.1815161224	1.42803631861	-1.5283374999999921	-5.083345916666644	1
192	2015-06-30	27.309999	27.209999	27.870001	26.985001	5545300	0.8346732837055417	0.003675119576446931	0.10000000000000142	0.03246515159446624	0.191104236001	1.44182996002	1.4616666666666625	5.83001033333332	1
193	2015-07-01	27.440001	27.530001	27.74	27.34	2837700	-0.48826934521126	-0.003269160796616021	-0.08999999999999986	0.01455339223018397	0.199141176601	1.46007870938	-0.40832883333333686	-4.239994	0
194	2015-07-02	27.15	27.43	27.469999	26.92	2158000	-0.23952496740317863	-0.010207801676996031	-0.28000000000000114	0.020153865884939528	0.214045195001	1.5010769213	-0.5566711666666629	0.3908160833333625	0
195	2015-07-06	27.01	26.93	27.040001	26.67	3392000	0.571825764596849	0.002970664686223611	0.08000000000000185	0.01371898405635886	0.210741086001	1.5010769213	0.12500183333333462	1.398347499999981	0
196	2015-07-07	26.74	27.01	27.040001	26.440001	3582600	0.056191037735849055	-0.009996297667530659	-0.2700000000000031	0.02232558139534889	0.194064086001	1.5010769213	-0.4283336666666706	-1.189172249999994	0
197	2015-07-08	26.639999	26.58	26.709999	26.459999	3601900	0.005387148997934461	0.002257298720842786	0.059999000000001246	0.009394964475666375	0.157329007601	1.52657094502	0.08499816666666742	1.0016646666667082	1
198	2015-07-09	26.98	26.91	27.030001	26.799999	2196300	-0.39023848524389904	0.002601263470828699	0.07000000000000028	0.008535980701428797	0.0825361524005	1.5388643487	0.6500030000000088	0.6825086666666588	1
199	2015-07-10	27.299999	27.25	27.35	27.049999	1767500	-0.19523744479351637	0.0018348256880733828	0.04999899999999968	0.010999120274961022	0.0788241668005	1.5388643487	0.1566633333333307	-1.149179083333318	0
200	2015-07-13	27.25	27.5	27.700001	27.190001	2075200	0.1740876944837341	-0.00909090909090909	-0.25	0.018630136986301428	0.0611050680004	1.52657094502	-0.3516633333333381	-0.6191533333333249	1
201	2015-07-14	27.549999	27.299999	27.58	27.23	3363200	0.6206630686198921	0.009157509492949066	0.25	0.01276207886096907	0.0777210102004	1.5058551567	0.7149966666666655	2.050819999999978	1
202	2015-07-15	27.799999	27.75	28.0	27.620001	2356000	-0.299476688867745	0.0018017657657657543	0.04999899999999968	0.013681332379501988	0.1162839416	1.52657094502	0.09166816666666004	-1.4766562499999953	1
203	2015-07-16	28.110001	27.889999	28.15	27.709999	2239400	-0.049490662139219016	0.007888203940057542	0.22000200000000092	0.015714321428571383	0.1907211158	1.51056485026	0.37666999999999956	0.6375011666666429	0
204	2015-07-17	27.91	28.08	28.181999	27.84	3126700	0.3962222023756363	-0.006054131054130989	-0.16999999999999815	0.012216431505626051	0.2270491614	1.51056485026	-0.6450041666666712	-1.7033468333333606	1
205	2015-07-20	27.959999	27.93	28.17	27.870001	4131700	0.32142514472127165	0.0010740780522735449	0.02999900000000011	0.010735337461716656	0.2476641112	1.48791164536	0.4283333333333322	2.229177000000002	0
206	2015-07-21	26.719999	26.530001	27.58	25.48	10366900	1.5091124718638818	0.007161628075325093	0.18999800000000278	0.07887323943661964	0.25043625	1.52463352843	-2.3983325000000058	-4.938333166666638	1
207	2015-07-22	27.040001	26.690001	27.254999	26.614	3829300	-0.6306224618738485	0.013113525173715859	0.3500000000000014	0.02386000283417078	0.202276041201	1.54959411564	2.050003333333335	8.434169666666653	0
208	2015-07-23	26.450001	27.059999	27.299999	26.370001	3075000	-0.19698117149348446	-0.022542425075477678	-0.6099980000000009	0.03475978321809012	0.278648817601	1.46816265826	-1.8683356666666586	-8.256677249999996	0
209	2015-07-24	26.15	26.48	26.65	26.120001	1993900	-0.3515772357723577	-0.012462235649546897	-0.33000000000000185	0.020140566216986514	0.422743772801	1.48523429734	0.24499883333333136	4.854171249999989	0
210	2015-07-27	25.940001	26.02	26.129999	25.68	2544300	0.2760419278800341	-0.0030745196003074873	-0.07999900000000082	0.017320977341782645	0.588720502001	1.46816265826	-0.23166366666666605	-1.3933264999999817	1
211	2015-07-28	26.17	25.799999	26.360001	25.74	5631600	1.2134182289824313	0.014341124586865373	0.370001000000002	0.023859958126995616	0.653304607001	1.51621114379	0.566663333333338	1.2941542499999912	0
212	2015-07-29	26.0	26.1	26.33	26.0	59753900	9.610465942183394	-0.0038314176245211272	-0.10000000000000142	0.01266794625719763	0.665904834001	1.54959411564	-0.6499985000000118	-2.3308229166666954	1
213	2015-07-30	26.49	26.030001	26.629999	25.6	17805600	-0.7020177762455673	0.017671877922709255	0.4599989999999998	0.039223114256985644	0.4922406134	1.57084334047	1.173333000000003	3.4616620000000182	0
214	2015-07-31	26.07	26.559999	26.6	25.98	9396400	-0.47227838432852587	-0.018448758224727378	-0.48999900000000096	0.023560707268871543	0.3454086502	1.58791497955	-1.3983333333333359	-4.890832416666664	0
215	2015-08-03	26.030001	26.18	26.5	26.0	6981500	-0.2570026818781661	-0.005729526355996987	-0.1499990000000011	0.019153418518417575	0.1167039644	1.59349654538	0.5800018333333364	4.291669583333288	1
216	2015-08-04	26.27	26.049999	26.440001	25.9	5120700	-0.26653298001862064	0.00844533621671156	0.2200009999999999	0.020642240455700324	0.0976690832002	1.60385634661	0.34666366666666565	-1.0941753333333015	1
217	2015-08-05	26.66	26.49	26.84	26.41	6478800	0.2652176460249575	0.0064175160437901745	0.1700000000000017	0.016180620884289735	0.0514609502002	1.59827478078	0.4216681666666607	-0.00749050000000769	0
218	2015-08-06	26.65	26.77	26.84	26.43	4042000	-0.3761190343890844	-0.00448262980948827	-0.120000000000001	0.01535005615874205	0.0641408968002	1.5859813771	-0.3933336666666681	-1.3350046666666724	1
219	2015-08-07	26.700001	26.530001	26.82	26.309999	8972800	1.2198911429985155	0.006407839939395468	0.1700000000000017	0.01916216347314806	0.0811359552002	1.5812031417	0.23333516666667128	1.4458371666667063	1
220	2015-08-10	27.190001	27.01	27.26	26.9	4443200	-0.5048145506419401	0.006664235468344953	0.1800009999999972	0.013284132596233827	0.1322611302	1.5812031417	0.8366655000000035	0.74666091666667	0
221	2015-08-11	26.84	27.0	27.190001	26.700001	4909300	0.1049018725243068	-0.005925925925925931	-0.16000000000000014	0.0182020802377414	0.13876009	1.5812031417	-1.1966681666666616	-3.641665833333301	0
222	2015-08-12	26.030001	26.780001	26.790001	25.74	6983100	0.42242274866070517	-0.02800597356213691	-0.75	0.0397652323512505	0.1359009956	1.56413150262	-0.9133303333333345	1.4416744166666244	1
223	2015-08-13	26.200001	26.0	26.299999	25.975	4317400	-0.38173590525697754	0.007692346153846166	0.20000100000000032	0.012452068726971797	0.143643966	1.53445989315	1.139998500000008	3.391657166666685	1
224	2015-08-14	26.379999	26.26	26.42	26.129999	1998500	-0.5371056654467967	0.004569649657273418	0.11999899999999997	0.011018275285301589	0.127864958	1.51992250617	-0.13833666666665914	-3.1691678333333093	0
225	2015-08-17	26.280001	26.309999	26.48	26.08	1746200	-0.1262446835126345	-0.0011401748818007417	-0.029998000000002634	0.015212017493820198	0.110239988	1.49496191896	-0.33666066666666933	0.05334974999999531	1
226	2015-08-18	26.559999	26.290001	26.58	26.190001	2415200	0.3831176268468675	0.0102699881981747	0.26999800000000107	0.014758713339640473	0.103308962601	1.49496191896	0.6899933333333385	1.91080850000003	0
227	2015-08-19	26.26	26.43	26.57	26.23	4323000	0.789913878767804	-0.006432084752175488	-0.16999999999999815	0.012905674701081794	0.108828986601	1.48791164536	-0.9099951666666719	-3.024976250000018	0
228	2015-08-20	25.33	26.049999	26.290001	25.33	3193800	-0.26120749479528105	-0.02763911814353626	-0.7199990000000014	0.03736866557743615	0.228421065801	1.39963807708	-1.261668499999999	0.1541515833333591	0
229	2015-08-21	24.57	25.02	25.110001	24.57	4203100	0.31601853591333207	-0.01798561151079134	-0.4499999999999993	0.02177862472272636	0.499144086401	1.24968203851	-0.408332999999993	1.749172250000053	0
230	2015-08-24	23.030001	23.58	24.1	21.139999	8454800	1.0115628940543884	-0.023324809160305333	-0.5499989999999997	0.12701141113470485	1.2030154208	1.20577960878	-2.2466648333333397	-3.334164666666709	1
231	2015-08-25	23.1	23.799999	24.08	23.07	5607800	-0.3367317973222312	-0.029411723924862278	-0.6999989999999983	0.043070363391692096	1.6450835704	1.24968203851	1.6716636666666744	7.061658000000032	1
232	2015-08-26	24.190001	24.0	24.450001	23.450001	6358500	0.1338671136631121	0.00791670833333328	0.19000099999999875	0.04150238552599325	1.708379276	1.2868726304	1.4033366666666633	-2.3016542500000035	1
233	2015-08-27	24.48	24.65	24.99	24.370001	5251700	-0.17406621058425728	-0.006896551724137856	-0.16999999999999815	0.02523912070018319	1.6271951084	1.1492659271	-0.7166699999999887	-3.747513333333302	1
234	2015-08-28	24.690001	24.67	24.885	24.370001	3096500	-0.41038140030847153	0.0008107417916496574	0.02000099999999705	0.020867057924087284	1.4238884166	1.1492659271	0.41000333333333333	2.9683466666666405	1
235	2015-08-31	24.82	24.620001	24.940001	24.5	3553100	0.1474568060713709	0.0081234359007541	0.19999900000000181	0.017799392843863365	1.1978801888	1.36548197605	0.08999666666666783	-0.7400133333332993	0
236	2015-09-01	23.690001	24.469999	24.59	23.52	5046600	0.42033717035827867	-0.0318756858142905	-0.7799980000000026	0.04443521594684387	0.8732835872	1.41353046158	-2.1533300000000004	-3.5216533333333664	1
237	2015-09-02	24.129999	23.98	24.33	23.440001	5658400	0.12123013514049062	0.006255170975813224	0.1499990000000011	0.03699850419868018	0.4960607722	1.43849104879	2.168328166666677	8.075817083333357	1
238	2015-09-03	24.5	24.299999	24.790001	24.209999	3093800	-0.4532376643574155	0.00823049416586397	0.20000100000000032	0.023770574257593748	0.370979822	1.45302843577	-0.21166216666667262	-5.80748091666671	0
239	2015-09-04	24.09	24.24	24.43	23.959999	2295000	-0.25819380696877625	-0.00618811881188113	-0.14999999999999858	0.019449658597144627	0.3485158508	1.46903453053	-1.0366684999999964	-0.6375141666666385	1
240	2015-09-08	24.629999	24.6	24.629999	24.215	3484900	0.518474945533769	0.0012194715447154515	0.02999900000000011	0.016859598148681727	0.2454759156	1.47692347866	1.5916651666666712	4.916669333333327	0
241	2015-09-09	24.4	24.780001	24.99	24.365	3949800	0.13340411489569284	-0.015334987274617143	-0.38000100000000003	0.025416835595428313	0.1032558896	1.47692347866	-1.1883303333333401	-5.652492250000037	1
242	2015-09-10	24.440001	24.299999	24.636	24.219999	2010800	-0.4909109321990987	0.00576139941404932	0.14000199999999907	0.017070209273697082	0.1002809346	1.46903453053	0.5216670000000043	3.839993416666706	0
243	2015-09-11	24.32	24.299999	24.540001	24.059999	3544800	0.7628804455937935	0.0008230864536249818	0.0200010000000006	0.019745043598211467	0.0996089378005	1.45780667117	-0.3433359999999996	-1.9375040000000088	1
244	2015-09-14	24.41	24.280001	24.67	24.25	2459300	-0.30622320018054616	0.005354159581789208	0.12999900000000153	0.01725200211024854	0.0888008740004	1.43876608555	0.31833483333333135	1.3133419166666396	1
245	2015-09-15	25.030001	24.450001	25.139999	24.422001	2882000	0.171878176716952	0.023721880420372918	0.5799999999999983	0.029021744986994863	0.1128040072	1.46522691049	0.9916681666666692	0.8041649166666787	0
246	2015-09-16	24.879999	24.93	25.059999	24.635	3541400	0.2287994448299792	-0.002005655836341684	-0.050000999999998186	0.01706480660640044	0.0798410626005	1.47364929514	-0.9683381666666572	-3.555010666666609	0
247	2015-09-17	24.040001	24.84	24.959999	23.68	5433100	0.5341672784774383	-0.032206078904991935	-0.7999989999999997	0.052373116768144094	0.0869239052005	1.45182770775	-1.158327000000001	0.6550210833333191	0
248	2015-09-18	23.75	23.690001	23.99	23.219999	11030900	1.03031418527176	0.0025326719065989593	0.059999000000001246	0.03246209880982073	0.1336489202	1.46696193024	0.3983285000000052	2.8533105000000205	1
249	2015-09-21	23.9	23.950001	24.139999	23.719999	3422200	-0.6897623947275381	-0.002087724338717219	-0.05000100000000174	0.017554858567296504	0.148639924	1.43028030191	0.33333516666666085	-0.9074849166666846	0
250	2015-09-22	23.6	23.5	23.67	23.42	2220000	-0.3512944889252528	0.004255319148936231	0.10000000000000142	0.010615711252653927	0.1926210152	1.49081586317	-0.8216669999999944	-2.055005583333331	0
251	2015-09-23	23.34	23.75	23.790001	23.275	3662100	0.6495945945945946	-0.01726315789473685	-0.41000000000000014	0.021873051603312873	0.2676690576	1.45255972696	-0.07666666666666799	1.7950009166666614	0
252	2015-09-24	23.24	23.059999	23.32	23.0	3495100	-0.045602250075093526	0.007805767901377497	0.1800009999999972	0.013822894467017172	0.3327090278	1.45255972696	0.01999999999999839	-0.05916666666665075	1
253	2015-09-25	23.610001	23.629999	23.82	23.48	4083200	0.16826414122628824	-0.000846297115797638	-0.01999800000000107	0.014394580863674846	0.339879968	1.44026632329	0.7083351666666692	0.9541695833332918	0
254	2015-09-28	22.629999	23.4	23.559999	22.6	5404800	0.3236677115987461	-0.032906025641025516	-0.770000999999997	0.041711884460392874	0.4719562736	1.43849104879	-2.2616715000000043	-5.122511583333363	1
255	2015-09-29	23.219999	22.76	23.440001	22.565001	5979200	0.10627590290112493	0.020210852372583472	0.4599989999999998	0.03806002692605539	0.3222691082	1.41203022385	2.348336000000002	8.835015249999989	1
256	2015-09-30	23.860001	23.66	25.23	23.389999	5608500	-0.0619982606368745	0.008453127641589193	0.20000100000000032	0.0774411178989664	0.1590694282	1.40999787831	0.15833633333333216	-5.540002583333347	0
257	2015-10-01	23.5	23.75	24.02	23.370001	3214100	-0.42692341980921816	-0.010526315789473684	-0.25	0.02751318518518523	0.129045324	1.53923812855	-1.21000416666667	-1.6191792500000304	0
258	2015-10-02	23.41	22.99	23.48	22.48	7919400	1.463955695217946	0.018268812527185808	0.4200000000000017	0.04310344827586207	0.120069324	1.55153153223	0.46833516666666714	3.666679916666645	1
259	2015-10-05	23.719999	23.639999	23.83	23.32	6639600	-0.16160315175392076	0.003384094897804431	0.08000000000000185	0.02153716307167065	0.1061012626	1.541171731	0.553331166666665	-0.5150084999999814	0
260	2015-10-06	23.360001	23.66	23.83	23.299999	3616500	-0.45531357310681364	-0.012679585798816555	-0.2999989999999997	0.022543640524380192	0.102309252001	1.51471090606	-1.0516618333333365	-2.839987500000016	1
261	2015-10-07	23.440001	23.52	23.565001	23.18	4528600	0.2522051707451956	-0.0034013180272109192	-0.07999900000000082	0.01639697580074579	0.102229260201	1.46522691049	0.6699973333333311	3.5483180833333186	1
262	2015-10-08	23.52	23.43	23.639999	23.24	4248700	-0.06180718102724904	0.003841229193341863	0.08999999999999986	0.017039361022364263	0.100381254601	1.46940449625	-0.06666783333333133	-1.86082783333336	0
263	2015-10-09	23.459999	23.49	23.82	23.360001	3644200	-0.14227881469626003	-0.001277181779480571	-0.030000999999998612	0.019595271982859885	0.0969162084007	1.46522691049	-0.1766673333333427	-0.004999000000016925	1
264	2015-10-12	23.559999	23.459999	23.690001	23.389999	1948800	-0.46523242412600846	0.004262574776750904	0.10000000000000142	0.012760613048090695	0.0293050410007	1.44026632329	0.2800008333333312	0.8633353333333105	0
265	2015-10-13	23.459999	23.5	23.620001	23.379999	2278100	0.1689757799671593	-0.0017021702127659648	-0.040001000000000175	0.010221550473201542	0.0208089978007	1.40354444021	-0.32000033333334105	-1.1650028333333278	0
266	2015-10-14	22.91	23.35	23.49	22.790001	2973500	0.30525437864887406	-0.01884368308351183	-0.4400000000000013	0.030263683527885783	0.0391438936006	1.45780667117	-0.858331500000002	-0.5991628333333144	1
267	2015-10-15	23.52	23.040001	23.59	22.940001	3083900	0.037127963679165966	0.020833289026332916	0.4799989999999994	0.027920918644310216	0.0394438944006	1.43876608555	1.7266654999999969	4.474994249999999	0
268	2015-10-16	23.219999	23.620001	23.780001	23.219999	4212300	0.3659003210220824	-0.01693488497312075	-0.4000019999999971	0.02391127241673771	0.0436809262006	1.41136293234	-1.4450015	-6.353332499999965	1
269	2015-10-19	23.23	23.200001	23.49	23.030001	3846700	-0.08679343826413123	0.0012930602890922336	0.02999900000000011	0.01981473142763877	0.0355959672006	1.37468130401	0.5716696666666637	4.545841083333291	1
270	2015-10-20	23.389999	23.23	23.6	23.16	4082200	0.06122130657446643	0.0068876022384846795	0.15999899999999911	0.01887601928090995	0.0356289668004	1.31586770744	0.1816633333333364	-1.2750124166666599	0
271	2015-10-21	23.17	23.48	23.865	23.17	3909600	-0.042281122923913575	-0.013202725724020389	-0.3099999999999987	0.029796355841371774	0.0384639260002	1.26615684208	-0.5866633333333292	-1.2491533333332967	0
272	2015-10-22	22.870001	23.26	23.620001	22.870001	9977700	1.5521025168815223	-0.016766938950988953	-0.3899990000000031	0.03251679964195102	0.0536087792004	1.26615684208	-0.23999966666668016	0.9808258333332963	1
273	2015-10-23	24.219999	23.549999	24.299999	23.209999	9488000	-0.049079447167182814	0.0284501073651851	0.6700000000000017	0.045635337895555274	0.133104688	1.26615684208	2.751662166666673	4.690826416666693	0
274	2015-10-26	23.6	24.25	24.49	23.559999	4690000	-0.5056913996627319	-0.02680412371134015	-0.6499999999999986	0.03887151515151503	0.1348887314	1.21189461112	-2.8116621666666695	-10.494149416666716	0
275	2015-10-27	23.530001	23.42	23.799999	23.27	4038000	-0.13901918976545843	0.004696883005977664	0.1100009999999969	0.022577166718271213	0.1367437872	1.23193386701	1.0450000000000028	8.698322083333332	1
276	2015-10-28	24.18	23.52	24.440001	23.52	5537400	0.3713224368499257	0.028061224489795925	0.6600000000000001	0.03857446540880499	0.1660808126	1.46522691049	1.0666640000000076	-1.2641697499999722	0
277	2015-10-29	24.110001	24.18	24.43	24.01	4366100	-0.2115252645645971	-0.0028949131513647335	-0.06999899999999926	0.017394905417376077	0.200595936001	1.46522691049	-0.9099966666666693	-3.6358218333333334	1
278	2015-10-30	24.299999	23.75	24.389999	23.73	50057600	10.465060351343304	0.023157852631578935	0.5499989999999997	0.027471342923441024	0.233859720001	1.37437092316	0.6466614999999933	3.4583170833333177	1
279	2015-11-02	24.450001	24.58	24.700001	24.120001	14762900	-0.7050817458288052	-0.0052888120423107395	-0.12999899999999798	0.023658983812788494	0.262895853601	1.31071950633	0.03000633333333506	-1.5133113333333388	0
280	2015-11-03	24.42	24.459999	24.620001	24.139999	6333800	-0.570965054291501	-0.001635282160068695	-0.03999899999999812	0.01964001676841274	0.277624734001	1.34307227795	-0.16667149999999373	-0.1733561666666598	1
281	2015-11-04	24.530001	24.549999	24.74	24.200001	11116700	0.7551390950140516	-0.0008145825179056451	-0.01999800000000107	0.022004849225753794	0.249608781401	1.43876608555	0.28667033333332387	0.8816846666666626	1
282	2015-11-05	24.610001	24.469999	24.93	24.440001	10044600	-0.09644049043331204	0.005721373343742232	0.14000199999999907	0.019967359413202972	0.121545025001	1.48984906194	0.008331833333343752	-0.6491779999999778	1
283	2015-11-06	25.73	25.469999	25.969999	25.120001	16322300	0.6249825777034427	0.010208127609270775	0.26000099999999904	0.033203047523497134	0.3343039092	1.31102988718	1.996665166666664	3.2466684166666653	1
284	2015-11-09	25.870001	25.73	26.049999	25.48	10013800	-0.3864957757178829	0.005441158181111467	0.14000099999999804	0.022092984067965397	0.459380987	1.25198942081	-1.023330333333334	-5.83249225000002	1
285	2015-11-10	26.0	25.870001	26.09	25.77	14272600	0.42529309552817113	0.005025086779084451	0.12999900000000153	0.012338538416453868	0.493219998	1.29889481146	0.4483300000000021	3.7008209166667143	1
286	2015-11-11	26.09	26.0	26.129999	25.889999	6575500	-0.5392920701203705	0.003461538461538456	0.08999999999999986	0.009214820502975694	0.5770688452	1.31430407071	0.06000149999999967	-0.9866562500000194	0
287	2015-11-12	25.51	25.75	25.950001	25.49	8336200	0.2677667097559121	-0.009320388349514503	-0.23999999999999844	0.017947756535310257	0.5011889414	1.34563806	-1.1250003333333314	-1.850004666666673	1
288	2015-11-13	25.530001	25.49	25.6	25.219999	9834200	0.17969818382476427	0.0015692820714005562	0.040001000000000175	0.014896158077299923	0.428003724	1.36722572059	0.7433351666666681	3.611670499999979	1
289	2015-11-16	25.68	25.6	25.719999	25.27	6910900	-0.29725854670435825	0.0031249999999999334	0.0799999999999983	0.01755066302652113	0.3614607904	1.36722572059	0.058330333333341144	-1.935008666666609	0
290	2015-11-17	25.6	25.719999	25.91	25.52	4455500	-0.3552938112257448	-0.004665591161181614	-0.11999899999999997	0.015198753218993654	0.256204696	1.37511466872	-0.31499850000000035	-0.4891571666666626	1
291	2015-11-18	26.200001	25.73	26.219999	25.610001	5740100	0.2883178094489956	0.018266653711620673	0.4700009999999999	0.023493086395280482	0.1782158964	1.47852245949	1.2433348333333356	2.7541649166666673	0
292	2015-11-19	26.120001	26.1	26.24	25.9	3415400	-0.4049929443737914	0.0007663218390803467	0.02000099999999705	0.013021830466835874	0.0596810776002	1.48975031885	-0.8733345000000009	-4.120838166666658	0
293	2015-11-20	26.02	26.309999	26.309999	25.870001	3096000	-0.09351759676758213	-0.011022387344066477	-0.28999900000000167	0.016816281613152823	0.0612760544002	1.49346168123	0.10999849999999611	2.4916675000000055	0
294	2015-11-23	25.74	25.969999	26.18	25.67	4369400	0.4113049095607235	-0.008856334572827782	-0.22999900000000295	0.019725391988501026	0.0625890606002	1.46007870938	-0.423332166666673	-1.0916618333333474	1
295	2015-11-24	26.129999	25.639999	26.15	25.51	4961100	0.1354190506705726	0.019110765175926955	0.490000000000002	0.024724745015442997	0.0680359992004	1.45302843577	1.0083311666666752	2.4458266666666666	1
296	2015-11-25	26.26	26.129999	26.280001	25.937	4382200	-0.11668783132772974	0.004975162838697393	0.13000100000000003	0.01309414035300888	0.0783889924004	1.45390030804	-0.3099970000000016	-2.8216570833333825	1
297	2015-11-27	26.389999	26.23	26.5	26.145	2250600	-0.48642234494089726	0.0060998475028592875	0.15999899999999911	0.013492968709482508	0.0831408726005	1.52569907275	0.21666333333333299	1.3508209166667058	1
298	2015-11-30	26.629999	26.43	26.65	26.254999	9731800	3.3240913534168666	0.007567120696178654	0.19999900000000181	0.01488884310005347	0.0959008494005	1.55995391687	0.3316681666666774	0.08251041666671692	0
299	2015-12-01	26.5	26.809999	26.870001	26.280001	6003100	-0.3831459750508642	-0.011562812814726372	-0.30999900000000125	0.02213468433942382	0.0913088658005	1.54170516751	-0.4749985000000064	-1.3908350833333571	1
300	2015-12-02	26.639999	26.75	26.860001	26.459999	10320000	0.7191117922406757	-0.004112186915887868	-0.11000100000000046	0.014984154616672707	0.0723808112006	1.51340566908	0.48833033333333375	1.936658916666687	0
301	2015-12-03	26.469999	26.83	26.84	26.379999	10031700	-0.027936046511627906	-0.013417853149459445	-0.3600009999999969	0.01726082583979029	0.0755398040004	1.47364929514	-0.5183318333333311	-2.0083238333333213	1
302	2015-12-04	27.120001	26.690001	27.139999	26.459999	5481300	-0.4536020814019558	0.01611090235627941	0.4299999999999997	0.025274111679088947	0.131540084	1.5324109106	1.4366699999999877	3.5175011666666336	0
303	2015-12-07	26.51	27.1	27.17	26.365	5337900	-0.02616167697444037	-0.021771217712177115	-0.5899999999999999	0.03003171050177218	0.1168891232	1.52569907275	-1.9333374999999922	-6.282513499999993	0
304	2015-12-08	26.41	26.25	26.549999	26.09	4656400	-0.12767193090915904	0.006095238095238101	0.16000000000000014	0.017470527914925933	0.0636241768004	1.50498328443	0.7450018333333285	5.809179916666636	0
305	2015-12-09	26.1	26.33	26.74	25.790001	6760600	0.4518941671677691	-0.008735282947208389	-0.22999999999999687	0.03623875643715423	0.0659610998004	1.271766695	-0.6550003333333277	-3.212505583333287	1
306	2015-12-10	26.299999	26.1	26.57	26.040001	3559700	-0.47346389373724224	0.0076627969348658335	0.19999899999999826	0.020228969851697903	0.0641611436004	1.24737847035	0.6949981666666609	2.549997999999993	0
307	2015-12-11	25.610001	25.959999	26.17	25.370001	6501300	0.8263617720594432	-0.013482203909175781	-0.34999799999999937	0.03102575140585624	0.137168909601	1.23701866912	-1.6016618333333348	-4.233321750000006	1
308	2015-12-14	25.719999	25.74	25.959999	25.4	5119800	-0.21249596234599233	-0.0007770396270395124	-0.02000099999999705	0.021764438821695323	0.175116055201	1.23330597804	1.0733269999999944	5.3224789166666255	1
309	2015-12-15	26.540001	26.18	26.700001	26.040001	5445300	0.06357670221493027	0.013750993124522553	0.36000100000000046	0.025037935792148417	0.176556096401	1.19076860234	1.1450066666666696	-1.011640916666683	1
310	2015-12-16	26.91	26.75	27.02	25.93	9247000	0.6981617174444016	0.005981308411214958	0.16000000000000014	0.04062616474096161	0.199209156001	1.35329308134	-0.24167149999999657	-2.590857083333342	0
311	2015-12-17	26.48	26.91	27.08	26.424999	5395000	-0.41656753541689195	-0.01597918989223336	-0.4299999999999997	0.024536467503277714	0.199420176	1.37838885225	-0.9466648333333296	-0.40748491666665626	0
312	2015-12-18	25.9	26.389999	26.450001	25.84	10143900	0.8802409638554217	-0.018567602067737894	-0.48999900000000096	0.023331459616206935	0.150376026	1.52924829304	-0.4383336666666686	1.416661083333338	1
313	2015-12-21	26.030001	26.139999	26.34	25.731001	4147900	-0.5910941551079959	-0.004208033825862079	-0.10999800000000093	0.023346712670116954	0.145959992	1.52507070729	0.7716685000000029	1.7625038333333596	1
314	2015-12-22	26.25	26.16	26.459999	25.700001	5388300	0.29904288917283445	0.0034403669724770588	0.08999999999999986	0.029002022514787236	0.1415439952	1.53402652844	0.058330333333336405	-1.8866753333333197	1
315	2015-12-23	26.52	26.35	26.540001	26.17	3890900	-0.2778984095169163	0.006451612903225736	0.16999999999999815	0.013996633251371229	0.1503639868	1.53880476384	0.2816681666666601	0.5416761666666664	1
316	2015-12-24	26.6	26.450001	26.68	26.370001	1072600	-0.7243311316147935	0.005671039483136545	0.1499990000000011	0.011687049732572154	0.1629039896	1.53402652844	-0.09500033333333135	-0.6133379999999894	0
317	2015-12-28	26.41	26.440001	26.469999	26.08	2238800	1.0872645907141525	-0.0011346822566307246	-0.030000999999998612	0.014758713060383977	0.1171441028	1.52507070729	-0.35166666666666896	-0.20333241666670196	1
318	2015-12-29	26.620001	26.540001	26.805	26.49	2872000	0.28283008754690014	0.0030143178969736398	0.0799999999999983	0.011851015355492323	0.0791639824002	1.51240352376	0.6333351666666628	1.757502916666681	0
319	2015-12-30	26.299999	26.49	26.66	26.26	2062900	-0.2817200557103064	-0.007172555681389157	-0.19000099999999875	0.015154385587315454	0.0788759896003	1.49081586317	-0.8950048333333337	-2.9266782499999757	0
320	2015-12-31	26.190001	26.219999	26.49	26.139999	2307000	0.11832856658102671	-0.001144088525709045	-0.029998000000002634	0.01335626788780763	0.0523799760004	1.47852245949	0.24167299999999514	2.48085441666665	0
321	2016-01-04	25.799999	25.709999	25.99	25.455	5598700	1.4268313827481578	0.0035005835667282544	0.08999999999999986	0.020772666308393185	0.0735960956005	1.49081586317	-0.6933399999999956	-1.8975257499999998	0
322	2016-01-05	25.68	25.77	25.950001	25.52	6389300	0.14121135263543322	-0.0034924330616996455	-0.08999999999999986	0.016715296404276023	0.0938801000005	1.49081586317	0.19833816666666357	1.7733570833333137	0
323	2016-01-06	25.280001	25.299999	25.530001	25.15	5418800	-0.15189457374047236	-0.0007904348138512207	-0.01999800000000107	0.015025741399762755	0.176004965	1.37454230617	-0.7233333333333304	-1.838345499999993	0
324	2016-01-07	24.59	24.790001	24.915001	24.299999	4976700	-0.08158632907654831	-0.008067809275199315	-0.20000100000000032	0.024908950487870604	0.3957889982	1.20019804295	-0.8383359999999934	0.194996916666715	0
325	2016-01-08	23.82	24.809999	24.879999	23.66	10583700	1.1266501898848635	-0.039903226114600045	-0.989999000000001	0.05017474912964738	0.7705490522	1.25976680298	-0.7399985000000058	0.3316752499999988	1
326	2016-01-11	23.9	24.18	24.24	23.67	6981400	-0.3403630110452866	-0.011579818031430981	-0.28000000000000114	0.023710482529118	0.9563091062	1.32525689331	0.8149996666666652	2.439995333333305	0
327	2016-01-12	23.9	24.1	24.15	23.59	7081700	0.014366745924886126	-0.00829875518672211	-0.20000000000000284	0.02333333333333328	1.0459161564	1.36996646761	-0.3500000000000026	-2.71499908333332	0
328	2016-01-13	23.219999	24.08	24.15	22.955	8078100	0.14070067921544263	-0.03571432724252479	-0.8600009999999969	0.050528542294472366	1.1261562036	1.22565181192	-1.22000183333333	-0.9775029166666703	0
329	2016-01-14	22.9	23.34	23.379999	22.6	9374000	0.16042138621705598	-0.01885175664095978	-0.4400000000000013	0.03373698096885814	1.19279649	1.30818906837	0.20666966666665823	2.9033419999999714	0
330	2016-01-15	22.32	22.190001	22.469999	21.700001	12940800	0.3804992532536804	0.005858449488127628	0.12999900000000153	0.034598875879602926	1.2543290802	1.27293207893	-0.9166681666666605	-2.401676166666647	0
331	2016-01-19	22.23	22.6	22.705	22.040001	9794300	-0.2431457096933729	-0.016371681415929245	-0.370000000000001	0.029667588668302394	1.216844412	1.32041907304	0.40500033333333363	2.4958379999999827	0
332	2016-01-20	21.6	21.870001	21.969999	21.0	11155900	0.13901963386867872	-0.012345724172577635	-0.27000099999999705	0.044628432375697503	1.167884412	1.31333345534	-1.2433333333333276	-3.2016675833333252	0
333	2016-01-21	21.33	21.629999	21.84	21.125	9819600	-0.11978415009098324	-0.013869579929245637	-0.29999900000000324	0.033286779173342156	1.0679489522	1.32175583998	0.2099999999999961	3.0291666666666686	0
334	2016-01-22	20.780001	21.65	21.799999	19.75	23182200	1.3608089942563852	-0.04018471131639723	-0.869999	0.09662969369244181	1.148339512	1.33308244244	-0.9033314999999918	-2.331663749999978	0
335	2016-01-25	19.790001	20.780001	20.915001	19.73	12599300	-0.4565097359180751	-0.047641961133688036	-0.9899999999999984	0.05841759633139775	1.6267000306	1.25021129573	-1.2633345000000016	-0.1600057499999797	1
336	2016-01-26	20.290001	19.969999	20.57	19.969999	16250900	0.28982562523314787	0.016024137006716864	0.3200019999999988	0.029806308991554835	1.5700227936	1.31333345534	1.888333666666668	5.335837083333341	1
337	2016-01-27	21.209999	20.98	21.610001	20.799999	33935400	1.0882166526161627	0.010962774070543345	0.2299989999999994	0.03839782029859734	1.1108399726	1.3630443207	0.7733296666666689	-3.400006750000017	1
338	2016-01-28	21.74	21.5	21.85	21.139999	21317800	-0.3718123257719078	0.011162790697674346	0.23999999999999844	0.03284000925069389	0.8186883624	1.40210893018	0.0650041666666598	-0.9616522500000073	0
339	2016-01-29	21.25	21.879999	21.950001	21.25	94875300	3.4505202225370346	-0.02879337425929505	-0.6299990000000015	0.032460051761188324	0.5749834284	1.43207872066	-1.2100018333333307	-1.4850132500000015	0
340	2016-02-01	20.780001	21.110001	21.209999	20.559999	10617700	-0.8880878374034127	-0.015632400964831875	-0.33000000000000185	0.03103365810295252	0.460099426	1.43111191943	-0.11333116666666972	2.5908418333333123	0
341	2016-02-02	20.209999	20.51	20.620001	20.08	12990500	0.22347589402601317	-0.014627059970746061	-0.30000100000000174	0.026522643087491242	0.370815684801	1.46522691049	-0.6600048333333284	-1.2833458333332974	0
342	2016-02-03	20.049999	20.27	20.305	19.25	14336100	0.10358338786035949	-0.010853527380365066	-0.2200009999999999	0.05233135050424976	0.369420885401	1.48984906194	0.2150026666666586	1.4975152500000017	1
343	2016-02-04	20.23	20.040001	20.549999	19.889999	9247700	-0.3549361402333968	0.009480987550848937	0.18999900000000025	0.03277874266752564	0.349180907401	1.5058551567	0.3266678333333317	-0.26167216666664217	0
344	2016-02-05	19.85	20.26	20.620001	19.76	8105900	-0.12346853812299274	-0.02023692003948668	-0.41000000000000014	0.042882124158563795	0.399679878001	1.51374410483	-0.9600011666666587	-2.2208372500000095	0
345	2016-02-08	19.200001	19.52	19.74	18.950001	10227000	0.2616735957759163	-0.016393391393442584	-0.31999899999999926	0.04080573241720723	0.519508760001	1.56890973802	-0.6883311666666666	1.110840000000027	1
346	2016-02-09	19.549999	18.93	19.610001	18.889999	10511900	0.02785763175906913	0.03275219228737453	0.619999	0.037422142344650314	0.597060954801	1.56890973802	1.2733285000000016	3.168320833333335	0
347	2016-02-10	18.860001	19.629999	19.76	18.795	10445600	-0.006307137624977407	-0.03922557510064066	-0.7699980000000011	0.05014289425824889	0.716675806001	1.55995391687	-1.8899936666666715	-6.114145583333347	0
348	2016-02-11	18.139999	18.450001	18.65	18.040001	8392700	-0.1965325112966225	-0.01680227551207183	-0.3100020000000008	0.033342388630773344	0.754116140401	1.5324109106	-0.3983400000000046	3.775807583333299	1
349	2016-02-12	18.889999	18.6	18.99	18.32	9360800	0.11535024485564836	0.015591344086021404	0.2899989999999981	0.03574286571733428	0.576644230401	1.5324109106	1.985003000000006	3.4191874999999925	1
350	2016-02-16	19.360001	19.15	19.754999	18.9	8897700	-0.04947226732757884	0.010966109660574512	0.21000100000000188	0.0444039978082578	0.416183889601	1.5812031417	-0.2533303333333296	-5.00917016666664	1
351	2016-02-17	19.65	19.59	20.25	19.450001	9440400	0.06099329040089012	0.003062787136293962	0.05999999999999872	0.04077466870540264	0.357496033601	1.55153153223	0.23332916666665562	1.6158207500000117	0
352	2016-02-18	19.110001	19.67	19.809999	18.959999	7980000	-0.15469683487987798	-0.028469700050838903	-0.5599990000000012	0.04383702826619326	0.310684133201	1.53923812855	-1.1716629999999941	-2.167483833333345	1
353	2016-02-19	19.24	19.110001	19.299999	18.885	4536100	-0.43156641604010026	0.006802668403837236	0.12999899999999798	0.021642711300059583	0.211585153001	1.56890973802	0.9649966666666584	4.140819083333317	1
354	2016-02-22	19.799999	19.57	19.82	19.440001	4789700	0.05590705672273539	0.011752631578947337	0.2299989999999994	0.019303988298297978	0.205160030001	1.55399857119	0.6949996666666678	-1.404992499999982	0
355	2016-02-23	19.370001	19.73	19.809999	19.094999	6184400	0.29118733949934233	-0.018246274708565734	-0.35999900000000196	0.036572889090207436	0.208441064001	1.52569907275	-1.3983288333333388	-3.491659750000044	0
356	2016-02-24	19.0	19.0	19.16	18.775	5749500	-0.07032210076967854	0.0	0.0	0.020263157894736924	0.196836145601	1.50498328443	0.00999550000000582	3.374149416666692	1
357	2016-02-25	19.18	19.02	19.219999	18.83	6750600	0.17411948865118707	0.008412197686645645	0.16000000000000014	0.020418795811518484	0.188004202001	1.5324109106	0.6183351666666633	0.5266808333333207	1
358	2016-02-26	19.74	19.299999	20.110001	18.99	11218600	0.6618670932954108	0.022797980455853847	0.44000099999999875	0.057377101879536534	0.0875239632005	1.48594269881	0.6933329999999968	-0.39500558333333896	0
359	2016-02-29	19.23	19.66	19.799999	19.18	4248100	-0.6213342128251297	-0.021871820956256345	-0.4299999999999997	0.031884751864232445	0.0677358608004	1.4585395456	-1.5283333333333313	-3.6933324166666566	1
360	2016-03-01	20.27	19.33	20.280001	19.315001	7856800	0.8494856524093124	0.04862907397827219	0.9400000000000013	0.04873737373737374	0.1408088442	1.47948926072	2.688333333333335	7.900833333333291	1
361	2016-03-02	20.959999	20.24	21.094999	20.16	8907100	0.13368037878016495	0.03557307312252971	0.7199990000000014	0.04538830207253167	0.345299544	1.3763398697	-0.11833516666666928	-6.393336249999969	1
362	2016-03-03	21.440001	20.85	21.559999	20.82	8729100	-0.019984057661865253	0.028297410071942315	0.5900009999999973	0.03499640494215173	0.61022101	1.3763398697	0.4216714999999939	1.8000115833333155	1
363	2016-03-04	21.93	21.639999	22.23	21.584999	7150200	-0.1808777537203148	0.013401155887299263	0.2900010000000002	0.029607574698360707	0.94781601	1.48653953432	0.5683288333333382	0.30331516666668534	0
364	2016-03-07	21.530001	21.700001	21.860001	21.41	6164000	-0.13792621185421386	-0.007834101021470077	-0.1700000000000017	0.020818921081706188	1.11614517	1.46007870938	-1.1449963333333397	-2.816649583333328	0
365	2016-03-08	20.92	21.26	21.26	20.530001	9761900	0.5836956521739131	-0.015992474129821254	-0.33999999999999986	0.03461351351351365	1.054920318	1.5010769213	-0.4883366666666606	1.91831908333337	0
366	2016-03-09	20.700001	21.1	21.23	20.559999	5653000	-0.42091191263995736	-0.018957298578199104	-0.3999990000000011	0.03205746334790754	0.832220306	1.52657094502	0.17500333333332443	0.916679999999983	1
367	2016-03-10	21.01	20.879999	21.23	20.58	5182200	-0.08328321245356447	0.006226101830752005	0.13000100000000003	0.031033660325463463	0.6175612328	1.53328278287	0.6216633333333448	0.24832000000001386	1
368	2016-03-11	21.91	21.34	21.934999	21.290001	5958900	0.14987843001042028	0.026710402999062806	0.5700000000000003	0.029826497109826638	0.593040146	1.53328278287	1.215001499999995	0.5766770833333391	1
369	2016-03-14	22.09	21.809999	22.16	21.6	4860800	-0.18427897766366275	0.01283819407786303	0.2800009999999986	0.025512529054955047	0.3224840316	1.53328278287	-0.6166669999999973	-3.285837999999965	1
370	2016-03-15	22.190001	21.82	22.219999	21.629999	5750100	0.1829534233048058	0.016956966086159417	0.37000099999999847	0.02681208755255424	0.2679560992	1.51056485026	0.27333516666666097	2.3475038333333393	0
371	2016-03-16	21.610001	22.01	22.549999	21.58	8255800	0.43576633449853047	-0.018173512039981875	-0.3999990000000011	0.044474964592504315	0.239940961	1.50498328443	-1.12000116666666	-2.41667241666669	1
372	2016-03-17	21.73	21.5	21.815001	21.129999	7425100	-0.10062017006225926	0.01069767441860467	0.23000000000000043	0.03169104788341416	0.2421159564	1.48791164536	0.9299984999999928	3.895000833333313	1
373	2016-03-18	22.08	21.93	22.24	21.76	10236600	0.37864809901550145	0.006839945280437692	0.14999999999999858	0.021813224267211856	0.2551809444	1.45824003589	0.3083345000000044	-1.9358285000000137	0
374	2016-03-21	22.0	22.110001	22.25	21.73	3721900	-0.6364124807064846	-0.004975169381493943	-0.11000100000000046	0.023577419551634088	0.2706439256	1.41353046158	-0.5150003333333247	-1.2641704166666183	0
375	2016-03-22	21.93	21.860001	22.07	21.559999	3745800	0.00642145140922647	0.003202149899261178	0.06999899999999926	0.02329303440755797	0.220244865	1.41353046158	0.08166666666665989	1.4583342499999787	0
376	2016-03-23	21.690001	21.93	21.965	21.549999	3020100	-0.1937369854236745	-0.010943866849065252	-0.23999900000000096	0.019028014235946494	0.1055040036	1.40715705949	-0.3849981666666717	-0.9183304166666417	0
377	2016-03-24	21.59	21.440001	21.700001	21.219999	3906500	0.2935002152246614	0.0069962216886091146	0.1499990000000011	0.02231010870764325	0.0413559688002	1.35329308134	0.07333033333334053	0.8991580000000093	0
378	2016-03-28	21.389999	21.67	21.73	21.27	3613000	-0.07513119160373737	-0.012921135209967797	-0.28000100000000216	0.021365536956933082	0.0627800880004	1.42840628432	-0.3300003333333379	-0.8441600833333496	0
379	2016-03-29	21.200001	21.23	21.379999	20.790001	5997200	0.6598948242457792	-0.0014130475741874757	-0.02999900000000011	0.027810416502229228	0.0877890154004	1.42903846393	-0.14832883333332467	0.44084025000000554	1
380	2016-03-30	21.25	21.209999	21.355	20.98	6099700	0.01709130927766291	0.0018859501124917628	0.040001000000000175	0.017663683882799906	0.0829009632004	1.42426022853	0.24666216666666804	0.5799827500000158	0
381	2016-03-31	20.950001	21.200001	21.209999	20.74	4954800	-0.18769775562732594	-0.01179245227394093	-0.25	0.022301256355812336	0.1269888576	1.39458861906	-0.6716629999999988	-1.6916495833333254	1
382	2016-04-01	21.35	20.92	21.379999	20.629999	4556800	-0.08032614838136756	0.020554493307839372	0.4299999999999997	0.035486160397444996	0.1286608728	1.3763398697	1.099996666666674	3.2533190833333285	1
383	2016-04-04	21.51	21.299999	21.65	21.115	4721700	0.03618767556179775	0.00985920234080771	0.21000100000000188	0.024994160826773207	0.0966838956004	1.34804037126	-0.27333183333333483	-3.0041562500000034	0
384	2016-04-05	20.76	21.280001	21.344999	20.690001	6993200	0.4810767308384692	-0.024436136069730312	-0.520000999999997	0.031160703350126114	0.1075959452	1.36548197605	-1.4283336666666646	-1.3325046666666747	1
385	2016-04-06	21.34	20.74	21.360001	20.549999	6861700	-0.01880398101012412	0.02892960462873681	0.6000000000000014	0.03849819391634985	0.0719009688004	1.32572560211	1.9916666666666671	6.237500916666694	0
386	2016-04-07	20.790001	21.120001	21.25	20.530001	6302300	-0.08152498651937566	-0.01562499926017988	-0.3299999999999983	0.034359292084977774	0.0751408248004	1.39458861906	-1.9349981666666676	-7.898330416666653	1
387	2016-04-08	20.870001	20.959999	21.35	20.780001	5449600	-0.1352998111800454	-0.0042937979147805	-0.08999800000000135	0.027253119770499778	0.0675087994004	1.36588513952	0.9816655000000019	6.258327583333283	1
388	2016-04-11	21.040001	21.030001	21.450001	21.02	2854300	-0.47623678802113917	0.00047551115190158877	0.010000000000001563	0.02044216684372873	0.0611038640003	1.30039504919	0.035000333333335	-2.558329583333309	1
389	2016-04-12	21.51	21.16	21.545	21.139999	4149300	0.45370143292576115	0.01654064272211727	0.3500000000000014	0.01898293883290378	0.0755808204002	1.47976429747	0.6899981666666702	1.1974961666666293	1
390	2016-04-13	22.6	21.75	22.74	21.66	6202600	0.4948545537801557	0.039080459770115004	0.8500000000000014	0.0487034949267192	0.2701157124	1.47558671172	1.506667833333335	1.040839083333336	1
391	2016-04-14	22.82	22.58	23.280001	22.450001	5943800	-0.041724438138845	0.010628875110717539	0.240000000000002	0.036563876651982304	0.4644086646	1.50241750238	-0.7116669999999997	-4.019170416666651	0
392	2016-04-15	22.549999	22.77	22.879999	22.41	5015500	-0.1561795484370268	-0.009661879666227488	-0.2200009999999999	0.020741350854840107	0.5678483984	1.5434157143	-0.3883351666666677	1.604164666666641	1
393	2016-04-18	22.719999	22.4	22.77	22.25	3604600	-0.281307945369355	0.01428566964285727	0.3199990000000028	0.023049645900922983	0.682919146	1.56413150262	0.7000011666666642	1.874172416666653	1
394	2016-04-19	23.1	22.73	23.375	22.73	8795800	1.4401597958164567	0.016278046634403916	0.370000000000001	0.028147501636482636	0.7358030992	1.51374410483	0.40833483333333476	-1.083334166666712	1
395	2016-04-20	23.360001	23.129999	23.43	22.99	7534500	-0.14339798540212373	0.009943882833717325	0.23000199999999893	0.018928801892880244	0.863063303601	1.48975031885	0.0900006666666684	-0.5416685833333356	1
396	2016-04-21	23.530001	23.74	24.24	23.48	8222300	0.0912867476275798	-0.00884578770008424	-0.20999899999999982	0.032155700610202995	0.801139742001	1.53445989315	0.13499916666666442	0.26999799999997737	1
397	2016-04-22	23.620001	23.620001	23.77	23.48	5180600	-0.36993298712039213	0.0	0.0	0.012277730216861514	0.634765182001	1.55995391687	0.05333366666666706	-0.08833050000000024	0
398	2016-04-25	23.379999	23.58	23.629999	23.129999	3325900	-0.3580087248581245	-0.008481806615775946	-0.20000099999999676	0.021294719363175455	0.357709372001	1.56666575472	-0.4883369999999931	-0.818340083333292	1
399	2016-04-26	23.549999	23.48	23.645	23.33	4065900	0.22249616645118614	0.0029812180579216036	0.06999899999999926	0.013395705154065653	0.157381286601	1.55995391687	0.6216689999999924	2.057511499999966	1
400	2016-04-27	23.620001	23.52	23.83	23.344999	4806500	0.1821490936815957	0.004251743197278865	0.1000009999999989	0.020577046657253864	0.144325386001	1.53923812855	-0.14999700000000735	-1.7558349999999905	0
401	2016-04-28	23.24	23.4	23.65	23.135	3265900	-0.3205242900239259	-0.006837606837606844	-0.16000000000000014	0.022084048027444125	0.126181386001	1.5434157143	-0.7216708333333308	-0.6533459166666612	0
402	2016-04-29	22.85	23.08	23.26	22.709999	5315000	0.627422762485073	-0.009965337954939207	-0.22999999999999687	0.023949531896364108	0.0912612366007	1.56048735338	-0.24833149999999668	1.1541799166666589	1
403	2016-05-02	23.059999	22.84	23.09	22.57	3123000	-0.41241768579492005	0.009632180385289027	0.2199990000000014	0.022657952563354067	0.0624291618007	1.51948914146	0.7133311666666687	1.3658248333332967	0
404	2016-05-03	22.51	22.68	22.75	22.290001	3869200	0.23893691962856228	-0.007495590828924081	-0.16999999999999815	0.020358442133215308	0.121016173601	1.47558671172	-1.3833303333333344	-3.925823749999992	0
405	2016-05-04	21.99	22.25	22.34	21.635	5197500	0.3433009407629484	-0.011685393258427037	-0.26000000000000156	0.0318716094032549	0.265825156001	1.47558671172	-0.2416681666666681	2.7908238333333486	1
406	2016-05-05	22.110001	22.0	22.200001	21.780001	4871200	-0.06278018278018278	0.005000045454545476	0.11000100000000046	0.019043300407089164	0.335120872001	1.52507070729	0.6433355000000027	1.0850075833333506	0
407	2016-05-06	22.09	21.91	22.219999	21.77	3713900	-0.2375800624076203	0.00821542674577817	0.17999999999999972	0.020454500000000084	0.353939716	1.55153153223	-0.3500030000000045	-2.194176250000053	0
408	2016-05-09	21.85	22.030001	22.219999	21.83	2712400	-0.2696626188104149	-0.008170721372186829	-0.1800009999999972	0.01777570606709891	0.399380824	1.55153153223	-0.37666516666666067	0.3416761666666635	1
409	2016-05-10	22.360001	21.940001	22.52	21.82	10159300	2.74550213832768	0.01914311672091545	0.4200000000000017	0.03160270737685291	0.3214359788	1.57224732055	1.208334833333333	2.682498249999971	0
410	2016-05-11	22.200001	22.360001	22.629999	22.190001	3672600	-0.6384987154626796	-0.0071556347425923705	-0.16000000000000014	0.019748562847910232	0.2041437516	1.5789591584	-0.968334500000001	-4.2808381666666735	0
411	2016-05-12	21.76	22.360001	22.469999	21.6	5748800	0.5653215705494745	-0.026833675007438457	-0.6000009999999989	0.039437850420719615	0.1603358108	1.57224732055	-0.45000149999999195	1.7691674999999805	0
412	2016-05-13	21.4	22.0	22.219999	21.25	6519600	0.13408015585861396	-0.027272727272727337	-0.6000000000000014	0.04470041474654384	0.1836808688	1.57224732055	-0.19999883333334031	0.41250483333335336	1
413	2016-05-16	21.709999	21.42	21.9	21.299999	4284700	-0.34279710411681696	0.013538702147525589	0.2899989999999981	0.027822908134080827	0.0974161928004	1.57224732055	0.8416645000000026	1.4708266666666816	1
414	2016-05-17	21.82	21.59	22.09	21.459999	4167700	-0.02730646252946531	0.010653080129689692	0.23000000000000043	0.029025616217461418	0.0696092204004	1.57224732055	-0.27999700000000277	-2.408323750000013	1
415	2016-05-18	23.129999	21.74	23.139999	21.74	9873100	1.3689564987883005	0.06393739650413999	1.389999000000003	0.06240245291737141	0.2004809574	1.5388643487	2.376663333333338	4.680820916666685	0
416	2016-05-19	22.9	22.940001	23.485001	22.620001	4818800	-0.5119263453221379	-0.0017437226790007628	-0.040001000000000175	0.03773996427268848	0.267235944	1.55153153223	-1.913330000000008	-8.07498666666668	1
417	2016-05-20	22.98	22.99	23.41	22.860001	3933200	-0.18378019423922967	-0.000434971726837669	-0.00999999999999801	0.02392860561235587	0.332828944	1.55570911798	0.8516651666666704	6.367489583333369	0
418	2016-05-23	22.969999	22.969999	23.110001	22.719999	2941400	-0.25216109020644767	0.0	0.0	0.016978755636863505	0.3648608146	1.58791497955	-0.18833483333332998	-2.5524982500000206	1
419	2016-05-24	23.25	23.120001	23.57	23.030001	3165600	0.07622220711225947	0.005622793874446698	0.12999900000000153	0.023290877220382273	0.4427358428	1.57084334047	0.5516696666666618	1.3850077500000022	1
420	2016-05-25	23.690001	23.4	23.855	23.26	6771500	1.1390889562800102	0.012393205128205137	0.2900010000000002	0.025270757586095566	0.5793692004	1.54959411564	0.4766670000000026	-0.43750658333333564	0
421	2016-05-26	23.35	23.68	23.709999	23.27	4663400	-0.31131950084914717	-0.01393581081081074	-0.3299999999999983	0.018711418243674262	0.552180264	1.54170516751	-1.0433359999999918	-2.4625040000000027	1
422	2016-05-27	23.59	23.43	23.620001	23.26	3513500	-0.2465797486812197	0.006828851899274441	0.16000000000000014	0.015312675457252102	0.4056693516	1.50498328443	0.9833348333333305	4.048341916666651	0
423	2016-05-31	23.549999	23.76	23.809999	23.35	6726900	0.9145865945638253	-0.008838425925926005	-0.21000100000000188	0.01944616401281259	0.2581010572	1.45390030804	-0.4666688333333357	-3.175007583333335	1
424	2016-06-01	23.6	23.280001	23.709999	22.959999	3952200	-0.4124782589305624	0.013745660921578261	0.3199990000000028	0.03199658634819568	0.0793891284004	1.43207872066	0.21833633333333324	1.587509583333296	1
425	2016-06-02	23.83	23.549999	23.879999	23.290001	3508100	-0.1123677951520672	0.011889639570685274	0.2800009999999986	0.02490493931838206	0.0995491082003	1.48523429734	0.34999849999999927	0.01332383333331677	0
426	2016-06-03	23.139999	22.83	23.23	22.52	7799800	1.2233687751204356	0.013578580814717533	0.30999900000000125	0.030889711352832565	0.0821251640004	1.4964621567	-1.5166681666666573	-3.1108315833332845	1
427	2016-06-06	23.469999	23.24	23.67	23.15	5449800	-0.30128977666094003	0.009896686746988079	0.22999900000000295	0.022265040082745588	0.0630641784004	1.4964621567	1.4866678333333307	5.746671500000001	1
428	2016-06-07	23.48	23.459999	23.700001	23.32	3722500	-0.316947410914162	0.0008525575810979617	0.0200010000000006	0.016190924929504153	0.0381251040004	1.4964621567	-0.5966651666666678	-4.666667500000007	0
429	2016-06-08	23.459999	23.49	23.690001	23.360001	3343100	-0.10192075218267294	-0.001277181779480571	-0.030000999999998612	0.014057508286634822	0.0318041236004	1.4964621567	0.06166366666666671	1.7541589166666445	0
430	2016-06-09	22.879999	23.26	23.26	22.809999	4449100	0.3308306661481858	-0.016337102321582114	-0.38000100000000003	0.01950589552461847	0.0626651350002	1.50017351908	-1.0366651666666702	-1.8416571666666357	0
431	2016-06-10	22.459999	22.549999	22.690001	22.27	4677600	0.0513587017599065	-0.003991130997389395	-0.08999999999999986	0.018662564703957517	0.1490842232	1.541171731	-0.10000033333333509	2.025828666666636	0
432	2016-06-13	22.08	22.309999	22.719999	22.049999	5179700	0.1073413716435779	-0.01030923398965652	-0.22999900000000295	0.030186979729375604	0.280605042	1.51471090606	-0.3999981666666687	-0.8499961666666375	0
433	2016-06-14	21.309999	22.01	22.18	20.940001	8924700	0.7230148464196768	-0.031803771013175844	-0.7000010000000003	0.05724833927166069	0.5731492212	1.53923812855	-1.1083363333333185	-1.1041753333333209	1
434	2016-06-15	21.360001	21.440001	21.84	21.299999	6084900	-0.3181955695989781	-0.0037313431095454845	-0.0799999999999983	0.025233690409640644	0.742940675	1.51948914146	0.8633384999999917	3.5333486666666567	0
435	2016-06-16	20.940001	21.16	21.190001	20.83	4987500	-0.18034807474239511	-0.010396928166351672	-0.2199990000000014	0.017102184866931498	0.868655082401	1.55995391687	-1.0850026666666726	-4.051682833333328	1
436	2016-06-17	21.1	21.0	21.235001	20.92	9968000	0.9985964912280701	0.00476190476190483	0.10000000000000142	0.014964418052256472	0.964943096401	1.55153153223	0.7999988333333441	3.775005499999992	1
437	2016-06-20	21.309999	21.530001	21.82	21.25	6019400	-0.39612760834670946	-0.010218392465471663	-0.22000199999999737	0.02661064425770309	0.859535398801	1.55153153223	0.05833266666666622	-1.9283323333333608	1
438	2016-06-21	21.549999	21.33	21.59	21.059999	6220000	0.03332558062265342	0.010314064697609067	0.2199990000000014	0.024720196472019444	0.638164342001	1.55153153223	0.24833416666666017	0.4775020000000059	0
439	2016-06-22	21.370001	21.52	21.82	21.34	4140200	-0.3343729903536978	-0.006970213754646891	-0.1499990000000011	0.022382839300936385	0.356223486401	1.51948914146	-0.5399966666666695	-1.2641636666666827	1
440	2016-06-23	22.120001	21.75	22.129999	21.690001	5342800	0.2904690594657263	0.017011540229884988	0.37000099999999847	0.020059174377497862	0.219119832001	1.51948914146	1.6649976666666706	3.9299894166666625	0
441	2016-06-24	19.950001	20.469999	20.82	19.950001	21596300	3.042131466646702	-0.025402932359693865	-0.5199980000000011	0.04304794656110836	0.334328790401	1.41670971616	-4.913332666666662	-11.53665916666665	0
442	2016-06-27	18.440001	19.559999	19.559999	18.34	13059000	-0.3953130860378861	-0.057259614379326015	-1.1199980000000025	0.0642104736842106	0.965504435001	1.20019804295	0.013333333333331865	11.050831500000006	1
443	2016-06-28	18.969999	18.91	19.280001	18.615	23334900	0.7868826096944636	0.0031728714965627313	0.059999000000001246	0.0351109301771629	1.2874890434	1.23738863483	2.0099963333333393	1.4033275000000245	1
444	2016-06-29	19.52	19.25	19.59	18.860001	8301000	-0.644266742090174	0.014025974025974004	0.2699999999999996	0.037657931390250164	1.3533609872	1.26615684208	-0.11332916666667359	-5.116652250000037	1
445	2016-06-30	19.98	19.77	20.120001	19.629999	10744100	0.2943139380797494	0.010622154779969695	0.21000000000000085	0.02465418867924513	1.3570089238	1.32719430989	0.37833150000000043	1.5508200833333585	0
446	2016-07-01	19.65	19.879999	19.91	19.379999	5723900	-0.4672517940078741	-0.011569366779143346	-0.22999900000000295	0.02681512842942387	1.3522239528	1.37468130401	-0.9583330000000009	-2.030827750000036	0
447	2016-07-05	18.9	19.309999	19.34	18.73	5693200	-0.005363475951711246	-0.021232471322241014	-0.40999900000000267	0.03192881528209406	1.381385254	1.43111191943	-0.8366666666666696	0.9308324166667058	1
448	2016-07-06	18.99	18.65	19.01	18.58	7896000	0.3869177264104546	0.018230563002680958	0.33999999999999986	0.022848034006376368	1.2006497086	1.47364929514	0.9299999999999985	2.9158333333333317	1
449	2016-07-07	19.42	18.99	19.440001	18.99	8140400	0.030952380952380953	0.022643496577146042	0.43000000000000327	0.023431450143191895	0.9262844704	1.50498328443	0.43333333333333474	-1.7733333333333097	1
450	2016-07-08	19.85	19.790001	20.01	19.525	8867100	0.08927079750380816	0.0030317835759584473	0.059999000000001246	0.024470231471487754	0.2432410106	1.53328278287	0.3166666666666605	-0.1933333333333754	1
451	2016-07-11	20.120001	20.030001	20.225	19.940001	4953400	-0.44137316597309156	0.004493259885508736	0.08999999999999986	0.014196711621583613	0.2656640412	1.55153153223	0.13666850000000252	-0.15499708333333237	1
452	2016-07-12	20.440001	20.450001	20.690001	20.360001	6519500	0.3161666733960512	-0.0004889975311004416	-0.010000000000001563	0.016140864947866637	0.2480644012	1.56048735338	0.41499883333333304	0.5991609166667047	1
453	2016-07-13	20.559999	20.370001	20.605	20.209999	3949200	-0.3942480251553033	0.009327343675633731	0.18999800000000278	0.019301294893721017	0.2803410514	1.56048735338	-0.06333666666665987	-0.8716687500000356	1
454	2016-07-14	20.99	21.0	21.360001	20.82	4670500	0.18264458624531552	-0.0004761904761905506	-0.010000000000001563	0.025720457251726614	0.409260022	1.55570911798	0.7550041666666575	1.5166801666666647	0
455	2016-07-15	20.98	21.139999	21.27	20.950001	5157300	0.10422866930735468	-0.007568543404377603	-0.15999899999999911	0.01519463473871399	0.517260002	1.56666575472	-0.48000183333332913	-2.3450132499999676	0
456	2016-07-18	20.98	20.940001	21.08	20.74	8284900	0.6064413549725631	0.0019101718285496584	0.03999900000000167	0.01622137365884127	0.5860209754	1.54170516751	0.15500033333333482	1.5600055833333097	1
457	2016-07-19	21.030001	20.77	21.18	20.77	5204800	-0.3717727431833818	0.012518103033220946	0.26000099999999904	0.019617224411071197	0.4733440716	1.50498328443	0.08833516666666578	-0.2858313333333034	1
458	2016-07-20	21.32	21.059999	21.530001	20.84	8471000	0.62753612050415	0.01234572708194331	0.26000099999999904	0.03256257745546425	0.3347089784	1.46522691049	0.4733303333333379	0.5674913333333791	1
459	2016-07-21	21.68	22.26	22.5	21.514999	12955900	0.5294416243654823	-0.0260557053009884	-0.5800000000000018	0.044833909877105164	0.275044888	1.56890973802	0.3383348333333309	-0.4299905000000284	1
460	2016-07-22	21.799999	21.75	22.0	21.610001	6390700	-0.5067343835627012	0.002298804597701135	0.04999899999999968	0.01791040224822965	0.248719648	1.48594269881	-0.10333550000000476	-0.678340916666644	1
461	2016-07-25	22.030001	21.74	22.07	21.74	5910700	-0.0751091429733832	0.013339512419503229	0.2900010000000002	0.015078820765848367	0.2447089918	1.52569907275	0.40167149999999435	1.0650124999999828	1
462	2016-07-26	22.49	21.99	22.559999	21.91	6197800	0.04857292706447629	0.02273760800363802	0.5	0.029226573741007247	0.31912414	1.45182770775	0.6149955000000039	0.13914850000003534	1
463	2016-07-27	22.58	22.469999	22.75	22.25	8846600	0.42737745651682857	0.00489546083201859	0.1100009999999969	0.02219755876132206	0.3526559344	1.48594269881	-0.2949981666666683	-1.629985833333329	0
464	2016-07-28	22.450001	22.549999	22.73	22.305	6201300	-0.2990188320936857	-0.004434501305299364	-0.09999799999999937	0.01888888888888892	0.3698840484	1.51056485026	-0.1899984999999873	0.6174973333333375	0
465	2016-07-29	22.33	22.370001	22.73	22.280001	4011700	-0.35308725589795686	-0.0017881536974450817	-0.040001000000000175	0.020134182994761086	0.3303289944	1.52657094502	-0.038336333333334714	0.3133255833333403	0
466	2016-08-01	22.200001	22.25	22.525	22.120001	4848100	0.20849016626367875	-0.002247146067415716	-0.04999899999999968	0.018222676755395354	0.2473689874	1.53445989315	-0.14166333333332184	-0.25915424999996617	0
467	2016-08-02	22.049999	22.16	22.440001	21.92	5918500	0.22078752500979765	-0.00496394404332132	-0.11000100000000046	0.023524135343228444	0.1449611474	1.53445989315	-0.1633385000000042	-0.02084958333334915	1
468	2016-08-03	22.459999	22.07	22.48	22.0	4841300	-0.18200557573709555	0.01767100135931126	0.38999899999999954	0.021558500371850465	0.0856810740006	1.52657094502	0.8833359999999951	1.6808494999999937	1
469	2016-08-04	22.610001	22.450001	22.725	22.450001	5901700	0.21903207816082457	0.007126948457596957	0.16000000000000014	0.012205902698362114	0.0655001360007	1.51056485026	-0.25333033333333316	-2.36333591666669	1
470	2016-08-05	23.389999	22.950001	23.450001	22.860001	7331000	0.24218445532643137	0.01917202530840845	0.4399979999999992	0.02546396201985325	0.134028786201	1.60385634661	1.391660666666662	3.087484500000007	1
471	2016-08-08	23.450001	23.49	23.690001	23.379999	5396500	-0.2638794161778748	-0.0017028097062579022	-0.03999899999999812	0.013208436020271804	0.193669041801	1.60385634661	-0.749993333333323	-4.123308499999979	1
472	2016-08-09	23.49	23.379999	23.59	23.280001	5153000	-0.045121838228481426	0.004704918935197426	0.1100009999999969	0.013228035272627219	0.261469021801	1.5789591584	0.2633284999999989	2.559142916666694	0
473	2016-08-10	23.25	23.450001	23.530001	23.16	3478400	-0.324975742286047	-0.008528826928408246	-0.20000100000000032	0.015845866898375374	0.285656008401	1.5789591584	-0.4666648333333339	-1.4199849166666638	1
474	2016-08-11	23.4	23.290001	23.52	23.148001	3691000	0.06112005519779209	0.004723013966379752	0.1099989999999984	0.015934846520992745	0.306461072001	1.56666575472	0.5683329999999955	1.9124944166666278	0
475	2016-08-12	23.27	23.219999	23.290001	22.959999	3080100	-0.1655107017068545	0.0021533592658638007	0.050000999999998186	0.014196687765039547	0.285781072001	1.54959411564	-0.4933333333333311	-2.1783324166666582	1
476	2016-08-15	23.540001	23.42	23.68	23.35	4491000	0.45806954319664944	0.005123868488471326	0.12000099999999847	0.014054514181121856	0.244509340001	1.52657094502	0.6966685000000012	2.317502916666674	0
477	2016-08-16	23.389999	23.35	23.665001	23.320999	4756500	0.05911823647294589	0.0017130192719485276	0.03999899999999812	0.014719812039362675	0.127125072001	1.5010769213	-0.6333381666666634	-2.6150115833333416	1
478	2016-08-17	23.440001	23.32	23.540001	23.319	4241700	-0.10823084200567644	0.005145840480274377	0.12000099999999847	0.009452566093828831	0.0636209228006	1.50478828368	0.35667300000000424	2.140021083333361	0
479	2016-08-18	23.389999	23.459999	23.594999	23.32	3797000	-0.10484004054977956	-0.002983802343725602	-0.07000000000000028	0.01173955226209406	0.0071490520006	1.54170516751	-0.2000066666666657	-1.2433590833333241	1
480	2016-08-19	23.58	23.309999	23.620001	23.200001	2948800	-0.22338688438240717	0.011583054979967911	0.27000099999999705	0.017914267816469695	0.00998004600049	1.50498328443	0.4233381666666685	1.1666904166666636	0
481	2016-08-22	23.5	23.559999	23.620001	23.370001	3139100	0.06453472599023331	-0.002546646967175221	-0.059999000000001246	0.010624734607410424	0.0105050400004	1.45948187387	-0.38500183333332555	-1.559181749999965	1
482	2016-08-23	23.530001	23.629999	23.76	23.504999	4698200	0.496671020356153	-0.004231824131689676	-0.09999800000000292	0.010814291772688722	0.0111690602005	1.43879055851	0.21166883333333075	1.305841833333318	0
