#index	date	close	open	high	low	volume	dVolume	percent_change	dollar_change	spread	var	entropy	slope	concavity	answer
40	2006-10-20	5.783873	46.049999	46.77	45.990002	1094400	-0.6348267415	-1.55419959379	-40.266126	-0.780097371085	-0.465239820166	0.423319640878	0.0956598335218	0.255474571391	0.0
41	2006-10-23	5.751568	46.380001	46.759998	46.040001	1635200	0.38098707052	-1.56194109245	-40.628433	-0.8451290391	-0.467889745557	0.239978769754	-0.0683785136135	-0.112936545254	1.0
42	2006-10-24	5.965279	46.360001	48.330002	46.049999	2452000	0.387297791505	-1.53923881229	-40.394721999999994	0.719692579058	-0.467325068103	1.10703537737	0.279555511718	0.174903007184	1.0
43	2006-10-25	6.170293	48.450001	49.900002	48.009998	3910400	0.499491847478	-1.54566076313	-42.279708	0.248022192277	-0.458806613157	1.18448688632	0.0671318168053	-0.150052594356	1.0
44	2006-10-26	6.224963	49.630001	50.48	49.299999	2048000	-0.761833760101	-1.55503903162	-43.405038	-0.460527954076	-0.449056879708	0.870721310082	-0.0567722789653	-0.0375927251351	0.0
45	2006-10-27	6.057225	50.23	50.23	48.380001	2506400	0.0626386619579	-1.57858995141	-44.172774999999994	0.156776106639	-0.448189552491	0.807754233313	-0.215634754177	-0.0460061071491	1.0
46	2006-10-30	6.075862	48.799999	49.0	48.209999	951200	-0.931678897595	-1.55952781779	-42.724137	-0.814371712832	-0.449548373389	0.609928930079	0.156491044637	0.205681891986	1.0
47	2006-10-31	6.088287	48.950001	49.57	48.540001	1555200	0.546842557115	-1.56014951013	-42.861714	-0.58734019153	-0.455301253621	0.807754233313	-0.0481006929034	-0.149208565317	0.0
48	2006-11-01	5.888244	49.0	49.0	47.259998	2556800	0.557495082552	-1.58064213331	-43.111756	0.0954552350702	-0.455857281814	0.807754233313	-0.264301028658	-0.0858602539511	1.0
49	2006-11-02	5.945399	47.459999	48.57	47.459999	2648800	-0.158578766201	-1.55579668578	-41.5146	-0.4784949312	-0.45857011998	0.916438032631	0.220120830466	0.267385662337	0.0
50	2006-11-03	5.925519	48.0	48.25	47.560001	1793600	-0.581175273681	-1.56467386903	-42.074481	-0.898533776399	-0.461367937757	0.885205742267	-0.125714685895	-0.228318333688	1.0
51	2006-11-06	6.130533	48.5	49.5	48.07	4691200	1.70157420781	-1.5502908986	-42.369467	-0.195031244245	-0.465791682258	1.04008024506	0.271305315711	0.220393657111	1.0
52	2006-11-07	6.544287	49.610001	53.400002	49.599998	8832800	0.838732781851	-1.52345732132	-43.065714	1.98664671559	-0.451936665982	-0.60307350592	0.335212989374	-0.019836752546	1.0
53	2006-11-08	6.671023	52.529999	53.75	52.5	4764000	-0.743436744211	-1.54740987121	-45.858976	-0.46114107118	-0.432451443086	-1.45746617669	-0.133964994452	-0.243069939778	0.0
54	2006-11-09	6.616353	51.009998	54.450001	50.860001	8307200	0.674921251662	-1.53420494753	-44.39364500000001	1.70415679713	-0.41955916585	-1.0982481159	-0.0854398586276	0.0943114728167	1.0
55	2006-11-10	7.164299	53.349998	57.799999	53.009998	9588000	-0.0193834046562	-1.51190016661	-46.185699	2.5904455658	-0.366015038677	-2.42513460667	0.73894743183	0.398941260118	1.0
56	2006-11-13	7.175482	56.950001	58.75	56.5	6434400	-0.588297680852	-1.552270204	-49.774519	0.273514579153	-0.326884423596	-1.83841267447	-0.441205503679	-0.683575221504	1.0
57	2006-11-14	7.315885	57.900002	59.130001	57.0	3976000	-0.650902106335	-1.55052918585	-50.584117	0.145926759304	-0.289767207737	-2.0976327509	0.277317777454	0.48669160005	1.0
58	2006-11-15	7.39292	58.759998	59.939999	58.75	4074400	-0.171808531099	-1.5531496323	-51.36707800000001	-0.625490955405	-0.284196150162	-2.1716014302	-0.0237683435183	-0.207415040711	0.0
59	2006-11-16	6.958043	58.98	58.98	55.779999	5929600	0.335269076627	-1.59132955933	-52.021957	0.980305040288	-0.323129972053	-1.22382216564	-0.57853285361	-0.237639116053	0.0
60	2006-11-17	6.958043	56.0	56.68	55.459999	4473600	-0.490124353409	-1.56076729735	-49.041957	-0.552440966547	-0.378343152944	-0.637100233505	0.348918633398	0.528540129964	1.0
61	2006-11-20	6.970468	55.490002	56.790001	54.990002	4344800	-0.234859751538	-1.55411782431	-48.51953399999999	-0.0561032928641	-0.421559630877	-0.197400503729	-0.0935508293406	-0.331048247532	0.0
62	2006-11-21	6.964255	56.099998	56.360001	55.720001	2837600	-0.609479344993	-1.56130643718	-49.135743	-1.03770648071	-0.435250026666	0.13980421544	-0.0285233881402	0.061248521671	1.0
63	2006-11-22	7.013956	56.0	56.799999	56.0	1475200	-0.766374370467	-1.55590658764	-48.986044	-0.903782179576	-0.444129425587	0.394853272549	0.0581823429103	0.0449956927534	1.0
64	2006-11-24	7.063656	56.0	57.310001	56.0	1406400	-0.255876911542	-1.55158599542	-48.936344	-0.479113071979	-0.45822706943	0.62911112161	0.00993351920816	-0.0350420256944	0.0
65	2006-11-27	6.864855	57.049999	57.5	55.220001	2330400	0.572761812054	-1.57985222305	-50.185144	0.304271487689	-0.455493963115	0.790503879093	-0.285138114108	-0.134003904851	0.0
66	2006-11-28	6.750544	55.009998	55.220001	53.200001	2937600	0.105891590271	-1.56824453395	-48.259454000000005	0.148355719004	-0.450742155912	0.885205742267	0.0152480536714	0.188708249585	1.0
67	2006-11-29	6.831307	53.16	55.200001	53.139999	1780800	-0.664703618324	-1.54005825588	-46.328692999999994	0.234128470246	-0.455451287463	0.462282385782	0.134257204222	0.0200588580043	1.0
68	2006-11-30	6.898402	55.240002	55.82	55.139999	1033600	-0.695082242141	-1.55770133117	-48.3416	-0.995910464664	-0.468272025202	0.462282385782	-0.0173358423292	-0.102526213482	0.0
69	2006-12-01	6.667296	55.049999	55.119999	53.52	1767200	0.634889884751	-1.57604055513	-48.382703	-0.208238197981	-0.464372474624	0.684112020881	-0.331846230419	-0.12976582625	1.0
70	2006-12-04	6.782849	53.619999	55.0	53.619999	1280800	-0.5250888269	-1.54982476409	-46.83715	-0.370071390686	-0.463924975341	0.600170772427	0.32920041508	0.366144246591	1.0
71	2006-12-05	6.97668	54.98	56.599998	54.77	3389600	1.73802158072	-1.54789508229	-48.003319999999995	-0.0183255061496	-0.46384801619	-0.0135856516759	0.0858705058356	-0.204287607688	0.0
72	2006-12-06	6.96177	56.299999	56.619999	55.720001	1720000	-0.781026105674	-1.56366820923	-49.338229	-0.823287582291	-0.463875225374	-0.0662946098412	-0.156201310984	-0.102073026636	0.0
73	2006-12-07	6.935678	56.080002	56.169998	55.41	1057600	-0.654487963978	-1.56357170284	-49.144324	-0.937175173697	-0.464898406121	-0.172922190935	0.0120329285845	0.125133411032	1.0
74	2006-12-08	7.210272	55.669998	58.259998	55.669998	3910400	2.97568691436	-1.5351245191	-48.459726	0.594335875833	-0.459865191515	-0.796436772765	0.346121634395	0.142374067388	1.0
75	2006-12-11	7.646392	58.380001	62.349998	57.790001	7323200	0.826844487943	-1.52802594869	-50.733609	2.05985878361	-0.425473150966	-0.28812424494	0.306686098165	-0.0778766443507	0.0
76	2006-12-12	7.566872	61.700001	61.84	60.099998	4371200	-0.675669496341	-1.568610227	-54.133129	-0.250530250265	-0.408880202738	-0.174978409159	-0.391280574019	-0.335184074277	0.0
77	2006-12-13	7.525869	61.34	61.34	59.970001	2172800	-0.793229869077	-1.56836043011	-53.814131	-0.525325483442	-0.399940223675	-0.174978409159	0.099015196859	0.341886794696	1.0
78	2006-12-14	7.625269	60.599998	62.0	60.099998	2503200	-0.0218772679637	-1.55308147376	-52.974728999999996	-0.107064136669	-0.389399138197	-0.28812424494	0.126425134299	-0.0344025831605	1.0
79	2006-12-15	7.723427	62.0	62.990002	61.400002	4259200	0.625173940138	-1.55920635686	-54.276573	-0.372291957049	-0.396095042553	-0.54287235126	0.022940448098	-0.0729183649489	1.0
80	2006-12-18	7.860103	62.709999	63.939999	62.439999	4412000	-0.158705006559	-1.55546215512	-54.849896	-0.453729825087	-0.400119452258	-0.336063822093	0.103211426944	0.0484305933796	1.0
81	2006-12-19	7.904833	63.16	64.230003	63.009998	2873600	-0.611584948954	-1.5563619187	-55.255167	-0.668662784664	-0.401223812398	0.457820349318	-0.0412492777756	-0.0753674252174	0.0
82	2006-12-20	7.883711	63.759998	65.309998	62.880001	3713600	0.143294077557	-1.56370824356	-55.876287000000005	0.21201766492	-0.41596699739	0.811742288848	-0.0416672913083	0.0204500313775	0.0
83	2006-12-21	7.756975	63.279999	63.790001	61.68	2913600	-0.454649400911	-1.56889237926	-55.523024	-0.00959134109658	-0.447092969771	0.903649714874	-0.141238925143	-0.0410496161199	1.0
84	2006-12-22	7.821586	61.73	63.360001	61.610001	2112800	-0.524631095793	-1.54881261556	-53.90841399999999	-0.248378888295	-0.462239832469	1.04008024506	0.164045001625	0.158197885606	1.0
85	2006-12-26	7.873771	63.299999	63.740002	62.82	896000	-0.879186879087	-1.56009838903	-55.426228	-0.891660352076	-0.461715788542	0.948172819036	-0.0258667399378	-0.134335333335	1.0
86	2006-12-27	7.917259	63.02	63.959999	62.32	1292800	0.320579353272	-1.55404846198	-55.102741	-0.35575017141	-0.463109277035	0.757575474301	0.0162282582637	0.0366424861632	0.0
87	2006-12-28	7.877499	63.5	63.759998	63.110001	831200	-0.621440807688	-1.56171985038	-55.622501	-1.09248699	-0.468062358764	0.451066371749	-0.0827827602221	-0.0457811861853	0.0
88	2006-12-29	7.74952	63.400002	63.400002	62.130001	1264000	0.412243135058	-1.57059436899	-55.650482	-0.63279189344	-0.470446293837	-0.0135856516759	-0.128373360011	-0.00601029806007	1.0
89	2007-01-03	8.148365	63.0	67.669998	63.0	5928000	4.14444539094	-1.53599577641	-54.851635	1.8797413739	-0.466019768974	0.317430278708	0.574630071354	0.339666513639	1.0
90	2007-01-04	8.350894	66.279999	67.599998	65.199997	3513600	-0.680597960983	-1.55227990036	-57.92910500000001	0.119507317225	-0.452768861922	-0.146512040905	-0.103339931925	-0.426618710009	0.0
91	2007-01-05	8.11606	67.699997	67.699997	64.650002	3896800	-0.0725163588947	-1.58203213093	-59.583937	0.543835097327	-0.450747799292	0.212706019887	-0.371563368658	-0.0471593756057	0.0
92	2007-01-08	8.09618	65.779999	67.0	64.389999	4196000	-0.110532229922	-1.56646856348	-57.683819	0.286235258226	-0.449901029153	0.462282385782	0.194949977899	0.334892519403	1.0
93	2007-01-09	8.143395	65.57	66.43	64.75	3512000	-0.392926137421	-1.56104407306	-57.426604999999995	-0.372997211865	-0.451968351359	0.31463584156	0.0102137706072	-0.16196638442	0.0
94	2007-01-10	8.078784	65.199997	65.529999	63.779999	2488000	-0.544324754989	-1.5624372712	-57.121213	-0.315665779418	-0.454452832841	-0.0135856516759	-0.132708027534	-0.0635983111796	0.0
95	2007-01-11	8.012931	65.529999	65.790001	64.169998	2699200	-0.100985553601	-1.57036727415	-57.517068	-0.413112498904	-0.456293806667	-0.0662946098412	-0.0310397980924	0.0742935732738	1.0
96	2007-01-12	8.042752	64.800003	65.309998	64.239998	1946400	-0.529398794579	-1.56142076753	-56.757251000000004	-0.79896520692	-0.457560330865	-0.0305717679014	0.0632165134237	0.0356129465914	1.0
97	2007-01-16	8.16079	65.379997	66.0	65.32	2386400	0.0652651150015	-1.5579917435	-57.219207000000004	-1.08512094182	-0.459709941945	-0.0662946098412	0.0967774625953	-0.00313040560165	0.0
98	2007-01-17	8.047721	65.949997	65.949997	64.580002	2069600	-0.35729013398	-1.57159020062	-57.902276	-0.597866618923	-0.467947197621	-0.174978409159	-0.237312368723	-0.166347979917	0.0
99	2007-01-18	7.923471	64.699997	65.25	63.66	2899200	0.271109895376	-1.56946196603	-56.776526	-0.420170522161	-0.465759806145	-0.174978409159	-0.0492184345276	0.139536565982	1.0
100	2007-01-19	7.979384	63.669998	64.360001	63.139999	2184000	-0.491468036162	-1.55554211502	-55.690614	-0.676028937552	-0.470059461813	-0.888344198717	0.130620351427	0.0684486253946	1.0
101	2007-01-22	8.181912	64.730003	66.699997	64.300003	3866400	0.70622912219	-1.55030126887	-56.548091	0.159364369234	-0.469305000085	-1.07894154345	0.167679040651	-0.0186631661904	1.0
102	2007-01-23	8.338469	65.599998	68.360001	65.599998	4674400	0.045152605495	-1.54684382286	-57.261528999999996	0.391335493027	-0.464811547868	-1.38545064608	0.0358078140421	-0.0765384449272	1.0
103	2007-01-24	8.69134	69.190002	70.760002	68.5	4595200	-0.220907151198	-1.55412317636	-60.49866200000001	-0.0455711633105	-0.442868991216	-1.28277267176	0.34807776665	0.166197872062	0.0
104	2007-01-25	8.670218	70.489998	71.0	69.010002	3499200	-0.481836002109	-1.56685995093	-61.81978	-0.249552151581	-0.427092725741	-0.0380639644698	-0.279962579836	-0.335819509532	1.0
105	2007-01-26	8.685128	70.330002	70.419998	69.769997	2232800	-0.627160489532	-1.56446565848	-61.644873999999994	-1.13876439892	-0.417143110712	0.201490005779	0.103490102633	0.267035041967	1.0
106	2007-01-29	9.020605	70.220001	73.07	70.150002	4976800	1.24632603206	-1.54026564591	-61.19939599999999	0.366171695226	-0.389554089327	-0.673268541262	0.387796368048	0.0972141339069	1.0
107	2007-01-30	9.255439	73.0	74.68	72.389999	5711200	-0.0271733670831	-1.54842102735	-63.744561	-0.107528540157	-0.347995564935	-0.802955027452	0.0187448933173	-0.232413806138	0.0
108	2007-01-31	8.835472	73.139999	73.349998	70.110001	6401600	-0.0585925309128	-1.57755591925	-64.30452700000001	0.506773709884	-0.356135955946	-0.596856202096	-0.64048473267	-0.264612873997	0.0
109	2007-02-01	8.379472	70.709999	70.970001	66.599998	8801600	0.240556649402	-1.58874039468	-62.330527	1.33380604875	-0.382364035648	-1.14913657879	-0.191862119735	0.329274876984	1.0
110	2007-02-02	8.527329	68.050003	69.389999	67.290001	3357600	-0.929361699493	-1.55561187349	-59.522674	-0.129447021836	-0.410087453277	-0.596856202096	0.43674019271	0.250823279382	1.0
111	2007-02-05	8.604365	68.879997	70.389999	67.550003	3460000	-0.165037620833	-1.55751807257	-60.275632	0.355800192279	-0.426298187937	-0.194160600765	-0.134803385083	-0.387750602273	1.0
112	2007-02-06	8.671461	69.330002	70.339996	68.599998	1854400	-0.747440256795	-1.55675393793	-60.65854099999999	-0.398429997419	-0.435773498078	0.0400972482959	0.0446161492807	0.143937138098	0.0
113	2007-02-07	8.652823	70.0	71.260002	69.43	4060800	1.20024274453	-1.5638781759	-61.347177	-0.347978002575	-0.435463602271	0.31463584156	-0.0696381817495	-0.0571587625518	0.0
114	2007-02-08	8.642883	69.639999	70.389999	69.050003	2752800	-0.580281239657	-1.56146219014	-60.997116000000005	-0.671298792322	-0.435198870141	0.501245130761	0.00643893057752	0.0513326417866	0.0
115	2007-02-09	8.401837	69.599998	70.190002	66.760002	3365600	0.0612037848888	-1.57797525727	-61.198161	0.740706691772	-0.428754722503	0.609928930079	-0.30583541151	-0.154621008546	0.0
116	2007-02-12	7.486108	63.099998	64.300003	59.200001	18288800	5.02081537846	-1.58808789178	-55.61389	2.22752475873	-0.352903850547	-0.437993643766	-0.957096330948	-0.259490958509	0.0
117	2007-02-13	7.255002	60.41	61.0	57.150002	13181600	-0.529817362703	-1.58099362844	-53.154998	1.42024289353	-0.301873108206	-0.157728054939	0.370037208306	0.734371972256	1.0
118	2007-02-14	7.681182	60.299999	62.360001	59.139999	8800000	-0.592409587275	-1.54551976762	-52.618817	0.919087460505	-0.297292044785	-0.157728054939	0.492539596878	-0.127566392981	0.0
119	2007-02-15	7.610359	62.0	62.32	61.150002	3757600	-0.875750230218	-1.56808451626	-54.389641	-0.687573575151	-0.277013054619	0.201490005779	-0.486515739518	-0.533564894245	1.0
120	2007-02-16	7.671242	61.400002	61.799999	60.540001	2965600	-0.449171475511	-1.55741781428	-53.72876	-0.612168163475	-0.275723781927	0.296191868953	0.216066526893	0.475705362647	1.0
121	2007-02-20	7.801705	62.939999	63.880001	61.5	4522400	0.417259732452	-1.5622089222	-55.138294	0.197597640658	-0.294583282434	0.327424159317	0.0865692209704	-0.124520397144	1.0
122	2007-02-21	7.826556	62.490002	63.240002	62.259998	2339200	-0.769469804886	-1.55592743896	-54.66344599999999	-0.838510715127	-0.328959011688	0.296191868953	-0.0693563546397	-0.0765595079815	0.0
123	2007-02-22	7.722185	63.5	63.5	61.759998	1988000	-0.377763125638	-1.57362710927	-55.777815000000004	-0.286789641729	-0.3702220418	0.201490005779	-0.130471193677	-0.00292505738166	0.0
124	2007-02-23	7.702305	61.900002	62.450001	61.619999	1774400	-0.32748650994	-1.55988784496	-54.197697	-0.944301339876	-0.421833281578	0.0400972482959	0.0521684180077	0.102317072776	0.0
125	2007-02-26	7.673727	61.779999	62.41	61.709999	1808000	-0.178653667554	-1.56096314045	-54.106272	-1.041371758	-0.456776029002	0.0400972482959	-0.0542549686071	-0.0763143022366	0.0
126	2007-02-27	7.286065	58.490002	60.16	57.599998	6509600	2.86147123294	-1.55921606376	-51.203936999999996	0.475016170376	-0.450160034211	0.31463584156	-0.472950108642	-0.187992222128	1.0
127	2007-02-28	7.332037	59.349998	60.5	58.0	5064000	-0.462478018636	-1.56423257463	-52.017961	0.399904483367	-0.453599362599	0.31463584156	0.344862416462	0.451734712717	0.0
128	2007-03-01	7.329553	58.400002	59.66	57.5	5117600	-0.188488809201	-1.55465628888	-51.070449	0.15650318384	-0.448523405167	0.451066371749	-0.137600158985	-0.337795462471	0.0
129	2007-03-02	7.179209	58.720001	59.900002	57.77	3414400	-0.592891851887	-1.57045046884	-51.540792	0.128121498236	-0.438174147729	0.451066371749	-0.184871479313	0.0204059181884	0.0
130	2007-03-05	6.950587	55.889999	57.0	55.049999	4940800	0.325514500143	-1.56022622929	-48.939412000000004	0.0602340852674	-0.418339326765	-0.28812424494	-0.176199443049	0.0288860495513	1.0
131	2007-03-06	7.324583	57.02	59.0	57.02	2538400	-0.773573375338	-1.54029321151	-49.695417000000006	0.0466116169213	-0.425151433911	-1.00354625272	0.598265056213	0.366228217305	0.0
132	2007-03-07	7.182937	58.950001	59.049999	57.48	1916800	-0.489336388154	-1.57246485181	-51.767064	-0.323097822688	-0.434137236465	-0.919605004193	-0.532526153652	-0.652550683863	1.0
133	2007-03-08	7.274882	57.959999	59.650002	57.959999	2078400	-0.101668924824	-1.55460992151	-50.685117000000005	-0.209195820673	-0.443277621395	-0.891858273397	0.298574677249	0.535290507673	1.0
134	2007-03-09	7.481138	59.169998	60.48	59.0	2993600	0.317613521626	-1.55013556203	-51.68886	-0.403796810044	-0.451547283728	-0.919605004193	0.139990652624	-0.159352826997	1.0
135	2007-03-12	7.604147	60.139999	61.639999	59.75	3206400	-0.117240116054	-1.55010583247	-52.535852000000006	-0.104428685658	-0.45472440083	-1.00354625272	-0.000552835351305	-0.0702231053953	0.0
136	2007-03-13	7.534566	61.25	61.759998	60.060001	3125600	-0.230630167795	-1.56679151931	-53.715434	-0.271848057216	-0.45128394421	-1.38545064608	-0.147672326738	-0.0440948668014	1.0
137	2007-03-14	7.737095	60.27	63.639999	59.860001	4595200	0.352758293327	-1.540694761	-52.532905	1.35107707675	-0.440708365	0.339378392349	0.322209774659	0.250804849209	1.0
138	2007-03-15	7.797978	62.66	63.0	62.349998	2185600	-0.818484689337	-1.55980196481	-54.862021999999996	-1.08623474019	-0.429386407401	-0.433714571013	-0.110891863	-0.270539408094	1.0
139	2007-03-16	8.026599	62.759998	65.019997	62.66	3548800	0.533572151398	-1.54303323521	-54.733399000000006	0.181617781234	-0.41192946711	0.281707436768	0.269626508535	0.226360628298	1.0
140	2007-03-19	8.144638	65.379997	66.599998	65.290001	5007200	0.283010585577	-1.55919444078	-57.235359	-0.634507521817	-0.412495765016	0.609928930079	-0.0313184737808	-0.184494314488	1.0
141	2007-03-20	8.209248	65.209999	66.199997	64.43	2045600	-0.897499505357	-1.55278996259	-57.000750999999994	-0.303747774465	-0.399246648084	0.757575474301	0.0274140032625	0.061679453215	1.0
142	2007-03-21	8.358348	66.0	67.470001	65.519997	2632000	0.136637735362	-1.54912789694	-57.641652	-0.192477355226	-0.397271182117	0.757575474301	0.149219702614	0.0587392859786	0.0
143	2007-03-22	8.350894	67.489998	68.370003	66.949997	2386400	-0.310844358052	-1.56327681847	-59.139104	-0.58685328323	-0.405597132823	0.757575474301	-0.123196137478	-0.148200304066	0.0
144	2007-03-23	8.331014	67.050003	67.57	66.75	1167200	-0.802612030541	-1.56076732331	-58.71898900000001	-0.999341572333	-0.412526863992	0.148781047613	0.00378048156287	0.0961623390325	1.0
145	2007-03-26	8.378229	67.57	67.610001	66.68	2074400	0.714372629806	-1.56202059729	-59.191770999999996	-0.927462206063	-0.418432810803	0.148781047613	0.0613973554464	0.0171990516189	0.0
146	2007-03-27	8.183155	66.889999	67.18	65.589996	1873600	-0.314949669874	-1.57008162583	-58.706844000000004	-0.457729094912	-0.44105454164	0.184503889553	-0.29422883921	-0.180627174156	0.0
147	2007-03-28	8.104878	65.620003	65.980003	64.760002	1723200	-0.295487968962	-1.56436232306	-57.515125	-0.701232643506	-0.453325260571	0.148781047613	0.0563645355421	0.216156340225	1.0
148	2007-03-29	8.291254	65.199997	66.779999	65.190002	1698400	-0.217902337864	-1.54657282343	-56.908742999999994	-0.433764913959	-0.464459836193	0.201490005779	0.237461639024	0.0433268927967	1.0
149	2007-03-30	8.323558	66.75	67.480003	66.029999	1521600	-0.323545258553	-1.55859249247	-58.426442	-0.555782606618	-0.467545840729	0.201490005779	-0.135505589292	-0.217188198532	1.0
150	2007-04-02	8.363318	67.489998	67.970001	66.529999	983200	-0.61765300855	-1.56238063497	-59.12668	-0.573154493171	-0.468262715654	0.148781047613	0.0546856158151	0.139104392513	1.0
151	2007-04-03	8.413019	67.18	67.830002	66.529999	2048800	1.07539851875	-1.55599522931	-58.76698100000001	-0.667090615826	-0.467947367007	0.184503889553	0.0264370626424	-0.0266670108948	1.0
152	2007-04-04	8.665248	67.839996	69.910004	67.839996	2981600	0.335222036046	-1.54382619417	-59.174748	-0.148698574306	-0.460274196871	1.19894280339	0.271024839211	0.112972809	1.0
153	2007-04-05	8.732343	69.349998	70.440002	68.379997	3297600	-0.0761418487404	-1.55265567354	-60.617655	-0.184167189718	-0.45097197878	0.692078198379	-0.115506894473	-0.219677613095	0.0
154	2007-04-09	8.69134	70.279999	71.0	69.800003	1133600	-0.973772180576	-1.5636076202	-61.58865900000001	-0.772352166107	-0.445443690463	0.62911112161	-0.0578903582418	0.0783054061904	0.0
155	2007-04-10	8.608093	69.720001	69.940002	69.040001	2179200	0.885281648667	-1.56458473404	-61.111908	-0.967160642042	-0.44338007395	0.431285818376	-0.0666992562342	0.00248808132622	0.0
156	2007-04-11	8.584485	68.910004	69.209999	68.559998	1584000	-0.522604079194	-1.55918734542	-60.325519	-1.13027737911	-0.447350326791	0.339378392349	0.0160864443027	0.0384917461555	0.0
157	2007-04-12	8.550937	69.25	69.650002	68.260002	2023200	0.125577982931	-1.56452333153	-60.699063	-0.631931667519	-0.457634335314	0.261926883395	-0.0527159494781	-0.0471993324845	0.0
158	2007-04-13	8.503722	68.989998	69.239998	68.0	1049600	-0.767662518354	-1.56558957803	-60.486276000000004	-0.729979199255	-0.461489846519	0.103064325065	-0.0483803815487	0.00837192630791	1.0
159	2007-04-16	8.678916	69.260002	70.099998	68.290001	1811200	0.653564476631	-1.55561452163	-60.581086	-0.350268035037	-0.464351880537	-0.146512040905	0.235505056565	0.134617928838	0.0
160	2007-04-17	8.654066	68.510002	69.870003	68.510002	1584000	-0.348680806095	-1.55070205664	-59.855936	-0.644619131143	-0.467661189238	0.103064325065	-0.190463676508	-0.243812230292	0.0
161	2007-04-18	8.601881	69.239998	69.699997	69.089996	652000	-0.893867089558	-1.56085461675	-60.638117	-1.15926277847	-0.470448793231	-0.146512040905	-0.0166356640346	0.137128555487	0.0
162	2007-04-19	8.533542	67.550003	69.199997	67.050003	1428800	1.20211784696	-1.55064862255	-59.01646100000001	-0.0855400838792	-0.470076210657	-0.0618325733774	-0.0601294431147	-0.0305769728132	0.0
163	2007-04-20	8.410534	68.849998	69.949997	67.489998	1964000	0.24017249088	-1.57095857754	-60.439464	0.102789328541	-0.468938253271	0.0400972482959	-0.121238992266	-0.027735116389	1.0
164	2007-04-23	8.439112	67.550003	68.0	66.580002	2569600	0.162176658716	-1.55745411465	-59.110891	-0.58877901874	-0.468806031856	-0.424554775129	0.105868300248	0.115523889297	1.0
165	2007-04-24	8.452779	68.0	68.510002	67.760002	868800	-0.980435430019	-1.56050048838	-59.547221	-1.05549868512	-0.468424816975	-0.783772835846	-0.0443263030767	-0.104110281011	0.0
166	2007-04-25	8.435384	68.029999	68.849998	67.580002	1670400	0.88561224823	-1.56201213923	-59.594615000000005	-0.698038703251	-0.467953402966	-0.132765827644	-0.0369129219909	0.0178371528734	1.0
167	2007-04-26	8.574545	68.0	69.93	68.0	4155200	1.55086498787	-1.55178298661	-59.425455	-0.246117147116	-0.467841245993	-0.168460154471	0.178028420932	0.105339852888	1.0
168	2007-04-27	8.775831	69.010002	71.739998	68.889999	3684800	-0.334273195328	-1.54656773844	-60.234171	0.355092729179	-0.464279975461	0.698596453066	0.12460721438	-0.0579610463401	1.0
169	2007-04-30	8.811864	71.07	72.419998	70.620003	3182400	-0.361519843792	-1.56204399946	-62.25813599999999	-0.386549492773	-0.46102013202	1.10703537737	-0.0936901671848	-0.102401739442	0.0
170	2007-05-01	8.695069	71.010002	71.209999	69.589996	1851200	-0.693567719663	-1.56954117635	-62.314932999999996	-0.502652303475	-0.460451425702	0.993889541585	-0.138720264176	0.0156140567861	0.0
171	2007-05-02	8.685128	69.900002	70.480003	69.790001	1245600	-0.586210892155	-1.56076736154	-61.214874	-1.10963532407	-0.459712383351	0.754335571336	0.0767788803274	0.117704660568	1.0
172	2007-05-03	8.726131	70.010002	70.459999	69.709999	1389600	-0.064808598096	-1.55886654356	-61.283871	-1.07045631307	-0.458710897573	0.718612729396	0.0212632166324	-0.0586381937283	1.0
173	2007-05-04	8.91872	70.690002	71.949997	70.540001	1570400	-0.0477297133394	-1.55144031121	-61.77128200000001	-0.64005648451	-0.456085165489	0.268445138082	0.192852031683	0.078468909805	0.0
174	2007-05-07	8.834229	72.0	72.239998	71.0	680800	-0.868071773454	-1.56832842066	-63.165771	-0.764746213427	-0.457912989113	0.423319640878	-0.258149454172	-0.236816994577	1.0
175	2007-05-08	8.99824	71.489998	72.75	71.040001	2132800	2.31073186091	-1.55289846468	-62.491758000000004	-0.454262560426	-0.457382017867	0.268445138082	0.301931728847	0.327465474517	1.0
176	2007-05-09	9.001967	72.419998	72.93	71.540001	1257600	-0.684207637988	-1.56051678226	-63.418031000000006	-0.673707254711	-0.461568163205	0.0533694806274	-0.154663980116	-0.283439667758	0.0
177	2007-05-10	8.801924	72.260002	72.5	70.410004	1581600	0.102449845547	-1.57265412477	-63.458078	-0.21570082625	-0.465384007595	0.885205742267	-0.224724353771	0.0172406643982	1.0
178	2007-05-11	9.020605	70.870003	72.599998	70.25	1521600	-0.245629570777	-1.54600155149	-61.849397999999994	-0.0247155555006	-0.463382065164	0.948172819036	0.418141516828	0.328039409627	0.0
179	2007-05-14	8.95848	72.150002	73.459999	71.800003	1627200	-0.119223700262	-1.56118652543	-63.191522	-0.495217934311	-0.46282336017	1.10703537737	-0.305275584017	-0.435772710077	0.0
180	2007-05-15	8.882687	71.949997	72.900002	71.339996	1406400	-0.3607535624	-1.56463453812	-63.06730999999999	-0.556584155507	-0.464947900136	1.10703537737	-0.00670744870727	0.226277568329	1.0
181	2007-05-16	8.972147	71.379997	72.68	70.510002	2738400	0.914402438137	-1.55373377053	-62.40785	-0.15137862331	-0.467581939921	1.10703537737	0.145443962178	0.0521548791759	1.0
182	2007-05-17	9.700257	75.440002	79.0	74.239998	15545600	5.30681263696	-1.53967969847	-65.739745	1.36818369278	-0.434578613434	-2.15384585002	0.80285780671	0.274444600544	1.0
183	2007-05-18	9.875451	78.099998	79.900002	77.82	5068800	-0.994622633638	-1.55007914545	-68.224547	-0.328201136083	-0.390972529654	-2.43635062078	-0.347649595559	-0.650080693013	1.0
184	2007-05-21	10.120224	79.5	82.089996	79.410004	6239200	0.0709701645422	-1.54593051884	-69.37977599999999	0.000977650356214	-0.337869682428	-3.26022070494	0.317872180816	0.467783551253	0.0
185	2007-05-22	10.115255	81.68	82.0	81.059998	2076800	-0.986610949538	-1.56276680089	-71.564745	-1.0328787283	-0.29782263381	-2.80389496279	-0.170603419128	-0.284794922956	0.0
186	2007-05-23	9.78102	81.0	82.0	78.309998	3080800	0.368367326184	-1.57779376312	-71.21898	0.565833610759	-0.297025389882	-2.44887470047	-0.365831045763	-0.0377176959452	0.0
187	2007-05-24	9.448028	78.209999	78.699997	75.449997	6329600	1.04092067638	-1.57755038553	-68.76197099999999	0.37806085025	-0.325591982264	-1.89659432385	-0.161095468348	0.140442293874	1.0
188	2007-05-25	9.532519	75.940002	77.169998	75.730003	1622400	-1.07675301429	-1.55455435553	-66.40748300000001	-0.685489059127	-0.341802622341	-1.49389872244	0.280675279256	0.181116674426	0.0
189	2007-05-29	9.430633	76.510002	76.730003	75.650002	1551200	-0.252635836296	-1.56558997962	-67.079369	-0.910551912999	-0.365050976122	-0.636126291624	-0.278706738426	-0.343003335754	0.0
190	2007-05-30	9.382175	74.0	75.709999	73.5	3023200	0.916573773002	-1.5484243717	-64.617825	-0.177753641246	-0.397051007232	-0.146512040905	0.0282544198074	0.211773916778	1.0
191	2007-05-31	9.494001	75.730003	77.379997	75.599998	1888000	-0.643158782976	-1.55533589298	-66.236002	-0.473148479588	-0.427019075615	0.103064325065	0.142648088682	0.0286997110689	0.0
192	2007-06-01	9.357325	75.800003	77.0	75.019997	2307200	0.0605256813191	-1.56467755927	-66.442678	-0.348804234934	-0.420496501295	0.409573427692	-0.279265778065	-0.22469875048	0.0
193	2007-06-04	9.30514	74.529999	75.5	74.360001	2768000	0.0342506706682	-1.55784552386	-65.22485900000001	-0.856330395969	-0.417834516517	0.537203695583	0.0572028136226	0.217905153293	1.0
194	2007-06-05	9.443058	75.0	76.580002	74.949997	3248000	0.0032639645984	-1.55270216522	-65.55694199999999	-0.55638386957	-0.437683648332	0.62911112161	0.170056562962	0.0171770943783	0.0
195	2007-06-06	9.246741	76.0	76.0	74.25	1486400	-0.839672207923	-1.57334264568	-66.753259	-0.491943623367	-0.460424541288	0.62911112161	-0.374500493361	-0.285516796217	0.0
196	2007-06-07	9.082731	74.809998	75.029999	72.900002	2689600	0.752325944577	-1.5745937326	-65.727267	-0.236372930604	-0.462736891865	0.602700971505	-0.028381236527	0.241360834729	1.0
197	2007-06-08	9.154796	72.669998	73.75	72.059998	2492800	-0.287123626017	-1.55236033521	-63.51520200000001	-0.485357473186	-0.460531348749	0.148781047613	0.163203347022	0.0575845934477	1.0
198	2007-06-11	9.235559	73.029999	75.050003	73.029999	1473600	-0.682446950794	-1.54999979824	-63.79444	-0.280267129878	-0.462757518738	0.268445138082	-0.00474861523348	-0.122152558795	0.0
199	2007-06-12	9.031788	74.309998	75.199997	72.68	1666400	-0.0468739538639	-1.57395417291	-65.27820999999999	0.0184869253146	-0.459442366648	0.327424159317	-0.31073024418	-0.126968811612	1.0
200	2007-06-13	9.27532	72.68	74.910004	72.68	2127200	0.124696527469	-1.54437176115	-63.404680000000006	-0.140658320049	-0.460311867246	0.327424159317	0.469186551679	0.420853344233	0.0
201	2007-06-14	9.082731	73.550003	74.050003	72.800003	2519200	0.0160643712728	-1.56446820054	-64.46727200000001	-0.775936401127	-0.462861159661	0.327424159317	-0.487215805262	-0.556589114249	1.0
202	2007-06-15	9.154796	73.5	74.239998	73.110001	1888800	-0.495648040308	-1.55928598042	-64.345204	-0.852482972315	-0.464072732986	0.268445138082	0.284730145583	0.480232246853	1.0
203	2007-06-18	9.669194	74.0	78.07	73.0	4524800	1.44257627548	-1.52954211731	-64.330806	1.61466503035	-0.451020737604	0.602700971505	0.525683658024	0.0277533142608	1.0
204	2007-06-19	9.677892	78.0	78.739998	77.099998	2057600	-0.843084036771	-1.56162036187	-68.322108	-0.587834281449	-0.441237709816	0.824530606604	-0.389322866053	-0.494082463985	0.0
205	2007-06-20	9.554884	78.25	78.5	76.529999	1624800	-0.448664274039	-1.57120304444	-68.695116	-0.391654260168	-0.436110086457	0.824530606604	-0.0543943064513	0.28878392053	0.0
206	2007-06-21	9.485303	76.410004	77.760002	74.82	1456000	-0.323299994092	-1.56132151135	-66.924701	0.228313222694	-0.437624055469	0.757575474301	0.00168287299869	0.012836316829	0.0
207	2007-06-22	9.409511	76.5	78.239998	75.720001	2516800	0.657052306019	-1.56685567662	-67.090489	-0.029029094692	-0.439766644018	0.793298316241	-0.0777466763457	-0.057836158325	1.0
208	2007-06-25	9.475363	76.709999	77.5	75.790001	1536000	-0.659887429853	-1.56431574085	-67.234636	-0.528100772417	-0.440223558839	0.698596453066	0.114536734889	0.0951538128379	0.0
209	2007-06-26	9.358567	76.360001	77.580002	75.199997	1519200	-0.213834328707	-1.56900573076	-67.00143399999999	-0.11146017261	-0.449100686858	0.621144944112	-0.224585241029	-0.186900818113	1.0
210	2007-06-27	9.474179	75.32	76.150002	74.800003	1611200	-0.129637049719	-1.55329482385	-65.845821	-0.734205252835	-0.450420311622	0.609928930079	0.238933915551	0.263161228357	1.0
211	2007-06-28	9.484156	76.370003	77.040001	75.959999	1135200	-0.548870766233	-1.56107809127	-66.885847	-0.90988578931	-0.459606494585	0.296191868953	-0.116066609416	-0.225505289932	1.0
212	2007-06-29	9.805905	76.470001	79.610001	76.43	3365600	2.1128609861	-1.54138532878	-66.664096	0.366631078465	-0.461925109064	0.296191868953	0.405465824833	0.282331621469	1.0
213	2007-07-02	9.832094	78.779999	79.949997	78.019997	4112000	0.0602187098867	-1.55807184914	-68.947905	-0.426134136673	-0.457496265759	0.296191868953	-0.229864547103	-0.366233781605	1.0
214	2007-07-03	10.480584	79.559998	84.18	79.540001	3976800	-0.239674297716	-1.52434745315	-69.07941399999999	1.13813515698	-0.40553886756	-1.42717931302	0.843619303475	0.583688438652	1.0
215	2007-07-05	10.788617	84.0	87.400002	83.980003	5667200	0.299626787889	-1.54039285074	-73.211383	0.325713843837	-0.327218721405	-2.19381924968	-0.134700513686	-0.601678920344	1.0
216	2007-07-06	11.057989	86.510002	89.839996	86.300003	3943200	-0.559204322877	-1.54337551378	-75.452013	0.336336924079	-0.235895639552	-3.14879522771	0.225746680339	0.28245773485	0.0
217	2007-07-09	10.928291	88.699997	89.580002	85.370003	2349600	-0.676889902537	-1.56585794876	-77.771706	0.650470942844	-0.200042459854	-2.7460996263	-0.314503395948	-0.271701237556	0.0
218	2007-07-10	10.707555	86.900002	87.5	85.550003	1411200	-0.67129410738	-1.56580010406	-76.192447	-0.520898467578	-0.206432983171	-2.44887470047	-0.121506975632	0.16470772721	0.0
219	2007-07-11	10.668896	85.080002	86.669998	83.360001	2678400	0.856532699433	-1.55518031789	-74.41110599999999	0.246285076703	-0.249177957742	-2.17463705807	0.0858084903654	0.0839235950562	1.0
220	2007-07-12	10.782381	85.900002	87.150002	85.470001	1847200	-0.566420835989	-1.5545762716	-75.117621	-0.6576740452	-0.294723021569	-1.96976675997	0.110228516795	-0.0310822211712	0.0
221	2007-07-13	10.666401	86.459999	86.839996	84.769997	1587200	-0.366712919565	-1.56506463579	-75.793598	-0.450734855102	-0.363990874542	-1.8501026695	-0.252744203794	-0.185649404435	0.0
222	2007-07-16	10.626494	85.480003	86.019997	83.370003	2788000	0.690004269083	-1.56045189667	-74.853509	-0.121545602285	-0.407587688362	-1.33780208622	0.0564716838682	0.200825731968	0.0
223	2007-07-17	10.50802	84.970001	85.0	83.620003	2772800	-0.207374226026	-1.56360723982	-74.461981	-0.811353315876	-0.454449300084	-0.978584025427	-0.152386290332	-0.130327722964	0.0
224	2007-07-18	10.435689	83.620003	84.360001	83.010002	1249600	-0.847882678217	-1.55809857223	-73.184314	-0.816630420302	-0.452879156227	-0.729007659532	-0.0162349833194	0.0846665810479	1.0
225	2007-07-19	10.695085	83.699997	86.339996	83.699997	1753600	0.274028901871	-1.54359188428	-73.00491199999999	-0.100828567468	-0.453248613147	-0.670028638298	0.340422851628	0.151801092329	0.0
226	2007-07-20	10.579105	86.129997	86.75	84.769997	1801600	-0.168718632209	-1.56769769149	-75.550892	-0.494827054057	-0.46189473736	-0.511166079968	-0.375280582697	-0.396080924319	1.0
227	2007-07-23	10.599058	86.120003	86.669998	84.800003	1500800	-0.397578237612	-1.5665003782	-75.520945	-0.554738801355	-0.467201075445	-0.433714571013	0.163426647735	0.350378169623	0.0
228	2007-07-24	10.115185	84.980003	85.57	80.57	3618400	1.46069535472	-1.58618254689	-74.864818	1.19316158772	-0.452454506785	0.281707436768	-0.651932608395	-0.437072128311	1.0
229	2007-07-25	10.337168	82.089996	83.68	80.970001	1911200	-0.756584164357	-1.55261755286	-71.752828	-0.029701088905	-0.450321430123	0.384385411086	0.649499063794	0.717340141511	0.0
230	2007-07-26	9.976758	82.5	82.870003	79.0	3402400	0.717903347976	-1.57693175426	-72.523242	0.628983823613	-0.437955918444	0.754335571336	-0.741061895018	-0.826874035038	0.0
231	2007-07-27	9.75228	79.760002	79.800003	77.110001	2887200	-0.379277268157	-1.57040871708	-70.007722	0.00875320752614	-0.413611790243	0.687380439033	0.0449605546145	0.535076681242	0.0
232	2007-07-30	9.581429	78.199997	78.75	76.0	7509600	1.68446953043	-1.56917040199	-68.618568	0.0758439260091	-0.384741994928	0.128026552359	-0.12683839271	-0.151699172128	1.0
233	2007-07-31	9.6151	38.919998	39.200001	38.080002	2575200	-0.974766241211	-0.962957816502	-29.304898	-0.358008023686	-0.366592320444	0.128026552359	0.11471996753	0.112934756406	0.0
234	2007-08-01	9.343233	38.25	38.73	36.799999	2239200	-0.354608659967	-0.976492947286	-28.906767000000002	0.560824047564	-0.333731161869	0.128026552359	-0.412616146797	-0.282624848803	1.0
235	2007-08-02	10.101467	37.599998	40.639999	37.119999	5862000	1.70437395883	-0.857762965559	-27.498531	2.30849724349	-0.363028613355	0.462282385782	1.14946699701	0.806117305339	1.0
236	2007-08-03	10.700073	40.849998	43.02	40.07	8076400	0.243911505612	-0.890479449572	-30.149925	1.4374877961	-0.352766028413	0.409573427692	0.0714905701918	-0.728288128088	1.0
237	2007-08-06	10.794852	43.080002	43.689999	41.52	4812400	-0.676891890512	-0.945777362231	-32.28515	0.546444684159	-0.335066473822	0.537203695583	-0.194635595629	-0.0146637359684	0.0
238	2007-08-07	10.128903	39.5	41.5	39.299999	9446800	0.933142752854	-0.917292827385	-29.371097	0.759408473708	-0.334901854143	0.692078198379	-0.775450992702	-0.186476460494	0.0
239	2007-08-08	10.056572	41.880001	44.0	40.0	4937200	-0.763128692466	-0.996644013605	-31.823429	2.47804407428	-0.341582431384	0.742256957392	0.445414142338	0.68039663724	0.0
240	2007-08-09	9.727339	40.0	41.02	38.540001	5684800	-0.0226309639942	-0.981770420021	-30.272661	1.05083817767	-0.336887628343	0.742256957392	-0.511571677756	-0.62183455769	0.0
241	2007-08-10	9.355704	36.759998	38.23	36.650002	12225600	1.1540293916	-0.92664080917	-27.404294000000004	0.23009392435	-0.315308046894	0.742256957392	-0.228041900052	0.228023019919	1.0
242	2007-08-13	9.605123	38.049999	39.200001	37.810001	3908000	-1.00216315379	-0.936735117502	-28.444876	-0.0377175166788	-0.316413529666	0.742256957392	0.516436825014	0.336852774405	1.0
243	2007-08-14	9.607618	38.5	39.450001	38.0	3347600	-0.369827328786	-0.95078364635	-28.892381999999998	0.0134332413022	-0.316081752138	0.62911112161	-0.28811496923	-0.500655892168	0.0
244	2007-08-15	9.47792	38.34	38.790001	37.5	3326800	-0.208270974937	-0.962182342571	-28.862080000000006	-0.152889928292	-0.325790700325	0.748775212079	-0.117437027502	0.175363049459	0.0
245	2007-08-16	9.116262	36.75	38.32	35.91	14794800	3.85860843154	-0.958022614635	-27.633738	1.19133044901	-0.286546064733	1.10703537737	-0.35605105979	-0.105154061327	1.0
246	2007-08-17	9.502861	37.400002	38.5	37.400002	3154800	-1.12748926941	-0.928688213486	-27.897141	-0.338206481985	-0.33533548523	0.537203695583	0.723328875042	0.540013152434	0.0
247	2007-08-20	9.47792	39.380001	39.490002	37.529999	1780400	-0.714003518049	-0.993965268901	-29.902081000000003	0.537920309819	-0.417333710968	0.187743792593	-0.427914496664	-0.702205476434	1.0
248	2007-08-21	9.630066	37.5	38.950001	37.5	1858400	-0.149360196131	-0.915472891957	-27.869934	0.0463026462549	-0.437296020011	0.212706019887	0.283997327567	0.470460695255	1.0
249	2007-08-22	10.18627	39.0	41.41	38.59	3190400	0.643125541315	-0.894127217856	-28.81373	1.44312181113	-0.427582781144	0.462282385782	0.552087504197	0.0593486242416	0.0
250	2007-08-23	10.163822	41.470001	42.0	40.5	2228000	-0.556199302105	-0.972496043542	-31.306179000000004	-0.0438784002138	-0.406827914061	0.621144944112	-0.442794157694	-0.530764087594	1.0
251	2007-08-24	10.350886	40.869999	42.060001	40.439999	2072400	-0.283199311486	-0.932697272497	-30.519113	0.0916144361807	-0.381347359814	0.698596453066	0.363442071265	0.520642660307	1.0
252	2007-08-27	10.784876	42.27	44.0	42.0	3871600	0.821453860976	-0.923550331673	-31.485124000000003	0.410706980104	-0.314333783916	0.698596453066	0.373830281559	-0.0804143780905	0.0
253	2007-08-28	10.123915	43.720001	43.720001	39.240002	3391200	-0.347080808604	-1.03834424531	-33.596086	2.80330735638	-0.313635305307	0.698596453066	-1.12916348674	-0.735620538261	1.0
254	2007-08-29	10.420723	40.98	42.0	40.77	1478000	-0.86534691356	-0.927710471404	-30.559276999999994	-0.313130367332	-0.311021403249	0.698596453066	0.97485686929	1.21636443329	0.0
255	2007-08-30	10.143868	42.0	42.110001	40.259998	1666400	-0.0508385238629	-0.989865424799	-31.856132000000002	0.294091459097	-0.365668249657	0.621144944112	-0.736429980931	-1.0713158633	1.0
256	2007-08-31	10.597811	41.41	42.900002	41.41	1820000	-0.0924036398335	-0.919746283509	-30.812188999999996	-0.0649693384699	-0.377829632639	0.621144944112	0.835899334112	0.920810967765	1.0
257	2007-09-04	10.622753	42.990002	43.689999	42.349998	1791600	-0.219330323212	-0.962712369783	-32.367249	-0.257164997619	-0.407715504303	0.621144944112	-0.400124475298	-0.764736617466	0.0
258	2007-09-05	10.435689	42.59	42.799999	41.25	1581200	-0.33925394809	-0.972796886548	-32.15431100000001	-0.0343950521795	-0.441152144935	0.399315309013	-0.160105809492	0.251606454078	1.0
259	2007-09-06	10.517996	41.700001	42.450001	41.25	1503200	-0.259047017249	-0.937728913076	-31.182005	-0.363027102954	-0.443263066422	0.507999108331	0.243852496431	0.197169983893	0.0
260	2007-09-07	10.360863	41.66	41.990002	41.259998	877200	-0.691382302162	-0.954912016756	-31.299136999999995	-0.833469740763	-0.447584083975	0.201490005779	-0.312536458819	-0.329211936681	0.0
261	2007-09-10	10.358368	41.610001	41.98	41.25	898000	-0.173029383585	-0.953749086124	-31.251632999999998	-0.832728517262	-0.447665935361	0.201490005779	0.128194319738	0.273328043401	1.0
262	2007-09-11	10.754945	41.380001	43.25	41.209999	1646800	0.781037718117	-0.900356550272	-30.625056	0.486019583642	-0.449007678811	0.268445138082	0.446538074254	0.100445689953	1.0
263	2007-09-12	11.00187	43.119999	44.68	43.009998	3846000	1.37173246299	-0.923536435941	-32.118128999999996	0.0510545934848	-0.438977811689	1.15721413638	-0.0183415959446	-0.283412544107	1.0
264	2007-09-13	11.256277	44.200001	45.75	43.799999	2666000	-0.562272832908	-0.925865998927	-32.943724	0.277478823214	-0.408178456651	0.31463584156	0.198657400022	0.161115267652	1.0
265	2007-09-14	11.358539	45.080002	46.0	44.610001	2371600	-0.330999383841	-0.939024279347	-33.721463	-0.276383379835	-0.394281683406	0.537203695583	-0.0292886207758	-0.119815950729	0.0
266	2007-09-17	11.268748	44.799999	45.540001	44.5	1805600	-0.482009938441	-0.941115063036	-33.531251	-0.596044367705	-0.37871668237	0.692078198379	-0.145508988529	-0.024452442695	1.0
267	2007-09-18	11.989569	45.0	48.439999	45.0	3159200	0.681896443181	-0.868576299649	-33.010431	1.6023686826	-0.297401965228	0.0533694806274	0.975137908545	0.550049813701	1.0
268	2007-09-19	12.084348	48.75	50.240002	48.18	3635600	-0.0233660426132	-0.958886681874	-36.665652	0.209109194702	-0.242798657438	0.423319640878	-0.481815056914	-0.854360592246	1.0
269	2007-09-20	12.144208	49.919998	49.919998	48.18	2166400	-0.676861749014	-0.981332605612	-37.77579	-0.0972584458938	-0.209119442004	0.621144944112	0.150653711881	0.47971325452	1.0
270	2007-09-21	12.396122	48.990002	49.880001	48.459999	2084000	-0.245746374691	-0.93381678365	-36.59388	-0.355051477379	-0.203952506739	0.824530606604	0.275015889256	0.0167678385718	0.0
271	2007-09-24	12.146703	50.0	52.400002	48.25	4704400	1.27981788823	-0.982984640311	-37.853297	1.93968165436	-0.27536822764	0.952160874571	-0.504834726754	-0.405209820935	1.0
272	2007-09-25	12.755285	48.450001	51.700001	48.360001	2688800	-0.70552010654	-0.883998481158	-35.694716	1.29787146774	-0.271359108766	0.550949908844	0.995630138458	0.814336897318	1.0
273	2007-09-26	12.914913	52.5	52.759998	51.32	2728800	-0.183434304642	-0.968066875062	-39.585087	-0.413884990959	-0.265575899299	0.394853272549	-0.349032619331	-0.834741913753	0.0
274	2007-09-27	12.787709	52.889999	52.889999	50.799999	1374000	-0.785638364108	-0.988606137093	-40.10229	0.101830024212	-0.283224613649	0.457820349318	-0.157299243674	0.242643478691	1.0
275	2007-09-28	12.919901	51.849998	52.490002	50.830002	4817200	2.75021283266	-0.952585352067	-38.930097	-0.22377239742	-0.309041517852	0.692078198379	0.288770042659	0.229881900694	1.0
276	2007-10-01	13.403774	51.849998	53.900002	51.529999	2978800	-0.650385253658	-0.907153801192	-38.446224	0.338306783317	-0.340849282779	0.62911112161	0.455238810964	0.00536770884056	1.0
277	2007-10-02	13.560908	53.75	54.709999	53.0	1654000	-0.724707512694	-0.937408342488	-40.189092	-0.235586630215	-0.310878276089	0.916438032631	-0.167966467309	-0.340283005867	0.0
278	2007-10-03	13.176803	53.75	54.240002	52.009998	3665200	1.23102959512	-0.972197700058	-40.573197	0.180589442913	-0.330693449415	-0.0842546679479	-0.501464956919	-0.0658354658621	0.0
279	2007-10-04	12.672977	51.610001	52.279999	50.25	3194400	-0.352225177031	-0.970236206189	-38.937023999999994	0.0890562295903	-0.361744752473	0.252950051221	-0.296817956955	0.175652947958	1.0
280	2007-10-05	12.845076	51.310001	53.869999	50.810001	1664800	-0.76485980908	-0.946918135647	-38.464925	0.936480779709	-0.378301131126	0.507999108331	0.512505764526	0.360393453214	1.0
281	2007-10-08	12.989739	51.98	53.91	51.849998	1625200	-0.228966188196	-0.949078443625	-38.990261	0.095785737903	-0.422597633872	0.692078198379	-0.0809421050491	-0.418424585779	1.0
282	2007-10-09	13.039622	51.009998	52.439999	50.799999	1072800	-0.601234800792	-0.921183427278	-37.970376	-0.225036413769	-0.42714714212	0.811742288848	-0.0245179315978	0.0834679243588	0.0
283	2007-10-10	13.022163	51.529999	54.0	51.52	2067600	0.891077901117	-0.935391094755	-38.507836	0.448653090595	-0.428123387464	0.870721310082	-0.039394216105	0.00916858003454	0.0
284	2007-10-11	11.967121	52.0	52.91	45.560001	7874800	3.10668801533	-1.04528450181	-40.032879	4.46996186371	-0.35961033231	1.02958386841	-1.29226192246	-0.580863721273	1.0
285	2007-10-12	12.291365	48.549999	50.25	48.549999	6491200	-0.407867412845	-0.933157125951	-36.258634	-0.102196347447	-0.332442185493	1.10703537737	1.21768120051	1.37111884922	0.0
286	2007-10-15	12.281389	50.0	50.740002	48.560001	3194000	-0.799142836328	-0.969870876184	-37.718610999999996	0.269045100342	-0.332704631003	1.04008024506	-0.516342029282	-1.15941018344	0.0
287	2007-10-16	12.219034	49.5	49.5	48.18	1196000	-0.937633547704	-0.963924807965	-37.280966	-0.446801069812	-0.363677717486	1.04008024506	-0.00739389580889	0.408879892075	1.0
288	2007-10-17	13.004704	49.5	52.189999	49.419998	4160000	2.71758341012	-0.886654990106	-36.495295999999996	0.758759314657	-0.374022593267	0.948172819036	1.00854421297	0.459930973059	1.0
289	2007-10-18	13.3065	51.5	53.700001	51.18	2091600	-0.786497544185	-0.907796205976	-38.1935	0.473178197566	-0.346469640731	0.757575474301	-0.270431668701	-0.767587233604	0.0
290	2007-10-19	13.10946	53.349998	53.5	52.080002	3067600	0.348573722768	-0.969394686233	-40.240538	-0.4478980291	-0.337002354267	0.451066371749	-0.315905328248	0.137616400331	0.0
291	2007-10-22	12.493395	51.73	51.73	49.099998	3381600	-0.0804087453036	-0.989909570206	-39.236605	0.581793631449	-0.339878959897	0.112348501862	-0.550592914629	-0.050308368453	1.0
292	2007-10-23	12.967291	51.0	52.209999	50.110001	2648800	-0.456154169784	-0.927843914184	-38.032709	0.154784842079	-0.343110526217	0.261926883395	1.01668478453	0.776587963048	0.0
293	2007-10-24	12.648034	52.25	53.439999	49.299999	4750000	0.73323888792	-0.987202627036	-39.601966	1.78273258814	-0.352508483266	0.445032031562	-0.918339700919	-1.14983025265	0.0
294	2007-10-25	12.623093	51.5	51.950001	49.790001	2023600	-0.876903092809	-0.972398376665	-38.876907	0.199788901955	-0.384708013624	0.247206728327	0.316282401293	0.8154940737	1.0
295	2007-10-26	13.34142	52.470001	53.490002	51.07	2424800	0.0325288423616	-0.927809988232	-39.128581000000004	0.362070412929	-0.374939406639	-0.0810147649834	0.826073202326	0.120431829324	1.0
296	2007-10-29	14.082193	54.0	56.700001	54.0	4508000	0.810796356137	-0.896099152717	-39.917806999999996	0.513817980786	-0.30443947678	0.0533694806274	0.334525979518	-0.352012792268	0.0
297	2007-10-30	13.428716	57.02	57.330002	53.32	4199600	-0.281519141673	-1.01913247184	-43.591284	1.42144928143	-0.339452908812	0.180999748594	-1.24201037048	-0.685477039778	1.0
298	2007-10-31	14.057252	54.900002	56.610001	54.25	4212000	-0.197476505143	-0.919123221962	-40.84275	0.228122782024	-0.286186941893	0.550949908844	1.44871651464	1.53190332615	1.0
299	2007-11-01	14.107136	55.900002	58.880001	55.5	4256800	-0.188427854779	-0.937078172972	-41.792866000000004	0.967180992398	-0.236750251919	0.748775212079	-0.591577036803	-1.31127571537	1.0
300	2007-11-02	14.695764	56.799999	58.970001	56.25	3989200	-0.274985993627	-0.906094242112	-42.104235	0.428972670733	-0.122560112971	-0.490938324888	0.819896641572	0.87137273386	0.0
301	2007-11-05	14.481264	57.490002	58.740002	55.549999	3929200	-0.21866637767	-0.939375585799	-43.008737999999994	0.759106604358	-0.137600208021	-0.162716831578	-0.729130501216	-0.874348751817	1.0
302	2007-11-06	15.284393	59.25	61.619999	58.279999	6496800	0.568604414852	-0.909812654151	-43.965607	0.784776867943	-0.0237837257119	-0.00784232878196	1.28477439841	1.13991342843	0.0
303	2007-11-07	14.241821	61.0	61.299999	56.880001	6686000	-0.166658010317	-1.02904621634	-46.758179	1.51729882631	-0.13257660683	0.247206728327	-1.98284098768	-1.7890910515	1.0
304	2007-11-08	15.583696	61.740002	62.869999	55.560001	11298400	0.611462888147	-0.936860898142	-46.156306	3.39922400058	-0.16387683218	-0.0352980424348	2.65245885195	2.60627701646	0.0
305	2007-11-09	14.812991	58.610001	62.540001	58.610001	4613600	-0.897724096354	-0.9352550086	-43.79701	1.24292947126	-0.228271082151	0.261926883395	-2.25710795016	-2.90319547435	0.0
306	2007-11-12	13.720536	58.0	58.599998	54.09	5332000	-0.017576839406	-1.01401060359	-44.279464000000004	1.73491690505	-0.201240516813	0.423319640878	-0.454303148483	1.43707861502	1.0
307	2007-11-13	14.915253	55.330002	59.990002	55.200001	5007600	-0.272602521412	-0.853318510419	-40.414749	2.01392900166	-0.269666303442	0.621144944112	2.15529680924	1.12174139428	0.0
308	2007-11-14	14.528653	61.880001	61.880001	57.689999	3049600	-0.661423638249	-1.02264413953	-47.351348	1.31187253795	-0.289908500095	0.807754233313	-1.67685305589	-2.26294128423	1.0
309	2007-11-15	15.06241	57.52	60.799999	57.52	4422000	0.329022070463	-0.890829142208	-42.45759	0.804675729078	-0.302720210321	0.998351578049	1.22329759612	1.84013767764	1.0
310	2007-11-16	15.147212	60.09	60.810001	58.049999	4471600	-0.18774438278	-0.938482003995	-44.94278800000001	0.357456161056	-0.292669373469	1.15721413638	-0.413599953013	-1.06656736993	0.0
311	2007-11-19	13.964967	60.799999	60.990002	55.799999	4356800	-0.231187830385	-1.04747513355	-46.835032	2.07848860426	-0.256098735031	1.23466564533	-1.42139276309	-0.314096347104	0.0
312	2007-11-20	13.780397	56.169998	57.98	53.700001	4872000	-0.0616937096231	-0.971302229193	-42.389601	1.64570767816	-0.23221011832	1.23466564533	0.710976428838	1.20962960449	0.0
313	2007-11-21	13.4786	52.5	54.900002	51.709999	3955600	-0.422465084043	-0.915796738744	-39.0214	0.970769386223	-0.16296723701	1.15721413638	-0.505395229552	-0.860595902108	1.0
314	2007-11-23	13.618274	54.220001	55.48	54.0	1102000	-1.05052326106	-0.942904530462	-40.601727000000004	-0.424227193099	-0.215554832368	1.23466564533	0.358107727867	0.503419672409	1.0
315	2007-11-26	13.762937	56.0	57.18	54.849998	2476800	1.26823008235	-0.96919441923	-42.237063	0.18473293925	-0.220833706573	1.15721413638	-0.00991885961899	-0.2671788574	1.0
316	2007-11-27	13.785385	55.599998	56.490002	54.099998	1546000	-0.64352542304	-0.958621231908	-41.814613	0.239754791411	-0.224726364984	0.998351578049	-0.0657829804752	0.00660650455752	1.0
317	2007-11-28	14.840427	56.860001	59.540001	56.119999	3056800	0.949888242578	-0.895037561619	-42.019574	0.936564508037	-0.231512419336	1.14876404438	1.31003945596	0.668005434505	0.0
318	2007-11-29	14.643386	59.5	60.310001	57.599998	1736400	-0.709647816596	-0.967536306952	-44.856614	0.35045490359	-0.225621855839	1.10703537737	-1.08115788524	-1.32944846156	1.0
319	2007-11-30	14.992573	59.959999	61.25	58.5	3097600	0.722234736245	-0.948376788621	-44.967426	0.357764621353	-0.233315484922	1.15721413638	0.814003033434	1.20942457089	0.0
320	2007-12-03	14.987584	61.700001	61.740002	59.990002	2114800	-0.574597726215	-0.983098870738	-46.712417	-0.371478392378	-0.251999401019	1.10703537737	-0.336681973938	-0.74103016646	1.0
321	2007-12-04	15.309335	61.5	63.240002	60.07	3900800	0.79360482939	-0.95378368574	-46.190664999999996	0.598629346428	-0.182775358238	0.916438032631	0.469837432739	0.488098684934	0.0
322	2007-12-05	15.224533	56.529999	62.509998	56.009998	7389200	0.85219764784	-0.854541562571	-41.305465999999996	3.1914922567	-0.161429268437	0.676884062382	-0.370648330957	-0.484260043125	1.0
323	2007-12-06	15.571225	60.09	62.880001	60.09	1848800	-1.08395616162	-0.904130015227	-44.518775000000005	0.367493646126	-0.173766796393	0.271211060192	0.557421059739	0.538319497411	0.0
324	2007-12-07	15.022503	62.98	63.0	60.009998	2287600	0.0785546932332	-1.00443380391	-47.957497	0.444109708575	-0.253390586363	0.9794051094	-0.982624307085	-0.836104421796	1.0
325	2007-12-10	15.147212	60.900002	62.18	60.0	2529600	-0.0763722446527	-0.954804035102	-45.752790000000005	-0.0640849525964	-0.332761531062	0.998351578049	0.653709250174	0.972850356398	0.0
326	2007-12-11	14.857886	61.23	62.599998	58.889999	2127200	-0.388291052172	-0.984333611767	-46.372113999999996	0.992343590208	-0.431066825861	0.811742288848	-0.591015521048	-0.782371510611	1.0
327	2007-12-12	14.92523	60.540001	61.220001	59.189999	1422400	-0.591143399977	-0.965454212996	-45.614771	-0.156965874298	-0.43312339122	0.692078198379	0.328352795286	0.56231596283	0.0
328	2007-12-13	14.748142	57.950001	59.43	57.619999	1694800	0.0245758836219	-0.926689682295	-43.201859	-0.262243137852	-0.438421244919	0.394853272549	-0.348472566736	-0.418054392665	1.0
329	2007-12-14	14.773084	57.950001	59.709999	57.950001	2236800	0.175662509322	-0.924594350785	-43.176917	-0.29884301922	-0.432988420251	-0.00784232878196	0.174516386933	0.319506753101	0.0
330	2007-12-17	14.107136	58.220001	59.5	55.830002	3112800	0.260252496616	-0.986035481715	-44.112865	1.0965645585	-0.378123613416	0.0768371386711	-0.895038203969	-0.558849600569	1.0
331	2007-12-18	14.174479	57.040001	57.939999	54.490002	2256800	-0.524801373969	-0.955884817963	-42.865522	0.975822354584	-0.352289057055	-0.00784232878196	0.602617506757	0.850598203705	0.0
332	2007-12-19	14.102147	56.0	57.740002	56.0	1391600	-0.652436972114	-0.93970572536	-41.897853	-0.266267084948	-0.331893507587	-0.00784232878196	-0.303555920914	-0.619809706009	1.0
333	2007-12-20	14.413921	56.59	58.259998	56.5	1078000	-0.466340841144	-0.925666293111	-42.176079	-0.268034528021	-0.379559188328	0.13980421544	0.447098351951	0.43465398323	0.0
334	2007-12-21	14.236834	58.0	58.740002	56.91	1491200	0.250444406628	-0.970674748911	-43.763166	-0.239326001298	-0.38395513317	0.0768371386711	-0.492201128744	-0.525189150849	1.0
335	2007-12-24	14.41891	57.099998	58.119999	56.84	1036800	-0.559810070084	-0.936316090493	-42.681088	-0.630289043446	-0.410375345164	0.394853272549	0.424078231908	0.553188043195	1.0
336	2007-12-26	14.426392	57.029999	58.099998	57.009998	1031600	-0.206860173851	-0.934168504299	-42.603607	-0.769265337165	-0.421235901684	0.445032031562	-0.185091178402	-0.39261177967	0.0
337	2007-12-27	14.114618	58.0	58.0	56.119999	1130800	-0.087708852223	-0.980933039308	-43.885382	-0.200615655053	-0.435113089173	0.62911112161	-0.361945793435	-0.0214775843434	0.0
338	2007-12-28	14.114618	56.259998	57.59	56.259998	1510000	0.193958641996	-0.944292143116	-42.14538	-0.577631250018	-0.444572500033	0.537203695583	0.236274791231	0.328467691731	1.0
339	2007-12-31	14.334107	57.0	57.950001	56.5	1287200	-0.374716378155	-0.941402280343	-42.665893	-0.502550904535	-0.461464804878	0.748775212079	0.190517166111	-0.106641308354	0.0
340	2008-01-02	14.209398	57.950001	58.900002	56.490002	2018000	0.467652956546	-0.971948574099	-43.740603	0.184703007877	-0.462713323565	0.807754233313	-0.338364832942	-0.266436119793	0.0
341	2008-01-03	14.114618	57.619999	58.290001	56.380001	1742800	-0.361553697759	-0.973119864422	-43.505381	-0.171367440183	-0.46185550254	0.807754233313	0.0192745572065	0.250944491298	1.0
342	2008-01-04	14.184455	56.0	57.389999	56.0	2132400	0.0623091399334	-0.932550407371	-41.815545	-0.529993729909	-0.463061117232	0.648891674983	0.122020797854	0.0156941030158	0.0
343	2008-01-07	13.301513	56.48	57.240002	51.310001	4178400	0.928985694363	-1.01913490322	-43.178487	2.89668944438	-0.41189378952	0.518021504052	-1.18053255524	-0.639592997571	1.0
344	2008-01-08	13.436198	53.82	55.549999	53.549999	2512400	-0.670505175587	-0.95028644557	-40.383802	-0.00779423849062	-0.383050123166	0.518021504052	0.867056649196	1.15601982606	1.0
345	2008-01-09	13.491071	54.330002	55.259998	52.0	1970000	-0.455196779325	-0.956778311996	-40.838931	0.955972691581	-0.375084902025	0.824530606604	-0.247970138094	-0.792900951305	1.0
346	2008-01-10	13.610792	54.040001	55.23	53.099998	1746400	-0.334620592936	-0.93950574302	-40.429209	0.0841214445882	-0.384552232545	1.01512795134	0.124265172612	0.267711460759	0.0
347	2008-01-11	13.363867	53.619999	54.830002	53.150002	1481200	-0.379786862937	-0.952320245181	-40.256132	-0.252612066694	-0.373054007352	1.14275821931	-0.398720629635	-0.263709381571	1.0
348	2008-01-14	13.655687	53.650002	55.459999	51.900002	2608800	0.695565419986	-0.926518647781	-39.994315	1.20967403127	-0.378710764755	1.18448688632	0.571738529709	0.530307174497	0.0
349	2008-01-15	12.50836	52.439999	53.509998	49.189999	5118400	0.931921095491	-1.00443900654	-39.931639000000004	1.92584647157	-0.315711451956	0.222728415534	-1.71699518581	-1.20434708368	0.0
350	2008-01-16	11.8474	47.450001	48.34	45.68	7627200	0.376277775319	-0.950134970687	-35.602601	0.787253223929	-0.1761777487	-1.15469693798	0.1402675275	1.19009527756	0.0
351	2008-01-17	11.72269	48.73	50.130001	46.330002	5032400	-0.601596169239	-0.994522111833	-37.00731	1.73366125278	-0.0758640956059	-1.11296827104	0.0970353163926	-0.225341686964	1.0
352	2008-01-18	12.066889	48.450001	49.029999	46.5	4010400	-0.440116697806	-0.953168750197	-36.383112	0.626781307081	-0.109710610196	-0.915142967729	0.364566565935	0.058275931903	0.0
353	2008-01-22	11.099143	41.639999	46.720001	40.040001	9634800	1.45065326435	-0.868015651084	-30.540856000000005	5.08818183096	0.0643129032225	-0.194160600765	-1.50841971402	-0.926845483607	1.0
354	2008-01-23	11.455812	44.299999	45.950001	43.0	5164000	-0.747416698325	-0.906737002519	-32.844187	1.21053329478	0.100167523628	0.0276690343341	1.2704583916	1.59146263913	1.0
355	2008-01-24	11.967121	46.580002	49.93	46.02	8435600	0.545137909497	-0.914919540795	-34.612881	1.94001301311	0.0342192736859	-0.194160600765	0.123143491711	-0.895166020763	1.0
356	2008-01-25	12.321296	51.869999	53.240002	49.400002	6372000	-0.489043432398	-1.00923534536	-39.548703	1.57393976181	-0.0867970826116	0.103064325065	0.104896311862	0.0629416468059	0.0
357	2008-01-28	12.221528	48.77	49.43	47.52	5396400	-0.38126140466	-0.94568811034	-36.548472000000004	0.0752136773829	-0.186085166216	-0.915142967729	-0.298503066974	-0.146621237357	0.0
358	2008-01-29	11.548097	49.0	49.099998	45.860001	3298800	-0.658712568249	-1.01832153977	-37.451903	1.24217555091	-0.361278913547	-0.560122705481	-0.686461043922	-0.105690821471	0.0
359	2008-01-30	10.680119	46.0	46.369999	42.279999	8415600	1.62571864712	-1.03535537833	-35.319881	2.22264207012	-0.314712964389	-0.120988164563	-0.577541393942	0.127371228075	1.0
360	2008-01-31	11.388469	42.849998	46.630001	42.060001	5380000	-0.625747028032	-0.871787485759	-31.461529	2.85872896754	-0.311508999875	0.281707436768	1.39818718739	0.918457171452	1.0
361	2008-02-01	12.13922	46.34	48.849998	46.18	4386800	-0.418360280797	-0.890361844212	-34.20078	0.829240269143	-0.296837061093	0.424057859802	0.164970844199	-0.898511419968	1.0
362	2008-02-04	12.643046	49.400002	51.939999	48.689999	5222800	0.0234740734826	-0.919706659004	-36.756956	1.18286113578	-0.247654430968	0.698596453066	0.180691259427	0.119978874304	0.0
363	2008-02-05	11.844906	50.099998	50.130001	47.040001	3353600	-0.622427521344	-1.01467116308	-38.255092	1.05142153614	-0.278781032997	0.757575474301	-1.22713296047	-0.607997174261	0.0
364	2008-02-06	11.530638	46.950001	48.59	45.759998	3392000	-0.187469120417	-0.970035383016	-35.419363000000004	0.973033491786	-0.282102824252	0.757575474301	0.342106498487	0.968306466094	1.0
365	2008-02-07	11.687772	45.509998	47.779999	45.130001	2208000	-0.612022095001	-0.915395400088	-33.822226	0.864636826403	-0.282588057906	0.698596453066	0.251434028356	-0.236533239469	1.0
366	2008-02-08	11.814975	47.5	48.59	46.0	1102400	-0.790634764222	-0.954737675584	-35.685024999999996	0.724506221464	-0.302452379649	0.409573427692	-0.0480985544389	-0.194778996529	1.0
367	2008-02-11	11.969616	48.779999	48.810001	47.080002	1213200	-0.0825899616242	-0.971079148291	-36.810382999999995	-0.0740152511744	-0.314540249108	0.302945846597	0.115565899063	0.118452249963	1.0
368	2008-02-12	12.490901	48.52	51.950001	48.470001	4018400	2.52205875975	-0.912374574896	-36.029099	1.42765967822	-0.283267535175	0.394853272549	0.541137890698	0.191427801198	1.0
369	2008-02-13	12.563232	50.82	50.82	49.009998	2417600	-0.670093346133	-0.962166300677	-38.256768	-0.069864310824	-0.356769761424	0.155299302301	-0.29737947271	-0.461789754953	0.0
370	2008-02-14	12.346238	50.779999	52.59	49.0	3561600	0.356308728036	-0.982021466575	-38.433761	1.41878392389	-0.380860529425	-0.0352980424348	-0.21933778682	0.151698409939	1.0
371	2008-02-15	12.897453	50.0	51.990002	49.330002	3485600	-0.226083385836	-0.909887522437	-37.102547	0.652258353654	-0.342539597444	0.0276690343341	0.858635826233	0.526175769005	0.0
372	2008-02-19	12.685448	52.360001	52.740002	50.5	2002000	-0.702207296595	-0.98619974815	-39.674552999999996	0.239341387033	-0.339795351845	0.687380439033	-0.756640158632	-0.927709035713	1.0
373	2008-02-20	13.00221	50.25	52.419998	49.650002	2190800	-0.0898941195013	-0.905986148102	-37.24779	0.73121910005	-0.31149746428	0.645651772019	0.672236231219	0.875914421816	1.0
374	2008-02-21	13.176803	51.48	53.0	51.48	2038800	-0.282660684805	-0.919572492649	-38.303197	-0.335259175994	-0.317546141929	0.645651772019	-0.0921711820915	-0.519281709285	1.0
375	2008-02-22	13.269088	52.09	53.200001	52.040001	1872800	-0.296838942999	-0.925539878328	-38.82091200000001	-0.638135911572	-0.331121342375	0.645651772019	0.0369615719104	0.128486957267	1.0
376	2008-02-25	13.835269	53.25	55.5	53.25	2852400	0.415038996393	-0.900792623656	-39.414731	0.192122791317	-0.303384941118	0.31463584156	0.656516828949	0.294930954336	1.0
377	2008-02-26	14.311659	55.470001	57.77	54.91	5775600	1.00593243349	-0.909604537395	-41.158342000000005	0.583588632709	-0.240681135894	0.187743792593	0.153461178105	-0.334005056568	0.0
378	2008-02-27	13.630746	56.0	57.0	52.34	7473200	0.145190001157	-0.980686238255	-42.369254	1.94740785205	-0.2489243352	0.187743792593	-1.1019304791	-0.534026542743	1.0
379	2008-02-28	15.548777	57.0	63.0	56.52	11347600	0.409588992945	-0.837659384447	-41.451223	3.12485645981	0.0449250832242	-0.673268541262	3.00728920016	2.14130418218	0.0
380	2008-02-29	15.119776	61.299999	62.09	60.380001	5190800	-0.839907190662	-0.964884007003	-46.180223	-0.394794520323	0.0909703170359	-0.120988164563	-2.20657603424	-3.03444777739	0.0
381	2008-03-03	14.466299	59.18	59.549999	56.110001	4316800	-0.39924122492	-0.975625360719	-44.713701	0.884578079808	0.0606537772327	0.197027969315	-0.0503424789946	1.66452358515	0.0
382	2008-03-04	13.979932	58.389999	58.470001	56.009998	3945200	-0.302328983479	-1.00007549853	-44.410067000000005	0.215921999138	-0.0497178027086	0.431285818376	-0.194916409782	-0.204443775663	0.0
383	2008-03-05	13.737996	56.959999	57.189999	54.549999	3918800	-0.208834211377	-0.99149111105	-43.222003	0.392048360123	-0.118769647151	0.431285818376	-0.074484955243	0.00652501769432	0.0
384	2008-03-06	13.416245	55.419998	55.5	53.630001	3019200	-0.471296363838	-0.987127338616	-42.003753	-0.142976412826	-0.145163892126	0.339378392349	-0.328260138019	-0.153601851471	0.0
385	2008-03-07	12.929878	53.240002	53.310001	50.25	4946400	0.550761088673	-0.983344168312	-40.310123999999995	0.86012456871	-0.0990472130922	0.423319640878	-0.414159893058	-0.00611311292161	0.0
386	2008-03-10	12.46097	50.810001	51.18	49.950001	4222400	-0.373326047247	-0.97172752175	-38.349031	-0.549171820132	0.0630723748368	0.423319640878	-0.28081751543	0.0880935995878	1.0
387	2008-03-11	13.501048	50.060001	54.259998	50.0	3263600	-0.46836939581	-0.852693797028	-36.558953	1.9525440209	0.0645209995195	0.451066371749	1.53658478252	0.834574932273	1.0
388	2008-03-12	13.807833	54.130001	56.73	54.099998	4100800	0.101146119063	-0.923823200803	-40.322168	0.464076430644	0.0605192632103	0.296191868953	-0.556207396875	-1.27154599293	0.0
389	2008-03-13	13.600815	54.0	54.830002	51.75	4036000	-0.219562791394	-0.939496920884	-40.399185	0.824213960256	-0.141748294485	0.296191868953	-0.274921656277	0.389759904573	0.0
390	2008-03-14	13.13939	55.0	55.0	51.509998	3298800	-0.41605964833	-1.00263328191	-41.86061	1.12163967538	-0.281395666801	0.201490005779	-0.350155313189	0.00809356943523	0.0
391	2008-03-17	12.558243	51.25	51.5	48.759998	4662800	0.285987551043	-0.97273776411	-38.691757	0.686440279865	-0.307877955538	0.0650594755903	-0.413600065564	-0.0199093472235	0.0
392	2008-03-18	12.515843	50.5	51.139999	48.66	5606400	0.0373656497975	-0.959108608379	-37.984156999999996	0.497897933331	-0.309418545126	0.0650594755903	0.290456390736	0.333136602521	0.0
393	2008-03-19	12.306331	49.75	51.990002	49.009998	4305600	-0.474193959512	-0.96142122331	-37.443669	0.953518614021	-0.295406498467	0.0650594755903	-0.367842327892	-0.422144052905	1.0
394	2008-03-20	12.408592	51.889999	51.889999	49.259998	3720000	-0.36112535205	-1.00149103261	-39.481407000000004	0.579274837232	-0.287193582477	-0.157728054939	0.27108370326	0.372743490262	1.0
395	2008-03-24	13.134402	50.400002	53.18	50.049999	4461200	0.0336909361967	-0.896966425351	-37.2656	1.01890924937	-0.284481327605	0.0209150567647	0.759824585351	0.155251243799	1.0
396	2008-03-25	13.715548	53.150002	55.25	53.0	3536800	-0.444974298961	-0.909378717399	-39.434454	0.197917293334	-0.270672803479	-0.0380639644698	0.1596362757	-0.378281616814	1.0
397	2008-03-26	13.718042	54.849998	55.790001	53.759998	3594000	-0.181907725651	-0.948093785177	-41.131956	-0.0147008994147	-0.255273552545	-0.0907729226352	-0.302432551751	-0.140507586505	0.0
398	2008-03-27	13.446175	54.619999	54.990002	53.330002	2863200	-0.440416861641	-0.967198236905	-41.173823999999996	-0.289028711353	-0.282135043836	-0.0380639644698	-0.218777509123	0.140257528497	1.0
399	2008-03-28	13.92506	53.93	56.470001	53.93	2730400	-0.255575345599	-0.908635727778	-40.00494	0.396822703458	-0.252068204421	0.0209150567647	0.796598633696	0.484009107489	0.0
400	2008-03-31	13.224193	55.349998	55.349998	52.610001	2682000	-0.221829242894	-1.00252868855	-42.125805	0.52952368183	-0.251037085529	-0.0068316741064	-1.31724627841	-1.15656239889	1.0
401	2008-04-01	13.957484	53.75	56.5	53.459999	3624400	0.21285029864	-0.901489455028	-39.792516	0.789377986201	-0.233673335983	-0.0380639644698	1.55679439747	1.63197782141	1.0
402	2008-04-02	13.974943	56.93	57.5	55.130001	3108800	-0.368484650128	-0.970610268363	-42.955057	0.186108677216	-0.245931316106	-0.132765827644	-0.724920427387	-1.4373684312	0.0
403	2008-04-03	13.935036	56.349998	56.349998	54.509998	3020400	-0.234440834775	-0.961757569637	-42.414962	-0.194858958078	-0.320493137357	-0.157728054939	0.0908603313486	0.630834392947	0.0
404	2008-04-04	13.887647	55.650002	57.099998	54.740002	2080000	-0.56761611147	-0.950759904942	-41.762355	0.213100332052	-0.413549276931	-0.233123345669	-0.0343415872665	-0.10259364175	1.0
405	2008-04-07	14.331612	56.25	57.970001	55.880001	3207600	0.437471351183	-0.925294859756	-41.918388	-0.0144149693518	-0.416548635341	0.0421534665193	0.566964914212	0.278368289878	0.0
406	2008-04-08	14.152031	56.689999	57.459999	55.139999	2525600	-0.451346833039	-0.950343476822	-42.537968	0.150561508426	-0.410680108178	0.0421534665193	-0.593821524112	-0.639550341574	1.0
407	2008-04-09	14.191938	56.25	57.400002	56.169998	2710800	-0.114597306012	-0.937383235785	-42.058062	-0.653218130316	-0.405851983167	-0.360542134812	0.27978601568	0.567600885163	0.0
408	2008-04-10	13.675641	56.450001	56.540001	54.5	3536000	0.157538670688	-0.986260649859	-42.77436	-0.0417789027629	-0.416705650228	-0.360542134812	-0.722112961163	-0.559674503958	0.0
409	2008-04-11	13.214216	54.52	54.759998	52.720001	2195600	-0.647370355418	-0.985712458209	-41.305784	0.0122185123144	-0.386205436287	-0.560122705481	-0.166562846747	0.384761088728	0.0
410	2008-04-14	13.049599	52.639999	53.009998	51.349998	1564800	-0.539296310966	-0.958795841185	-39.5904	-0.242638385326	-0.369630641145	0.692078198379	0.0324692207685	0.0396476474938	0.0
411	2008-04-15	13.014681	52.5	52.990002	51.82	1377600	-0.341838870877	-0.958815487395	-39.485319000000004	-0.632325235843	-0.331272032019	0.952160874571	-0.0284458406648	-0.0821074535484	1.0
412	2008-04-16	13.535966	52.130001	54.470001	52.130001	2706400	0.934984436093	-0.901568477729	-38.594035	0.302297444967	-0.33331023741	0.885205742267	0.624793833732	0.303231221788	0.0
413	2008-04-17	13.423727	54.540001	55.099998	53.369999	1402400	-0.768372640251	-0.967444091882	-41.116274	-0.232944431337	-0.333728653048	0.916438032631	-0.568557929717	-0.656856240409	1.0
414	2008-04-18	13.476105	55.419998	55.529999	53.75	2028800	0.325061180681	-0.981869041477	-41.943893	-0.212899462262	-0.336746118877	0.916438032631	0.259574937572	0.553229424148	0.0
415	2008-04-21	13.458646	54.049999	54.549999	53.25	2496000	0.0702413535712	-0.953436312773	-40.591353	-0.558814480075	-0.375587623539	0.609928930079	-0.0991889472466	-0.248717901735	1.0
416	2008-04-22	13.718042	53.119999	57.25	53.060001	4346000	0.671907802571	-0.908440586765	-39.401956999999996	1.72471163044	-0.401015105771	0.451066371749	0.33565069929	0.229592383052	1.0
417	2008-04-23	14.588514	55.66	58.549999	54.52	3928000	-0.314221079644	-0.889677164643	-41.07148599999999	1.44494489042	-0.353504319445	0.811742288848	0.858356362689	0.185399925992	1.0
418	2008-04-24	14.695764	58.5	59.5	56.630001	3416000	-0.354456659157	-0.942696853318	-43.804236	0.490260551836	-0.268910855469	0.698596453066	-0.505676043705	-0.736114195315	1.0
419	2008-04-25	15.117282	59.0	61.080002	58.34	2612800	-0.477854415745	-0.918280139454	-43.882718	0.372412285906	-0.153436815548	-0.0150702873557	0.622268757371	0.722977770649	1.0
420	2008-04-28	15.271922	60.560001	62.419998	60.540001	3125200	0.0299979733369	-0.937980843568	-45.288078999999996	-0.267808711788	-0.0814670526103	0.462282385782	-0.127541947527	-0.470794806772	1.0
421	2008-04-29	15.30684	61.0	61.450001	59.25	2188800	-0.553813206184	-0.944049443297	-45.69316	-0.0554319192329	-0.0765284641155	0.399315309013	0.00523868924423	0.137944252069	1.0
422	2008-04-30	15.47894	61.07	62.720001	61.0	2661200	0.0532149443109	-0.931730506763	-45.59106	-0.389909874713	-0.0372298702659	-0.146512040905	0.209326987223	0.0981319333135	1.0
423	2008-05-01	16.224703	62.700001	65.889999	62.52	4411600	0.573647169987	-0.905904647887	-46.475297999999995	0.6737019486	0.0492692282183	-0.436954473978	0.784526101238	0.233266909038	1.0
424	2008-05-02	16.903121	66.440002	67.970001	66.029999	5704400	0.144152998926	-0.927107832925	-49.53688100000001	-0.347428167344	0.179885043338	-0.990274020465	0.280065479224	-0.337185677115	1.0
425	2008-05-05	17.476785	67.669998	70.889999	67.099998	6253600	-0.0875731208325	-0.908349946289	-50.19321300000001	0.768996137204	0.282362523386	-1.14913657879	0.332564444826	0.081529427889	0.0
426	2008-05-06	16.666174	69.75	69.75	66.540001	5082800	-0.421434545054	-1.00242120668	-53.083826	0.381736785935	0.111206810777	-0.727252392098	-1.31387729643	-0.755733883908	0.0
427	2008-05-07	15.992743	64.529999	65.339996	62.900002	6902400	0.220637062472	-0.959129246287	-48.537256	0.0219058420561	0.00728554062772	-0.194160600765	-0.0770122826192	0.839612645221	1.0
428	2008-05-08	16.474122	64.019997	66.050003	63.650002	3128800	-0.844787776958	-0.912912212584	-47.545875	-0.00365017608074	-0.0921266220507	0.187743792593	0.933029516802	0.339743463335	0.0
429	2008-05-09	16.192277	65.25	66.0	63.889999	2339600	-0.498002301239	-0.95755549949	-49.057722999999996	-0.209116931739	-0.162705520582	0.409573427692	-0.890830156054	-1.06768261891	0.0
430	2008-05-12	15.648545	64.82	64.919998	62.25	3369200	0.317303214675	-0.99037798389	-49.171454999999995	0.173260134626	-0.200906534882	0.621144944112	-0.3538019579	0.488100158686	0.0
431	2008-05-13	15.548777	62.5	63.990002	61.799999	3400000	-0.190188027086	-0.954522905831	-46.951223	-0.0959985023299	-0.227499041749	0.698596453066	0.23037758147	0.265562913312	1.0
432	2008-05-14	15.795702	63.290001	63.889999	61.639999	5424000	0.500097569826	-0.950647039912	-47.494299	-0.0754548980862	-0.254612924387	0.790503879093	0.250873187906	-0.096892376357	0.0
433	2008-05-15	14.336601	56.650002	60.790001	55.970001	25538000	4.16618480904	-0.933624220477	-42.313401	1.99870600063	-0.0226744013249	0.790503879093	-2.03449357155	-1.10324255209	0.0
434	2008-05-16	14.314153	57.549999	57.950001	57.25	7087200	-1.05179102664	-0.954790268577	-43.235846	-1.05914555363	0.104020717925	0.885205742267	1.16630954335	1.85612037951	0.0
435	2008-05-19	14.266764	57.349998	58.16	57.049999	5887200	-0.400353543094	-0.95459024484	-43.083234	-0.756377676602	0.023332697404	0.885205742267	-0.38047266193	-1.13421708153	0.0
436	2008-05-20	14.21688	57.0	58.0	56.759998	6540400	-0.070289831555	-0.951414438755	-42.78312	-0.655826756957	0.0100785683684	0.885205742267	-0.0405189358766	0.274114281514	0.0
437	2008-05-21	14.21688	57.189999	58.0	56.59	4052400	-0.648939545838	-0.955448435889	-42.973119	-0.533092847794	0.0303068133115	0.885205742267	0.0175918107536	0.025606124652	0.0
438	2008-05-22	13.835269	56.759998	57.0	55.200001	4331600	-0.119816281617	-0.979010750274	-42.924729	-0.230699065397	-0.0352750713746	0.885205742267	-0.494727893367	-0.24987453167	1.0
439	2008-05-23	13.999886	55.41	56.34	55.32	2794400	-0.618880535833	-0.935636514152	-41.41011399999999	-0.798642507068	-0.143478281345	0.916438032631	0.493417492827	0.540343769527	1.0
440	2008-05-27	14.49124	56.5	58.099998	56.02	4490000	0.513629867043	-0.917028967756	-42.00876	-0.0308058563296	-0.222495805308	0.885205742267	0.38168711265	-0.187841054972	1.0
441	2008-05-28	14.860381	58.0	60.0	57.740002	5662800	0.106652997325	-0.918336870055	-43.139618999999996	0.0595655647934	-0.29042301571	0.793298316241	0.0959155488546	-0.155457056146	0.0
442	2008-05-29	14.608467	59.880001	59.939999	57.939999	2205600	-0.91992490785	-0.977978543298	-45.271534	-0.159596710884	-0.422087782475	0.824530606604	-0.503151642649	-0.231786965007	0.0
443	2008-05-30	14.561078	58.439999	59.200001	57.630001	2934400	0.188180846639	-0.952661082746	-43.878921	-0.440529233147	-0.418391086509	0.645651772019	0.211853414193	0.44576575445	0.0
444	2008-06-02	14.266764	58.02	58.18	56.209999	3635600	0.0804571000671	-0.96857533794	-43.753236	-0.138419295809	-0.418110109552	0.550949908844	-0.394790694655	-0.371549172507	0.0
445	2008-06-03	13.892635	57.0	57.650002	55.299999	5645200	0.450002421426	-0.979107651956	-43.107365	0.171583907069	-0.406387640291	0.550949908844	-0.253026256006	0.129849713695	0.0
446	2008-06-04	13.72303	55.66	56.189999	54.779999	2518800	-0.853157655699	-0.965376272058	-41.936969999999995	-0.502809807178	-0.386525931755	0.550949908844	0.00748587777203	0.118327544097	0.0
447	2008-06-05	13.71056	55.0	55.990002	54.849998	2504800	-0.207499370096	-0.952076710217	-41.28944	-0.698952288048	-0.369130962881	0.431285818376	0.0229263792526	-0.0387831519987	0.0
448	2008-06-06	13.338925	54.509998	54.639999	52.860001	6170400	1.52246267485	-0.974358225135	-41.17107300000001	-0.191935034989	-0.330375820497	0.698596453066	-0.499501846517	-0.259540271226	0.0
449	2008-06-09	13.092001	53.470001	54.0	51.849998	3097600	-0.787414781471	-0.973669043303	-40.378	0.126997603825	-0.263020200692	0.790503879093	-0.0267609557473	0.30294562863	0.0
450	2008-06-10	12.46	51.57	51.580002	48.950001	12213600	3.26479589891	-0.989414260414	-39.11	0.588295905827	-0.133170212827	0.537203695583	-0.682611582737	-0.358978470159	1.0
451	2008-06-11	12.4825	49.619999	50.639999	49.619999	7697200	-0.636432415537	-0.940982080819	-37.137499	-0.707729202147	-0.113728341035	0.600170772427	0.459156477911	0.618676076058	1.0
452	2008-06-12	12.5	50.0	51.09	49.77	3242000	-0.882589908951	-0.948585715964	-37.5	-0.460851916466	-0.126734954902	0.692078198379	-0.149367341224	-0.441693961851	1.0
453	2008-06-13	12.54	50.0	50.380001	49.549999	2446800	-0.489809837638	-0.944691097629	-37.46	-0.87350027445	-0.194090761516	0.692078198379	0.0297574226924	0.134905360045	0.0
454	2008-06-16	12.4425	50.0	50.060001	49.5	2734400	-0.0625306099345	-0.95418422982	-37.5575	-1.09975325626	-0.253998123805	0.537203695583	-0.15932785862	-0.0934352204281	0.0
455	2008-06-17	12.4075	50.290001	51.189999	49.540001	3968000	0.33033490319	-0.964558399055	-37.882501	-0.187619566523	-0.29499291668	0.698596453066	0.0314456841326	0.117567899747	0.0
456	2008-06-18	12.05	49.400002	50.450001	47.880001	4069600	-0.170800048586	-0.978150174478	-37.350002	0.627629091481	-0.317503335529	0.155299302301	-0.44802056491	-0.247309773634	1.0
457	2008-06-19	12.06	47.799999	48.27	47.25	5070400	0.0886564246577	-0.937382551752	-35.739999	-0.675378596544	-0.376172932842	0.0276690343341	0.275118085348	0.405777380354	0.0
458	2008-06-20	11.84	47.860001	48.080002	47.220001	4446000	-0.345977388468	-0.961300620251	-36.02000099999999	-0.813886482829	-0.40168086572	0.103064325065	-0.37176742319	-0.399114451225	0.0
459	2008-06-23	11.6075	47.0	47.580002	46.299999	2331200	-0.761121402666	-0.963345905132	-35.3925	-0.422982860429	-0.408942620191	0.790503879093	-0.123311614561	0.18902000597	1.0
460	2008-06-24	12.045	45.970001	49.07	45.799999	7557200	2.43907149043	-0.890075393754	-33.925001	1.39221030363	-0.410846213474	0.550949908844	0.664262347335	0.353285334762	0.0
461	2008-06-25	12.01	48.09	48.860001	47.810001	4379600	-0.69612622008	-0.949851122732	-36.080000000000005	-0.652711499712	-0.415426112263	0.145276906579	-0.451397087791	-0.653502164286	0.0
462	2008-06-26	11.5975	47.0	47.0	45.360001	6207600	0.290587502123	-0.964381707881	-35.4025	-0.0997782412241	-0.408612157335	0.550949908844	-0.395684460261	0.169107802556	1.0
463	2008-06-27	11.77	45.509998	47.189999	45.509998	3880000	-0.642527046	-0.906599347283	-33.739998	-0.0292145628219	-0.422379099309	0.609928930079	0.519634617284	0.465348400549	0.0
464	2008-06-30	11.445	46.009998	47.0	45.369999	7245200	0.820449815701	-0.954669681859	-34.564998	-0.0796663902242	-0.423798507589	0.609928930079	-0.642170630544	-0.686620174123	0.0
465	2008-07-01	11.01	45.779999	45.779999	43.560001	8527600	0.00749120572459	-0.994843853771	-34.769999	0.484027507378	-0.404216700011	0.0613356581254	-0.254714629997	0.322733970688	0.0
466	2008-07-02	10.5125	43.82	43.82	41.77	10890000	0.125291991897	-0.997746162484	-33.307500000000005	0.412485245134	-0.324863553287	0.645651772019	-0.357417200948	-0.0650779245051	0.0
467	2008-07-03	10.435	42.049999	42.759998	41.450001	3677600	-0.980909768973	-0.957558128404	-31.614998999999997	-0.258984967877	-0.268062110951	0.926934409282	0.187047113546	0.258402236579	1.0
468	2008-07-07	10.6725	42.349998	43.619999	41.18	6646000	0.749598836681	-0.938814626194	-31.677498	0.848219145958	-0.250452199009	1.04008024506	0.232067418621	-0.0654505021157	0.0
469	2008-07-08	10.61	41.77	43.0	41.189999	7442000	-0.0599044237027	-0.929063673496	-31.160000000000004	0.245529844613	-0.230163010074	1.09025900408	-0.29298188931	-0.274880516823	0.0
470	2008-07-09	10.515	42.439999	44.040001	42.0	5707600	-0.47541292966	-0.959483093935	-31.924999	0.454160595141	-0.260028214052	1.04008024506	-0.0259552048373	0.207276308893	0.0
471	2008-07-10	10.275	42.529999	42.529999	40.139999	4430000	-0.464562325262	-0.989507568592	-32.254999	0.80840174302	-0.299878284599	0.811742288848	-0.247398830422	-0.120550590982	0.0
472	2008-07-11	10.24	41.0	41.790001	40.5	5334800	0.0395750681084	-0.949773099603	-30.759999999999998	-0.247617406575	-0.318490550316	0.47349839989	0.113326363987	0.194360285056	1.0
473	2008-07-14	10.4375	41.34	42.23	40.830002	4008800	-0.493667784686	-0.936515131199	-30.902500000000003	-0.14966285324	-0.393776944792	0.31463584156	0.207024873923	-0.007245599827	0.0
474	2008-07-15	10.4075	40.810001	42.16	40.040001	7880000	0.936279196929	-0.924131055175	-30.402501	0.604992776425	-0.444197850809	0.948172819036	-0.211663963269	-0.225576079678	1.0
475	2008-07-16	10.685	41.259998	43.130001	41.099998	13256400	0.60254197969	-0.904929305364	-30.574998	0.483422893021	-0.459529887639	0.853470955862	0.400612185743	0.348483223336	0.0
476	2008-07-17	10.5425	43.389999	44.029999	41.099998	6488800	-0.802165232079	-0.982806090643	-32.847499	1.28508147561	-0.459341051721	0.578932362598	-0.412848451571	-0.458147303759	0.0
477	2008-07-18	10.2425	42.169998	43.060001	40.66	5483600	-0.383387939727	-0.983218855891	-31.927498	0.836254809877	-0.455896093629	-0.233123345669	-0.207724686575	0.201025284536	1.0
478	2008-07-21	10.415	41.639999	42.650002	41.200001	6935200	0.110791203885	-0.948001119848	-31.224999000000004	-0.106736914772	-0.459133466137	-0.874898936395	0.406802477691	0.285848787231	1.0
479	2008-07-22	10.5325	41.93	42.919998	41.700001	5178000	-0.499341074099	-0.942780477568	-31.3975	-0.348618558297	-0.460567104074	-0.673268541262	-0.0690058715647	-0.326751599731	1.0
480	2008-07-23	10.71	42.02	43.09	41.540001	6100000	0.00874079534743	-0.924835217432	-31.310000000000002	-0.0257768224174	-0.45603604649	-0.345047047951	0.154970146181	0.151638052367	0.0
481	2008-07-24	10.48	43.790001	43.889999	41.75	6219600	-0.177863956596	-1.00055919746	-33.310001	0.501961162483	-0.458273618191	-0.637100233505	-0.409190551784	-0.280138000885	1.0
482	2008-07-25	10.535	41.810001	42.389999	41.5	2263200	-0.950081571877	-0.93897961003	-31.275001	-0.677334465661	-0.462086161804	-1.00874650818	0.278213231322	0.405363405231	1.0
483	2008-07-28	10.5525	42.389999	44.0	42.16	5260000	1.35843011655	-0.953753705335	-31.837499	0.256018662635	-0.462232476159	-1.22382216564	-0.0844816014341	-0.256582816388	1.0
484	2008-07-29	10.8525	42.299999	43.68	41.009998	4475200	-0.37666169052	-0.91664843502	-31.447499	1.06981407739	-0.456421753897	-1.11067632986	0.358968403549	0.236585747599	1.0
485	2008-07-30	11.635	43.799999	47.48	43.700001	8343600	0.817021315936	-0.87244945472	-32.164999	2.01383844462	-0.385459291793	-0.560122705481	0.725321136093	0.113593738566	0.0
486	2008-07-31	11.2725	45.5	46.5	44.540001	4678400	-0.718277460532	-0.959552704407	-34.2275	0.243876123482	-0.363828539172	-0.23190121217	-1.00880473999	-0.88396211524	1.0
487	2008-08-01	11.465	44.990002	46.099998	44.990002	2461200	-0.759071329483	-0.925050555293	-33.525002	-0.537529863071	-0.352388271662	-0.23190121217	0.689023515126	1.0540210254	0.0
488	2008-08-04	11.395	45.75	45.849998	44.889999	1627600	-0.599821546877	-0.953108155287	-34.355000000000004	-0.688018479195	-0.35094454741	-0.345047047951	-0.330967771717	-0.673331572676	1.0
489	2008-08-05	11.7275	45.580002	47.200001	45.0	5813600	2.82784034796	-0.913072371508	-33.852502	0.447121200419	-0.330579229811	-0.23190121217	0.499094103094	0.481990200492	0.0
490	2008-08-06	11.655	46.369999	46.73	45.509998	3861600	-0.596368477366	-0.942023967397	-34.714999	-0.465822811161	-0.321371972142	-0.345047047951	-0.378520468952	-0.509314628958	0.0
491	2008-08-07	11.2625	46.009998	46.099998	44.860001	7100000	0.786647021183	-0.973979828486	-34.74749800000001	-0.43294259046	-0.355417974884	-0.00784232878196	-0.365014377429	0.115705011693	1.0
492	2008-08-08	11.3125	45.380001	46.900002	44.900002	4509600	-0.630615466975	-0.952072275758	-34.067501	0.283534665802	-0.391901685267	0.0423364302306	0.343774050587	0.362682570054	0.0
493	2008-08-11	11.08	44.549999	45.169998	43.860001	5686800	0.106465085258	-0.954869093787	-33.469999	-0.333174439631	-0.428858406187	0.394853272549	-0.42663592	-0.47131171267	1.0
494	2008-08-12	11.4475	44.639999	46.560001	43.799999	5708000	-0.196563505244	-0.917232003766	-33.192499000000005	1.01597540504	-0.448421338544	0.394853272549	0.638375671918	0.587222676749	0.0
495	2008-08-13	10.8	45.049999	45.119999	43.150002	8502800	0.375659999216	-0.998565184505	-34.249999	0.283269958893	-0.429857830328	0.155299302301	-1.15455797767	-0.977686083079	1.0
496	2008-08-14	13.375	45.849998	53.529999	45.450001	26542800	2.2976234789	-0.745519744379	-32.474998	5.60173797101	-0.182947543541	-3.4438816416	3.76981926675	2.54822283423	0.0
497	2008-08-15	13.32	52.509998	54.869999	52.119999	7094000	-1.06386129434	-0.93073873431	-39.189998	0.625086977286	0.00281828405761	-2.81305475868	-2.2536161753	-3.5235916918	0.0
498	2008-08-18	12.7	52.099998	52.849998	50.490002	4660000	-0.605015336742	-0.978953975564	-39.399998	0.343559591645	0.0455941394784	-1.85060789546	-0.155669958833	1.74006059918	0.0
499	2008-08-19	12.0825	50.43	50.52	48.02	6702000	0.315091811554	-0.999266724933	-38.3475	0.531380789234	0.046509357531	-1.46337613596	-0.299453558165	-0.159671240102	1.0
500	2008-08-20	12.25	49.060001	49.5	48.189999	4574800	-0.574738926079	-0.950074205759	-36.810001	-0.447873800983	0.0480433145487	-0.876654203754	0.543270277448	0.350470303926	0.0
501	2008-08-21	11.985	48.279999	48.369999	47.310001	3566400	-0.460538325964	-0.957156593959	-36.294999	-0.646503881823	0.0117214037354	-0.5846010182	-0.610093663178	-0.69233303082	1.0
502	2008-08-22	12.0	47.98	48.580002	47.799999	2088000	-0.689133862194	-0.948078392817	-35.98	-0.88754639245	-0.0263397896749	-0.360542134812	0.254014817344	0.548598797777	1.0
503	2008-08-25	12.17	48.0	49.139999	47.360001	4750800	1.30089523485	-0.931343916044	-35.83	-0.0159027077319	-0.104219873943	0.0421534665193	0.127957963136	-0.146755216266	0.0
504	2008-08-26	11.9375	48.880001	48.98	47.23	2628800	-0.726967157022	-0.976721728412	-36.942501	-0.0583955881199	-0.139984861095	0.184503889553	-0.429449689067	-0.269705827786	1.0
505	2008-08-27	11.99	47.630001	48.759998	47.630001	2175200	-0.404158402342	-0.940153398301	-35.640001	-0.57476935324	-0.287643165194	0.268445138082	0.275399462255	0.419852534535	1.0
506	2008-08-28	12.2825	48.790001	49.91	48.099998	3014800	0.25360650957	-0.940104429378	-36.507501	-0.0130570389878	-0.361147839213	0.518021504052	0.257391340225	-0.0948427358462	1.0
507	2008-08-29	12.57	49.150002	51.549999	49.150002	4323200	0.310139629244	-0.920604340391	-36.580002	0.473190538091	-0.432538865102	0.518021504052	0.126269701696	-0.0862734508008	1.0
508	2008-09-02	12.75	52.459999	52.630001	50.66	3165200	-0.516397116685	-0.982457588478	-39.709999	0.0170783495402	-0.429018280568	0.676884062382	0.0511420676027	-0.0159390774092	0.0
509	2008-09-03	12.0925	51.349998	51.990002	47.790001	2801600	-0.336236005699	-1.01921592106	-39.257498	1.90940719431	-0.429171960863	0.609928930079	-0.902162892349	-0.425940039193	0.0
510	2008-09-04	11.205	48.099998	48.369999	44.75	4934000	0.695402728374	-1.03157909486	-36.894998	1.63804025355	-0.369971900591	0.501245130761	-0.551285889675	0.318470026921	1.0
511	2008-09-05	11.295	44.09	45.630001	44.009998	3581200	-0.523842279761	-0.918497161409	-32.795	-0.033408963241	-0.330813558779	0.47349839989	0.651600386533	0.543299916203	1.0
512	2008-09-08	11.3325	46.82	48.0	44.200001	5114400	0.303229555592	-0.987317703623	-35.4875	1.86438628154	-0.301346492231	0.261926883395	-0.235299623433	-0.622826607674	0.0
513	2008-09-09	10.535	45.759998	46.27	42.080002	2824000	-0.728347313817	-1.0448659771	-35.224998	2.34199033272	-0.185675954702	0.261926883395	-1.00767923237	-0.276495019803	1.0
514	2008-09-10	10.8925	42.290001	43.639999	41.630001	4111200	0.33583025198	-0.91174849487	-31.397501	0.415834865888	-0.139246593011	0.261926883395	1.06831958538	1.12977847291	0.0
515	2008-09-11	10.435	42.200001	42.549999	40.52	9129200	1.23645493313	-0.961852365003	-31.765000999999998	0.456483408537	-0.055059422566	0.31463584156	-1.03863069211	-1.27487882385	1.0
516	2008-09-12	10.5	41.509998	43.209999	41.27	6410000	-0.551727108434	-0.934218915304	-31.009998000000003	0.389869854492	-0.0410642620054	0.501245130761	0.510349179362	0.971888361007	0.0
517	2008-09-15	9.75	40.09	41.93	39.0	7234400	-0.0494936520565	-0.981676371248	-30.340000000000003	1.51962389071	-0.0184983698123	0.31463584156	-1.09378056582	-0.915134441999	0.0
518	2008-09-16	9.265	38.259998	38.400002	36.349998	12843200	0.712077521785	-0.986758207281	-28.994998000000002	0.696644744771	-0.0665718428066	0.501245130761	-0.00597744446049	0.707441052458	0.0
519	2008-09-17	8.75	36.889999	36.900002	34.259998	11371600	-0.335891868995	-1.01094022394	-28.139999000000003	1.46998930525	-0.00306174500402	0.31463584156	-0.435358604108	-0.3152016938	1.0
520	2008-09-18	12.625	35.119999	50.5	35.119999	22700000	0.972227771875	-0.415598497221	-22.494999	15.3652373255	0.272311915293	0.451066371749	5.08300529039	2.60928416487	0.0
521	2008-09-19	11.2625	49.540001	50.5	44.0	14162800	-0.643855887479	-1.05889329485	-38.277501	4.04938464517	0.269080653167	0.451066371749	-4.86676350797	-5.51270076012	0.0
522	2008-09-22	10.605	45.0	45.029999	42.009998	3172400	-1.11481985091	-1.01836429446	-34.394999999999996	1.28426615587	0.223251406331	0.451066371749	1.12065569003	4.15680596953	0.0
523	2008-09-23	10.15	41.599998	42.380001	39.75	3325200	-0.144231451663	-0.977842106686	-31.449998	1.10075131935	0.228420454769	0.609928930079	-0.363044739082	-1.23372969663	1.0
524	2008-09-24	10.205	41.220001	41.880001	40.360001	1613600	-0.80713526767	-0.960396208373	-31.015001000000005	-0.0172280556434	0.21372310249	0.687380439033	0.267520908867	0.309817946851	1.0
525	2008-09-25	10.5375	41.169998	42.34	40.650002	3928400	1.48845912267	-0.919614879016	-30.632498	0.147138160916	0.215457906931	0.687380439033	0.254858948065	-0.0895852517845	0.0
526	2008-09-26	9.9825	40.91	41.650002	39.240002	2661600	-0.580714892889	-0.977740613668	-30.927499999999995	0.918490140256	0.222241309948	0.609928930079	-0.947745951237	-0.577868909321	0.0
527	2008-09-29	8.825	39.130001	39.130001	34.5	8992800	2.60035806435	-1.06771100136	-30.305001	3.50496952097	0.343583453916	0.394853272549	-0.931988844461	0.200859694487	1.0
528	2008-09-30	9.6525	37.860001	38.990002	36.5	13511200	0.390754961676	-0.924475839285	-28.207500999999997	1.18413970723	0.303032907581	0.62911112161	1.80046229665	1.32782417173	1.0
529	2008-10-01	9.835	38.5	39.389999	38.130001	3570000	-1.06744280014	-0.922031500044	-28.665	-0.200699730365	0.154635163544	0.790503879093	-0.697601881167	-1.60129820831	0.0
530	2008-10-02	9.05	39.5	39.549999	36.0	4494400	0.103983136828	-1.05026483389	-30.45	2.27317555182	-0.155737928362	1.04008024506	-0.940430151662	0.163808920982	1.0
531	2008-10-03	9.25	36.799999	38.0	36.400002	6458400	0.313667822702	-0.941971181464	-27.549999	0.255498809978	-0.249095150108	1.19894280339	0.896116918469	0.997927396242	0.0
532	2008-10-06	9.1775	34.669998	37.040001	32.799999	8504800	0.1721965733	-0.876972743196	-25.492497999999998	3.51285443005	-0.278417325267	1.27639431235	-0.435077227201	-0.888888419203	0.0
533	2008-10-07	9.15	36.75	38.099998	35.91	3416800	-0.905486498213	-0.953553341391	-27.6	0.937294633472	-0.282903852395	1.27639431235	0.0570509826437	0.358749806385	1.0
534	2008-10-08	9.875	34.5	40.880001	33.5	8596400	1.58427911752	-0.772199016013	-24.625	7.17279247407	-0.304559716175	1.18448688632	0.891896264868	0.360985272049	0.0
535	2008-10-09	8.7875	39.610001	39.610001	35.0	4527200	-0.758409761781	-1.08562498343	-30.822500999999995	3.43683007747	-0.355300998733	1.10703537737	-1.93481613999	-1.46609393315	0.0
