#index	date	close	open	high	low	volume	percent_change	dollar_change	spread
0	2013-08-14	25.15	25.25	25.639999	24.620001	12008000	-0.003960396039604017	-0.10000000000000142	0.04047611111111116	
1	2013-08-15	25.50	24.93	25.719999	24.90	1717700	0.02286401925391096	0.5700000000000003	0.03252028554431897	
2	2013-08-16	25.700001	25.84	26.07	25.549999	815500	-0.005417917956656329	-0.13999899999999954	0.020178540547564232	
3	2013-08-19	25.25	25.700001	25.74	24.67	837500	-0.017509765855651147	-0.4500010000000003	0.04200196188416156	
4	2013-08-20	25.25	25.200001	25.290001	25.059999	414800	0.001984087222853669	0.04999899999999968	0.009118017658711203	
5	2013-08-21	25.10	25.129999	25.469999	25.09	593600	-0.00119375253457034	-0.02999900000000011	0.015130360643646498	
6	2013-08-22	25.15	25.10	25.32	25.10	229900	0.001992031872509847	0.04999999999999716	0.008756218905472592	
7	2013-08-23	25.450001	25.10	25.49	25.10	213900	0.013944262948207126	0.3500009999999989	0.01543026675706681	
8	2013-08-26	25.969999	25.49	26.209999	25.309999	524100	0.0188308748528836	0.47999900000000295	0.034978624853840304	
9	2013-08-27	26.07	25.40	26.17	25.33	331800	0.02637795275590558	0.6700000000000017	0.0326403730328348	
10	2013-08-28	26.08	26.01	26.200001	25.83	244800	0.0026912725874662334	0.06999999999999673	0.014206220003839585	
11	2013-08-29	26.379999	26.07	26.389999	26.059999	529700	0.011891024165707758	0.30999900000000125	0.012583413013983023	
12	2013-08-30	26.24	26.48	26.620001	26.10	939500	-0.009063444108761405	-0.240000000000002	0.019726896813353455	
13	2013-09-03	26.700001	25.67	26.74	25.629999	444800	0.040124698091156936	1.0300009999999986	0.0423907190683459	
14	2013-09-04	27.389999	26.950001	27.50	26.870001	783200	0.016326455794936676	0.4399979999999992	0.023187302171512752	
15	2013-09-05	27.00	27.34	27.370001	26.83	812900	-0.01243599122165325	-0.33999999999999986	0.019874898785425105	
16	2013-09-06	26.91	27.51	27.51	26.73	375800	-0.021810250817884454	-0.6000000000000014	0.02866593164277843	
17	2013-09-09	26.799999	26.870001	27.190001	26.719999	405200	-0.0026052101747223153	-0.07000199999999879	0.017514514626420622	
18	2013-09-10	27.139999	26.700001	27.190001	26.65	300900	0.016479325225493408	0.4399979999999992	0.020059472511144136	
19	2013-09-11	28.280001	26.959999	28.370001	26.92	658800	0.04896150033239982	1.3200019999999988	0.052498225923243914	
20	2013-09-12	28.49	28.33	28.700001	27.92	264700	0.005647723261560189	0.16000000000000014	0.027455156634987633	
21	2013-09-13	28.51	28.77	28.879999	28.48	297200	-0.009037191518943275	-0.259999999999998	0.013966445530726295	
22	2013-09-16	27.450001	28.219999	28.440001	27.139999	566500	-0.027285543135561453	-0.7699980000000011	0.04670386204418894	
23	2013-09-17	27.99	27.65	27.99	27.51	852300	0.012296564195298367	0.33999999999999986	0.017253774263119945	
24	2013-09-18	28.120001	28.00	28.299999	27.940001	458600	0.004285749999999945	0.12000099999999847	0.012829579243949084	
25	2013-09-19	27.92	28.219999	28.25	27.82	258400	-0.010630723268275086	-0.2999989999999997	0.015318846015654532	
26	2013-09-20	26.84	27.799999	27.940001	26.74	943500	-0.03453233937166688	-0.9599989999999998	0.043923902707245666	
27	2013-09-23	26.84	27.280001	27.35	26.24	1351500	-0.016129068323714458	-0.44000099999999875	0.04101995489615763	
28	2013-09-24	26.84	26.99	26.99	26.49	628900	-0.0055576139310855345	-0.14999999999999858	0.01857700167193015	
29	2013-09-25	26.48	26.969999	26.98	26.16	647000	-0.0181682987826585	-0.48999900000000096	0.03068288177142904	
30	2013-09-26	26.459999	26.48	26.73	26.35	655500	-0.00075532477341392	-0.0200010000000006	0.014355874846163068	
31	2013-09-27	26.08	26.34	26.48	26.07	779500	-0.009870918754745694	-0.26000000000000156	0.015642884395268987	
32	2013-09-30	26.030001	26.07	26.799999	25.51	2987200	-0.0015342922899885566	-0.03999900000000167	0.04952011421266568	
33	2013-10-01	26.209999	26.209999	26.32	25.969999	626000	0.0	0.0	0.013353720463705431	
34	2013-10-02	26.889999	26.51	27.129999	26.280001	1692400	0.014334175782723424	0.379998999999998	0.031835131682305944	
35	2013-10-03	28.200001	27.040001	28.99	27.040001	1213200	0.04289940669750715	1.1600000000000001	0.07060097499634407	
36	2013-10-04	29.280001	28.309999	29.799999	28.299999	1007400	0.03426358298352456	0.9700019999999974	0.052092377148810556	
37	2013-10-07	29.370001	29.25	29.530001	28.950001	402500	0.004102598290598238	0.12000099999999847	0.019788467762052692	
38	2013-10-08	28.91	29.41	29.41	28.83	299900	-0.017001020061203673	-0.5	0.019890260631001435	
39	2013-10-09	28.950001	28.879999	29.129999	28.139999	378000	0.002423892050688741	0.07000199999999879	0.03423828462735611	
40	2013-10-10	29.219999	29.299999	29.84	28.860001	709600	-0.0027303755198079802	-0.0799999999999983	0.0334927899348185	
41	2013-10-11	28.85	29.10	29.18	28.67	139000	-0.008591065292096219	-0.25	0.01760138050043134	
42	2013-10-14	28.48	28.610001	29.190001	28.48	277900	-0.004543900575186979	-0.13000100000000003	0.024873042128690744	
43	2013-10-15	28.120001	28.459999	28.65	27.75	539500	-0.011946521853356403	-0.33999800000000135	0.031813361611876936	
44	2013-10-16	28.90	28.370001	29.299999	28.360001	332000	0.018681670120491014	0.5299990000000001	0.03282688959617791	
45	2013-10-17	29.219999	28.969999	29.219999	28.639999	507400	0.008629617142893238	0.25	0.019934697368437847	
46	2013-10-18	29.360001	29.360001	29.85	29.290001	453500	0.0	0.0	0.01907353477269981	
47	2013-10-21	29.190001	29.33	29.719999	28.860001	234400	-0.0047732355949539566	-0.13999899999999954	0.029391592115659775	
48	2013-10-22	29.10	29.16	29.379999	29.02	184800	-0.0020576131687242358	-0.05999999999999872	0.012358359079986335	
49	2013-10-23	29.00	29.040001	29.049999	28.719999	116800	-0.001377444856148599	-0.040001000000000175	0.01137146775721104	
50	2013-10-24	28.99	29.07	29.18	28.65	162100	-0.0027519779841761903	-0.08000000000000185	0.018256975542542235	
51	2013-10-25	28.75	28.870001	29.040001	28.540001	124900	-0.004156598401226189	-0.12000099999999847	0.017355084738717722	
52	2013-10-28	29.17	28.84	29.60	28.77	312500	0.011442441054091604	0.33000000000000185	0.02861575590415452	
53	2013-10-29	29.18	29.290001	29.52	28.84	227900	-0.0037555819817145265	-0.11000100000000046	0.02325979094818212	
54	2013-10-30	29.030001	29.34	29.49	28.42	252400	-0.010565746421267936	-0.30999900000000125	0.03666266855126477	
55	2013-10-31	29.049999	29.110001	29.73	28.92	366800	-0.002061216006141696	-0.06000200000000078	0.027854195323246175	
56	2013-11-01	29.040001	29.01	29.139999	28.620001	194200	0.001034160634263999	0.030000999999998612	0.017915520793875647	
57	2013-11-04	29.33	29.10	29.459999	29.030001	167000	0.007903780068728414	0.22999999999999687	0.014718398083176492	
58	2013-11-05	29.219999	29.33	29.440001	28.75	139800	-0.0037504602795771194	-0.1100009999999969	0.02356963319504066	
59	2013-11-06	29.00	29.32	29.360001	28.93	254400	-0.010914051841746257	-0.3200000000000003	0.01474626200274351	
60	2013-11-07	28.51	29.139999	29.15	28.129999	239300	-0.02161973306862495	-0.629998999999998	0.0353859850023587	
61	2013-11-08	28.360001	28.43	29.00	28.32	297400	-0.0024621526556454186	-0.06999899999999926	0.02394787772586937	
62	2013-11-11	28.360001	28.40	28.51	28.120001	388000	-0.0014084154929576804	-0.03999899999999812	0.013742036403417366	
63	2013-11-12	28.34	28.40	28.52	28.120001	256400	-0.0021126760563379833	-0.05999999999999872	0.014099365526965144	
64	2013-11-13	28.07	28.190001	28.33	27.91	418900	-0.004256863985212292	-0.12000099999999847	0.014930678725014532	
65	2013-11-14	28.60	28.440001	29.24	28.290001	952900	0.005625843684042158	0.15999900000000267	0.03330992227717521	
66	2013-11-15	28.75	28.790001	28.98	27.90	426800	-0.0013894059955051816	-0.040001000000000175	0.037539102580133835	
67	2013-11-18	28.959999	28.870001	29.50	28.58	253700	0.0031173535463334887	0.08999800000000135	0.03181739581532083	
68	2013-11-19	27.700001	29.00	29.00	27.52	1221900	-0.04482755172413792	-1.2999989999999997	0.052204584617203106	
69	2013-11-20	28.18	27.790001	28.40	27.00	406200	0.014033788627787366	0.38999899999999954	0.05002679917765228	
70	2013-11-21	28.889999	28.290001	28.969999	28.00	343600	0.021208836295198413	0.5999979999999994	0.03392791185729281	
71	2013-11-22	29.200001	28.90	29.209999	28.73	486800	0.010380657439446427	0.30000100000000174	0.016523201092543852	
72	2013-11-25	29.040001	29.110001	29.51	28.93	32000	-0.0024046718514369094	-0.07000000000000028	0.01994840860022677	
73	2013-11-26	28.940001	28.969999	29.530001	28.860001	482400	-0.0010354850202101364	-0.029998000000002634	0.02313935417026414	
74	2013-11-27	30.00	28.940001	30.059999	28.940001	482800	0.03662746936325266	1.0599990000000012	0.03800468208339537	
75	2013-11-29	29.620001	30.110001	30.389999	29.59	98400	-0.016273662694332093	-0.490000000000002	0.02678717472669764	
76	2013-12-02	29.50	29.610001	29.629999	29.190001	925700	-0.003714994808679691	-0.11000100000000046	0.014887429962994005	
77	2013-12-03	29.27	29.52	29.93	28.969999	412400	-0.008468834688346884	-0.25	0.03265864943017514	
78	2013-12-04	29.91	29.280001	30.030001	29.190001	325200	0.02151635855476923	0.6299990000000015	0.028383172353722376	
79	2013-12-05	30.32	29.82	30.74	29.790001	297500	0.01676727028839705	0.5	0.03159291652810104	
80	2013-12-06	30.99	30.50	31.129999	30.389999	580000	0.016065573770491753	0.48999999999999844	0.02406895430151251	
81	2013-12-09	32.25	31.049999	32.540001	30.969999	822900	0.038647376445970265	1.2000010000000003	0.04960511926706335	
82	2013-12-10	31.950001	32.330002	32.330002	31.59	494600	-0.01175381925432606	-0.38000100000000003	0.023024329977084805	
83	2013-12-11	31.26	31.879999	32.009998	31.209999	381300	-0.019447898978917782	-0.619999	0.025340481871087873	
84	2013-12-12	31.440001	31.120001	31.68	30.84	363700	0.010282776019191012	0.3200000000000003	0.02685421909033826	
85	2013-12-13	32.439999	31.66	32.990002	31.469999	499100	0.024636734049273534	0.7799990000000001	0.04742599137950051	
86	2013-12-16	33.310001	32.02	33.349998	31.23	659500	0.04028735165521538	1.2900009999999966	0.06490120825193309	
87	2013-12-17	32.48	33.279999	33.279999	32.220001	1031700	-0.024038432212693268	-0.7999989999999997	0.03223838248537666	
88	2013-12-18	33.580002	33.029999	33.860001	32.720001	709100	0.016651620243767002	0.5500030000000038	0.03422909421664754	
89	2013-12-19	34.09	33.57	34.119999	33.540001	358000	0.01549002085195124	0.5200000000000031	0.017144487141590403	
90	2013-12-20	34.52	34.049999	34.599998	33.860001	2561500	0.013803260317276468	0.47000100000000344	0.02158369580842498	
91	2013-12-23	34.880001	34.439999	35.049999	34.16	276500	0.012775900487105118	0.4400019999999998	0.02567798615118301	
92	2013-12-24	34.75	34.75	34.799999	34.599998	138700	0.0	0.0	0.005755424460431664	
93	2013-12-26	34.610001	34.810001	35.060001	34.470001	80300	-0.0057454752730401485	-0.20000000000000284	0.01699798280040373	
94	2013-12-27	34.700001	34.75	34.950001	34.27	199100	-0.001438820143884883	-0.04999899999999968	0.019582461921058784	
95	2013-12-30	34.77	34.77	34.939999	34.32	301500	0.0	0.0	0.017831435145240146	
96	2013-12-31	35.52	34.880001	35.549999	34.529999	326900	0.01834859465743717	0.6399990000000031	0.028977272315663834	
97	2014-01-02	34.240002	35.34	35.450001	34.049999	364600	-0.03112614601018694	-1.0999980000000065	0.0402415050232393	
98	2014-01-03	33.91	34.549999	35.450001	33.75	937700	-0.018523850029633953	-0.6399990000000031	0.0496640673336849	
99	2014-01-06	35.290001	34.07	35.43	33.919998	944800	0.03580865864396819	1.2200009999999963	0.04354100283245383	
100	2014-01-07	35.290001	35.470001	35.50	34.720001	426300	-0.005074710880329741	-0.18000000000000682	0.02204632498455827	
101	2014-01-08	35.110001	35.43	35.549999	34.75	452700	-0.009031865650578685	-0.3199990000000028	0.022682137472609328	
102	2014-01-09	34.240002	35.419998	35.419998	33.419998	1144900	-0.03331440052594025	-1.1799960000000027	0.05742176284811944	
103	2014-01-10	33.50	34.369999	34.529999	33.130001	995200	-0.02531274440828468	-0.869999	0.04125528276492228	
104	2014-01-13	32.549999	33.549999	34.009998	32.34	804200	-0.029806260202869157	-1.0	0.0505294417709362	
105	2014-01-14	32.84	33.48	34.799999	32.619999	784200	-0.019115890083631827	-0.6399999999999935	0.06574185765983112	
106	2014-01-15	33.560001	32.779999	34.450001	32.740002	807000	0.023795058688073887	0.7800020000000032	0.05155257763038901	
107	2014-01-16	34.080002	33.330002	34.380001	32.860001	517600	0.022502248874752544	0.75	0.045097163916501266	
108	2014-01-17	34.41	34.099998	34.459999	33.650002	451600	0.009090968275130023	0.3100019999999972	0.02364609615081299	
109	2014-01-21	34.009998	34.740002	34.740002	33.310001	620600	-0.02101335515179285	-0.7300039999999939	0.041600029090909006	
110	2014-01-22	33.27	33.599998	33.720001	32.91	411800	-0.009821369632224271	-0.32999799999999624	0.02422614099674436	
111	2014-01-23	33.099998	33.349998	33.349998	32.689999	344400	-0.007496252323613333	-0.25	0.019864530917353226	
112	2014-01-24	33.099998	33.00	33.330002	32.77	407700	0.003030242424242405	0.09999799999999937	0.016944085232801286	
113	2014-01-27	32.610001	33.09	33.619999	31.92	439700	-0.014505862798428724	-0.4799990000000065	0.0517503492884269	
114	2014-01-28	32.880001	32.720001	33.25	32.330002	303200	0.004889975400673019	0.1599999999999966	0.028048718657051247	
115	2014-01-29	32.950001	32.560001	33.009998	32.34	294600	0.011977886610015785	0.39000000000000057	0.020454830698982414	
116	2014-01-30	32.759998	33.299999	33.299999	32.549999	315200	-0.016216246733220523	-0.5400009999999966	0.022706631367240295	
117	2014-01-31	33.060001	32.529999	33.52	32.419998	141400	0.016292714918312884	0.5300020000000032	0.03354175941454501	
118	2014-02-03	31.57	32.380001	32.849998	30.959999	882600	-0.02501547174133811	-0.8100009999999997	0.0591086464564715	
119	2014-02-04	30.41	31.68	31.68	30.139999	876500	-0.040088383838383826	-1.2699999999999996	0.04960544371074247	
120	2014-02-05	30.73	30.200001	31.26	29.860001	1297700	0.01754963518047566	0.5299990000000001	0.04595434029288793	
121	2014-02-06	33.099998	31.50	33.150002	31.48	7740500	0.050793587301587284	1.5999979999999994	0.05170284989792106	
122	2014-02-07	33.00	32.959999	33.50	32.650002	963600	0.0012136226096365057	0.04000099999999662	0.025773135624213676	
123	2014-02-10	33.049999	32.84	33.099998	32.50	634000	0.0063946102314249775	0.20999899999999627	0.01821211137064972	
124	2014-02-11	32.400002	33.049999	33.049999	32.349998	987800	-0.01966708077661361	-0.649996999999999	0.021390404562407886	
125	2014-02-12	33.689999	32.509998	33.869999	32.450001	1735700	0.03629655713912985	1.1800009999999972	0.0429002436359627	
126	2014-02-13	33.810001	33.52	33.939999	33.09	566700	0.008651581145584624	0.2900009999999966	0.025248744612375595	
127	2014-02-14	33.98	33.779999	34.380001	33.540001	791400	0.00592069289285652	0.20000100000000032	0.02479338879565224	
128	2014-02-18	33.98	34.09	34.43	33.66	360200	-0.0032267527134058824	-0.11000000000000654	0.022623769648890943	
129	2014-02-19	33.349998	34.00	34.150002	33.060001	458700	-0.01911770588235296	-0.6500020000000006	0.03236825634352657	
130	2014-02-20	33.200001	33.25	33.419998	33.040001	260700	-0.0015037293233082611	-0.04999899999999968	0.011437080339547415	
131	2014-02-21	33.02	33.209999	33.209999	32.66	371300	-0.005721138383653677	-0.18999900000000025	0.016608757611486804	
132	2014-02-24	33.52	33.00	33.810001	32.84	323900	0.015757575757575852	0.5200000000000031	0.029164191220685393	
133	2014-02-25	33.049999	33.50	33.720001	32.950001	385700	-0.0134328656716418	-0.4500010000000003	0.023140496215484634	
134	2014-02-26	33.459999	33.16	33.889999	33.049999	561000	0.009047014475271616	0.2999990000000068	0.025217652735179515	
135	2014-02-27	33.52	33.299999	33.830002	33.27	467300	0.006606636835034243	0.22000100000000344	0.01676150878122573	
136	2014-02-28	33.66	33.59	34.110001	33.290001	1188300	0.002083953557606227	0.06999999999999318	0.024386617100371755	
137	2014-03-03	33.669998	33.299999	33.98	33.150002	471900	0.011111081414747188	0.36999899999999997	0.02478715953951726	
138	2014-03-04	34.279999	34.02	34.73	33.880001	584500	0.007642533803644721	0.25999899999999343	0.024890161418596707	
139	2014-03-05	33.68	34.259998	34.299999	33.470001	946500	-0.016929306300601746	-0.5799980000000033	0.024433265364535224	
140	2014-03-06	34.009998	34.400002	36.799999	32.959999	1505000	-0.01133732492224848	-0.3900039999999976	0.11226428884665975	
141	2014-03-07	33.880001	34.049999	34.139999	33.50	627600	-0.00499259926556825	-0.16999799999999965	0.018842897099955926	
142	2014-03-10	33.900002	34.02	34.25	33.43	501400	-0.0035272780717225892	-0.11999800000000249	0.024146053470375343	
143	2014-03-11	33.610001	34.040001	34.07	33.490002	467100	-0.012632197043707483	-0.4299999999999997	0.01714702092691744	
144	2014-03-12	33.25	33.419998	33.419998	32.66	692100	-0.005086714846601716	-0.16999799999999965	0.02279880074392692	
145	2014-03-13	32.349998	33.68	33.68	32.209999	959900	-0.0394893705463183	-1.3300020000000004	0.04452524744889425	
146	2014-03-14	32.830002	32.110001	32.919998	32.049999	800000	0.022422951652975767	0.7200010000000034	0.02679393162331699	
147	2014-03-17	33.84	32.900002	33.84	32.779999	659200	0.02857136604429394	0.9399980000000028	0.031765087450851645	
148	2014-03-18	34.099998	33.84	34.240002	33.84	379000	0.007683156028368674	0.25999799999999595	0.011775154894764451	
149	2014-03-19	34.400002	34.040001	34.810001	33.560001	312500	0.010575822251004166	0.360001000000004	0.03652834439530928	
150	2014-03-20	34.27	34.290001	34.790001	33.880001	336600	-0.000583289571790724	-0.020000999999993496	0.026546090627974073	
151	2014-03-21	33.860001	34.330002	34.529999	33.470001	928300	-0.013690677909077997	-0.47000100000000344	0.03108954255362016	
152	2014-03-24	33.080002	33.880001	33.990002	32.880001	455500	-0.023612720672587927	-0.7999989999999997	0.033154150246976447	
153	2014-03-25	33.09	33.23	33.310001	32.849998	480000	-0.004213060487511089	-0.13999999999999346	0.013872225572979506	
154	2014-03-26	33.169998	33.259998	34.049999	33.16	534400	-0.0027059532595282597	-0.09000000000000341	0.026795094192087653	
155	2014-03-27	33.27	33.23	33.299999	32.990002	189300	0.0012037315678605554	0.04000000000000625	0.009323218045112864	
156	2014-03-28	33.279999	33.41	34.099998	33.110001	290400	-0.0038910805148159246	-0.13000100000000003	0.02968951911365308	
157	2014-03-31	33.830002	33.50	33.889999	33.279999	340200	0.009850805970149264	0.33000200000000035	0.01811970835824441	
158	2014-04-01	35.490002	33.93	35.529999	33.799999	843900	0.045977070439139324	1.5600019999999972	0.049841542787624725	
159	2014-04-02	34.75	35.700001	35.700001	34.630001	537100	-0.02661067152351061	-0.9500010000000003	0.03037615286903971	
160	2014-04-03	34.98	34.740002	35.16	34.43	618800	0.006908404898767708	0.23999799999999993	0.020940905882360614	
161	2014-04-04	33.810001	35.18	35.310001	33.419998	685300	-0.03894255258669699	-1.369999	0.05479063552992266	
162	2014-04-07	33.00	33.830002	33.869999	32.939999	613200	-0.024534494559001217	-0.8300020000000004	0.027831811227538184	
163	2014-04-08	32.68	33.00	33.299999	32.27	509600	-0.009696969696969706	-0.3200000000000003	0.031364159561510244	
164	2014-04-09	33.18	32.82	33.34	32.75	427600	0.010968921389396692	0.35999999999999943	0.017878787878787984	
165	2014-04-10	32.50	33.169998	33.349998	32.299999	274400	-0.02019891589984418	-0.6699979999999996	0.03197804269767146	
166	2014-04-11	31.68	32.07	32.400002	31.42	367200	-0.012160898035547258	-0.39000000000000057	0.03074516078431369	
167	2014-04-14	31.709999	31.76	31.82	31.50	240900	-0.0015743387909320447	-0.05000100000000174	0.01008350417651654	
168	2014-04-15	31.540001	31.91	32.200001	31.360001	356500	-0.011595079912253212	-0.36999899999999997	0.026477540953860658	
169	2014-04-16	31.41	31.799999	31.799999	31.40	242200	-0.012264119882519478	-0.38999899999999954	0.012656193840471383	
170	2014-04-17	31.41	31.24	31.51	30.360001	347100	0.00544174135723437	0.1700000000000017	0.03671185953711097	
171	2014-04-21	31.620001	31.32	31.639999	30.93	254200	0.009578575989782828	0.3000009999999982	0.022561137232902168	
172	2014-04-22	32.490002	31.780001	32.610001	31.780001	467700	0.022341125791657413	0.7100009999999983	0.02582853465869601	
173	2014-04-23	32.310001	32.41	32.48	32.16	262100	-0.00308543659364384	-0.09999899999999684	0.009888751392324617	
174	2014-04-24	32.73	32.27	33.209999	32.00	333900	0.014254725751471761	0.45999999999999375	0.037230738461538564	
175	2014-04-25	34.049999	33.450001	34.110001	33.00	697500	0.0179371594039713	0.5999979999999994	0.032888918518518426	
176	2014-04-28	33.669998	34.040001	34.400002	32.959999	449800	-0.01086965302968108	-0.370002999999997	0.04253442685769342	
177	2014-04-29	33.939999	33.639999	34.09	33.200001	274800	0.00891795508079525	0.29999999999999716	0.026339124780678538	
178	2014-04-30	33.790001	34.040001	34.779999	33.709999	668800	-0.007344300606806681	-0.25	0.031549460959768016	
179	2014-05-01	33.57	33.709999	34.18	33.259998	462500	-0.004153040763958583	-0.1399990000000031	0.027348454627652317	
180	2014-05-02	34.48	33.509998	34.599998	33.380001	268600	0.02894664452083804	0.9700019999999938	0.035887543341301446	
181	2014-05-05	33.790001	34.23	34.27	33.630001	230600	-0.012854192229038863	-0.43999900000000025	0.01881796502766894	
182	2014-05-06	34.459999	33.75	35.470001	33.299999	769900	0.021037007407407507	0.7099990000000034	0.0636270937344539	
183	2014-05-07	34.41	34.68	34.68	33.759998	413000	-0.0077854671280277715	-0.2700000000000031	0.026631987262990205	
184	2014-05-08	33.970001	34.00	34.959999	33.209999	398000	-0.0008823235294116634	-0.029998999999996556	0.05149330511264816	
185	2014-05-09	33.380001	34.02	34.16	33.060001	663500	-0.01881243386243395	-0.6399990000000031	0.03264091939701891	
186	2014-05-12	34.27	33.57	34.369999	33.52	230900	0.0208519511468574	0.7000000000000028	0.025058932783018774	
187	2014-05-13	33.689999	33.639999	34.360001	33.630001	373300	0.001486325846799138	0.04999999999999716	0.021684242438266426	
188	2014-05-14	33.709999	33.73	34.07	33.080002	257400	-0.0005929736139932848	-0.020000999999993496	0.02935937172834181	
189	2014-05-15	33.610001	33.759998	34.650002	33.50	764200	-0.004443039362739481	-0.14999700000000615	0.034139884728215615	
190	2014-05-16	34.900002	33.59	35.110001	33.439999	956700	0.03899976183387904	1.3100019999999972	0.04876630022583432	
191	2014-05-19	34.43	34.709999	34.98	33.93	615500	-0.008066810949778583	-0.27999900000000366	0.030373156354832957	
192	2014-05-20	33.77	34.48	34.549999	33.650002	278100	-0.020591647331786363	-0.7099999999999937	0.026373538461538434	
193	2014-05-21	33.639999	33.880001	34.110001	33.599998	408400	-0.007083884088433083	-0.24000199999999694	0.015106723933649214	
194	2014-05-22	34.209999	33.580002	34.700001	33.279999	360600	0.018761076905236724	0.629997000000003	0.04189414306100995	
195	2014-05-23	34.419998	34.27	34.650002	34.150002	349900	0.004376947767726773	0.14999799999999652	0.014558160272475185	
196	2014-05-27	34.66	34.59	34.959999	34.450001	215700	0.0020237062734892505	0.06999999999999318	0.014729184115523554	
197	2014-05-28	35.119999	34.650002	35.740002	34.650002	306700	0.013564126201204818	0.46999699999999933	0.031245520549727273	
198	2014-05-29	34.900002	35.130001	35.130001	34.529999	116700	-0.006547082079502343	-0.2299989999999994	0.017135569735731798	
199	2014-05-30	34.48	34.93	34.93	34.41	281200	-0.012882908674491923	-0.45000000000000284	0.014983431782164044	
200	2014-06-02	33.900002	34.669998	34.849998	33.889999	265600	-0.022209288849684934	-0.769995999999999	0.02800055417821194	
201	2014-06-03	34.360001	33.799999	34.59	33.619999	296300	0.016568106999056337	0.5600019999999972	0.028462470657277097	
202	2014-06-04	34.450001	34.209999	34.709999	34.200001	544200	0.007015551213550077	0.24000199999999694	0.01485575298572686	
203	2014-06-05	35.110001	34.419998	35.389999	34.330002	286700	0.020046572925425426	0.6900029999999973	0.030490349927949884	
204	2014-06-06	35.330002	35.259998	35.82	35.18	314000	0.00198536596627139	0.07000399999999729	0.018132880011333067	
205	2014-06-09	35.880001	35.279999	35.91	35.220001	264200	0.01700685989248479	0.6000020000000035	0.01939288926363106	
206	2014-06-10	35.93	35.049999	35.939999	35.049999	420200	0.0251070192612559	0.880001	0.025077486969251737	
207	2014-06-11	35.709999	36.049999	36.700001	35.630001	712700	-0.009431345615293811	-0.3399999999999963	0.02982162847886368	
208	2014-06-12	35.900002	35.610001	36.209999	34.959999	729500	0.008143807690429545	0.29000100000000373	0.03496014396755095	
209	2014-06-13	35.950001	35.900002	36.099998	35.439999	381100	0.001392729727424519	0.04999899999999968	0.018371578912808093	
210	2014-06-16	36.02	37.380001	38.02	35.98	845200	-0.03638311834181056	-1.360000999999997	0.05558583030537033	
211	2014-06-17	36.189999	36.130001	36.299999	35.84	1008100	0.0016606144018650932	0.05999800000000022	0.012721211283185738	
212	2014-06-18	36.470001	36.080002	36.66	36.040001	349000	0.010809284323210488	0.3899990000000031	0.017091632649553438	
213	2014-06-19	36.25	37.009998	37.009998	36.169998	1703700	-0.020534937613344455	-0.7599980000000031	0.022932023558067897	
214	2014-06-20	36.630001	36.259998	36.790001	36.049999	1067500	0.010204164931283144	0.370002999999997	0.020304623683696222	
215	2014-06-23	37.07	36.669998	37.369999	36.59	829000	0.01090815439913579	0.40000200000000063	0.021155384354634686	
216	2014-06-24	37.369999	37.00	37.419998	36.889999	463100	0.009999972972972972	0.36999899999999997	0.014253032328264425	
217	2014-06-25	37.689999	37.27	37.740002	37.27	343600	0.011269090421250258	0.4199989999999971	0.012540074873800192	
218	2014-06-26	35.950001	36.529999	36.82	35.75	960100	-0.015877306758207036	-0.5799979999999962	0.029525386313465796	
219	2014-06-27	35.68	36.049999	36.220001	35.639999	2201200	-0.010263495430332743	-0.36999899999999997	0.016171811183212214	
220	2014-06-30	35.91	35.68	36.110001	35.68	828900	0.006446188340807088	0.22999999999999687	0.012012878893700158	
221	2014-07-01	35.869999	36.07	36.299999	35.779999	770800	-0.005544801774327705	-0.20000100000000032	0.014456491721663859	
222	2014-07-02	35.950001	35.950001	35.98	35.349998	884800	0.0	0.0	0.017524394505580056	
223	2014-07-03	36.09	36.049999	36.189999	35.790001	490600	0.0011095978116394325	0.04000100000000373	0.011089492806896313	
224	2014-07-07	35.970001	36.16	36.259998	35.689999	333500	-0.005254397123893616	-0.18999899999999315	0.015804768947667223	
225	2014-07-08	35.450001	35.77	35.799999	35.299999	499500	-0.008946016214705138	-0.3199990000000028	0.014040999522030336	
226	2014-07-09	34.68	34.950001	35.650002	34.389999	1379200	-0.007725350279675259	-0.2700010000000006	0.036191382504791224	
227	2014-07-10	34.610001	34.389999	34.68	33.810001	1367900	0.006397266833302141	0.2200019999999938	0.02521736231884058	
228	2014-07-11	34.25	34.540001	34.73	34.060001	10395900	-0.00839609124504648	-0.2900009999999966	0.01947954616253014	
229	2014-07-14	34.209999	34.130001	34.540001	34.130001	2513300	0.002343920236041111	0.07999800000000334	0.011998829382499169	
230	2014-07-15	33.990002	34.040001	34.380001	33.560001	1921300	-0.0014688307441588996	-0.04999899999999968	0.02410701054944832	
231	2014-07-16	35.209999	34.040001	35.34	34.00	2301400	0.03437126808545061	1.1699980000000068	0.03870036101083042	
232	2014-07-17	34.09	35.02	35.43	33.970001	1737000	-0.02655625356938891	-0.9299999999999997	0.04225145420344367	
233	2014-07-18	34.950001	34.09	34.959999	33.91	1983500	0.0252273687298327	0.8600009999999969	0.030417120069277135	
234	2014-07-21	34.630001	34.709999	34.970001	34.32	1127000	-0.0023047537396933757	-0.07999800000000334	0.018748226132102773	
235	2014-07-22	34.75	34.919998	34.990002	34.009998	1512500	-0.004868213337240158	-0.16999799999999965	0.028132740867883876	
236	2014-07-23	34.68	34.41	34.91	34.369999	1098300	0.0078465562336531	0.2700000000000031	0.01563181357649433	
237	2014-07-24	34.48	34.220001	34.779999	34.189999	521400	0.007597866522563614	0.25999899999999343	0.017176127843142135	
238	2014-07-25	34.709999	34.150002	35.240002	34.110001	1105100	0.01639815423729705	0.5599970000000027	0.03282024349665635	
239	2014-07-28	34.880001	34.73	35.380001	34.549999	916400	0.004319061330262113	0.15000100000000316	0.023847205518643805	
240	2014-07-29	35.52	35.00	35.630001	34.73	1639300	0.014857142857142947	0.5200000000000031	0.025524702212138487	
241	2014-07-30	36.220001	35.689999	36.50	35.689999	1174100	0.014850154520878614	0.5300020000000032	0.022528188012793764	
242	2014-07-31	35.75	35.93	36.00	35.470001	618600	-0.005009741163373218	-0.17999999999999972	0.014787918526785617	
243	2014-08-01	34.900002	35.880001	36.09	34.790001	1025900	-0.027313237811782652	-0.9799989999999994	0.03673351073466349	
244	2014-08-04	34.900002	34.959999	35.119999	34.740002	916300	-0.0017161613763204838	-0.05999700000000274	0.010878814616678948	
245	2014-08-05	35.369999	34.939999	35.830002	34.900002	821200	0.012306812029387857	0.4299999999999997	0.026454274682243616	
246	2014-08-06	35.150002	35.189999	35.25	34.830002	814400	-0.0011366013394885181	-0.039996999999999616	0.01194193898291243	
247	2014-08-07	35.950001	35.779999	36.50	34.299999	2065800	0.004751313715799818	0.17000200000000376	0.061341168269901034	
248	2014-08-08	35.32	35.880001	35.98	35.169998	837700	-0.015607608260657511	-0.5600009999999997	0.02275286484897654	
249	2014-08-11	35.490002	35.189999	35.709999	35.00	875900	0.008525234683865625	0.3000029999999967	0.020090520372233817	
250	2014-08-12	35.439999	35.380001	35.700001	35.330002	546200	0.0016958167977440199	0.05999800000000022	0.0104489974583451	
251	2014-08-13	35.73	35.48	35.950001	35.389999	453500	0.007046223224351748	0.25	0.015728184243785907	
252	2014-08-14	35.939999	35.830002	36.169998	35.689999	505400	0.0030699691281066603	0.1099969999999999	0.01337603436845429	
253	2014-08-15	35.799999	36.110001	36.360001	35.77	595300	-0.00858493468333045	-0.3100019999999972	0.016409428452231783	
254	2014-08-18	35.950001	35.93	36.150002	35.689999	642600	0.0005566657389368384	0.0200010000000006	0.012799192921547133	
255	2014-08-19	36.16	36.00	36.360001	35.810001	511700	0.00444444444444435	0.1599999999999966	0.015243902439024312	
256	2014-08-20	36.00	35.939999	36.07	35.650002	376300	0.0016694769524061407	0.06000099999999975	0.011676341557914107	
257	2014-08-21	36.139999	36.02	36.209999	35.810001	398100	0.0033314547473625752	0.11999899999999997	0.011086419222372872	
258	2014-08-22	36.150002	36.110001	36.389999	35.959999	362500	0.0011077540540639624	0.04000100000000373	0.011901466430882924	
259	2014-08-25	36.169998	36.330002	36.439999	35.939999	326300	-0.004404183627625473	-0.1600040000000007	0.013793103448275862	
260	2014-08-26	36.150002	36.18	36.549999	35.91	474700	-0.0008291321171917933	-0.02999799999999908	0.01769663990884455	
261	2014-08-27	36.50	36.259998	36.709999	35.98	442200	0.006618919283999876	0.24000199999999694	0.02006594337729384	
262	2014-08-28	36.18	36.470001	36.470001	36.18	308700	-0.007951768358876758	-0.29000100000000373	0.007983509869463145	
263	2014-08-29	36.560001	36.130001	37.049999	36.130001	682300	0.011901466595586302	0.4299999999999997	0.025312917173946417	
264	2014-09-02	36.48	36.490002	36.669998	36.23	312100	-0.00027410247881049903	-0.010002000000000066	0.012059695434844659	
265	2014-09-03	36.209999	36.50	36.93	36.139999	513100	-0.007945232876712236	-0.2900009999999966	0.02173018871861067	
266	2014-09-04	35.290001	36.16	36.41	35.16	671900	-0.02405970685840708	-0.869999	0.034989502659349164	
267	2014-09-05	35.50	35.220001	35.59	34.93	676700	0.007949999774275887	0.27999899999999656	0.018665158107110426	
268	2014-09-08	35.830002	35.360001	35.889999	35.009998	377900	0.013291883108261323	0.47000100000000344	0.024722600447144246	
269	2014-09-09	35.75	35.779999	36.279999	35.66	404200	-0.0008384293135390127	-0.029998999999996556	0.01733535603712227	
270	2014-09-10	35.459999	35.580002	35.779999	35.259998	471700	-0.0033727654090631295	-0.12000299999999697	0.014639667586716207	
271	2014-09-11	35.50	35.41	35.619999	35.240002	350700	0.002541654899745931	0.09000000000000341	0.010717726695811678	
272	2014-09-12	35.27	35.560001	35.57	35.080002	484300	-0.00815525848832222	-0.2900009999999966	0.013835888552366386	
273	2014-09-15	34.32	35.130001	35.380001	34.27	1088500	-0.02305724386401241	-0.8100009999999997	0.031965471102008966	
274	2014-09-16	34.950001	34.68	35.080002	34.380001	975700	0.007785495963091136	0.2700010000000006	0.02010630446493891	
275	2014-09-17	35.75	35.18	35.950001	35.040001	861300	0.01620238772029563	0.5700000000000003	0.025659100521641155	
276	2014-09-18	36.50	35.93	36.560001	35.810001	938300	0.01586418035068189	0.5700000000000003	0.020709650697224906	
277	2014-09-19	36.529999	36.73	36.790001	36.290001	1393900	-0.005445167438061539	-0.20000100000000032	0.013650013836336527	
278	2014-09-22	36.060001	36.43	36.52	35.830002	400100	-0.01015643700247049	-0.36999899999999997	0.01903705312405783	
279	2014-09-23	35.790001	35.77	36.48	35.529999	448500	0.0005591557170811712	0.020000999999993496	0.026551173469100436	
280	2014-09-24	34.220001	34.48	34.50	33.43	7755800	-0.007540574245939485	-0.25999899999999343	0.03114992676637662	
281	2014-09-25	34.560001	34.299999	34.619999	34.200001	1983100	0.007580233457149666	0.26000200000000007	0.012198605866976464	
282	2014-09-26	34.869999	34.66	34.990002	34.27	1922800	0.006058828620888731	0.20999900000000338	0.020710542509859486	
283	2014-09-29	34.810001	34.650002	34.889999	34.34	1101000	0.004617575491049008	0.15999899999999911	0.015836423157079324	
284	2014-09-30	34.68	34.84	34.849998	34.349998	1921900	-0.00459242250287037	-0.1600000000000037	0.0143843498273878	
285	2014-10-01	34.549999	34.560001	34.799999	34.349998	1156900	-0.0002894097138481005	-0.010002000000000066	0.013022746346404292	
286	2014-10-02	34.650002	34.73	34.799999	34.09	1817000	-0.0023034264324790165	-0.07999799999999624	0.02046696395309981	
287	2014-10-03	34.759998	34.75	35.00	34.700001	4552700	0.0002877122302159154	0.00999800000000306	0.008631823007677246	
288	2014-10-06	34.470001	34.93	35.00	34.23	876600	-0.013169166905238942	-0.45999899999999627	0.022190201409363182	
289	2014-10-07	33.959999	34.439999	34.540001	33.959999	883000	-0.013937282634648069	-0.4799999999999969	0.016959123302898144	
290	2014-10-08	34.209999	33.91	34.369999	33.73	797000	0.008846918313182153	0.2999990000000068	0.01879034085129693	
291	2014-10-09	33.630001	34.25	34.450001	33.57	713700	-0.018102160583941606	-0.619999	0.025928137508424612	
292	2014-10-10	33.529999	33.619999	34.029999	33.200001	805200	-0.0026769780689167603	-0.09000000000000341	0.0247207155538559	
293	2014-10-13	33.540001	33.66	34.09	33.459999	1244200	-0.0035650326797385615	-0.11999899999999997	0.018750029482886472	
294	2014-10-14	32.900002	33.639999	33.700001	32.740002	2262600	-0.021997533353077758	-0.7399970000000025	0.028854793675161	
295	2014-10-15	32.650002	32.610001	32.860001	30.48	1670000	0.0012266482297870439	0.04000100000000373	0.07293904047169586	
296	2014-10-16	32.889999	32.50	33.380001	32.34	1409200	0.011999969230769326	0.3899990000000031	0.03180917620139424	
297	2014-10-17	33.700001	33.25	33.799999	33.25	1138300	0.013533864661654144	0.4500010000000003	0.016430141651528868	
298	2014-10-20	33.830002	33.619999	33.939999	33.349998	902500	0.006246371393407846	0.21000300000000038	0.017494469718391876	
299	2014-10-21	34.759998	34.00	34.790001	33.98	1300600	0.022352882352941267	0.7599980000000031	0.02356023919605116	
300	2014-10-22	34.66	35.02	35.099998	34.619999	624900	-0.010279840091376542	-0.36000000000000654	0.01377723880597013	
301	2014-10-23	34.950001	35.00	35.00	34.66	1044900	-0.0014285428571428481	-0.04999899999999968	0.009721229310632988	
302	2014-10-24	35.009998	34.869999	35.110001	34.75	737700	0.004014883969454748	0.1399990000000031	0.010303406280913174	
303	2014-10-27	34.75	34.970001	34.970001	34.549999	524600	-0.006291135078892432	-0.22000100000000344	0.012048249970621882	
304	2014-10-28	34.919998	34.950001	35.009998	34.740002	620900	-0.0008584549110599644	-0.030003000000000668	0.007728524513074806	
305	2014-10-29	34.939999	34.810001	35.00	34.650002	1004400	0.0037345014727233274	0.1299980000000005	0.010035784946236541	
306	2014-10-30	34.630001	34.919998	34.939999	34.48	728700	-0.008304611014009783	-0.2899969999999996	0.013227865035627201	
307	2014-10-31	34.950001	34.919998	35.169998	34.43	1282900	0.000859192489071754	0.030003000000000668	0.021182138559927555	
308	2014-11-03	35.220001	34.900002	35.349998	34.68	1717800	0.009169025262520123	0.3199990000000028	0.019110039113945834	
309	2014-11-04	34.849998	35.099998	35.299999	34.150002	1785300	-0.007122507528348008	-0.25	0.03288054512540641	
310	2014-11-05	33.52	35.07	35.18	33.330002	2112200	-0.04419731964642136	-1.5499999999999972	0.05394366525732612	
311	2014-11-06	33.700001	34.459999	35.330002	32.419998	4040100	-0.02205449860866226	-0.7599980000000031	0.08538744131455402	
312	2014-11-07	32.490002	34.099998	34.209999	32.099998	2604800	-0.04721396171342891	-1.6099960000000024	0.06337290884517206	
313	2014-11-10	31.93	32.50	32.630001	31.75	2594000	-0.017538461538461548	-0.5700000000000003	0.02731649852553158	
314	2014-11-11	31.59	32.00	32.139999	31.309999	1655900	-0.012812500000000004	-0.41000000000000014	0.026104733448655507	
315	2014-11-12	31.90	31.42	32.099998	31.030001	2165600	0.015276893698281249	0.4799999999999969	0.0337964939987366	
316	2014-11-13	32.450001	31.940001	32.52	31.84	1975400	0.0159674384481078	0.5100000000000016	0.021121291470064044	
317	2014-11-14	32.73	32.43	32.939999	32.369999	2499300	0.009250693802035066	0.29999999999999716	0.017495395948434633	
318	2014-11-17	32.639999	32.759998	32.810001	32.360001	1183100	-0.003662973361597884	-0.11999899999999997	0.013761468521168364	
319	2014-11-18	34.130001	32.720001	34.150002	32.720001	1751100	0.04309290821843179	1.4099999999999966	0.04278237717928556	
320	2014-11-19	34.299999	34.16	34.360001	33.900002	2223900	0.004098331381733112	0.1399990000000031	0.013438475218207242	
321	2014-11-20	35.00	34.150002	35.029999	34.02	1958400	0.024890130313901575	0.8499979999999994	0.029211828511588284	
322	2014-11-21	35.009998	35.360001	35.360001	34.860001	1062600	-0.009898274606949075	-0.35000299999999385	0.014210601310368071	
323	2014-11-24	35.049999	35.02	35.189999	34.889999	840900	0.0008566247858365663	0.029998999999996556	0.008562865827927217	
324	2014-11-25	35.389999	35.049999	35.50	35.02	1320900	0.00970042823681688	0.3400000000000034	0.013628620489171418	
325	2014-11-26	35.490002	35.43	35.740002	35.290001	750100	0.0016935365509454482	0.060001999999997224	0.012690383172860044	
326	2014-11-28	35.360001	35.400002	35.57	35.209999	330000	-0.0011299716875723263	-0.04000100000000373	0.010175268081885099	
327	2014-12-01	35.299999	35.369999	35.630001	35.220001	798600	-0.0019790783709097725	-0.07000000000000028	0.011603226591289748	
328	2014-12-02	34.970001	35.380001	35.630001	34.93	717100	-0.011588467733508447	-0.4099999999999966	0.01990052537596233	
329	2014-12-03	35.009998	34.880001	35.130001	34.740002	701200	0.0037269781041578244	0.12999700000000303	0.01116036644956893	
330	2014-12-04	35.360001	35.080002	35.470001	34.880001	790500	0.007981727024986958	0.27999899999999656	0.016751844828853953	
331	2014-12-05	35.599998	35.41	35.619999	35.200001	526500	0.005365659418243513	0.18999800000000278	0.0118292638171881	
332	2014-12-08	35.119999	35.580002	35.939999	34.990002	376500	-0.012928695169831647	-0.4600030000000004	0.02687403073728396	
333	2014-12-09	35.330002	34.91	35.439999	34.779999	498400	0.012030993984531762	0.42000200000000376	0.018792710171050497	
334	2014-12-10	34.689999	35.330002	35.389999	34.610001	814000	-0.018115000389753732	-0.6400030000000001	0.022279291312778077	
335	2014-12-11	35.279999	34.77	35.400002	34.709999	1263000	0.014667788323266994	0.5099989999999934	0.01970030006709914	
336	2014-12-12	34.77	35.049999	35.360001	34.700001	1236700	-0.007988559429060085	-0.27999899999999656	0.018905757933339318	
337	2014-12-15	34.599998	34.830002	35.16	34.049999	1648500	-0.0066036171918681195	-0.23000400000000099	0.03197467953334284	
338	2014-12-16	34.009998	34.560001	34.759998	33.990002	1010400	-0.015914438196920094	-0.5500029999999967	0.02245868488345774	
339	2014-12-17	34.029999	34.080002	34.369999	33.900002	1257300	-0.0014672240922991668	-0.050003000000003794	0.013801115639390443	
340	2014-12-18	34.169998	34.459999	34.599998	34.119999	1778200	-0.00841558352918129	-0.29000100000000373	0.013988023342038013	
341	2014-12-19	35.029999	34.48	35.130001	34.220001	2512000	0.015951247099767973	0.5499989999999997	0.026183283357549658	
342	2014-12-22	35.560001	34.939999	35.73	34.939999	792500	0.017744762957777976	0.6200019999999995	0.022411375886524726	
343	2014-12-23	35.360001	35.560001	36.00	35.02	449500	-0.005624296804716143	-0.20000000000000284	0.027636773050288322	
344	2014-12-24	35.59	35.34	35.73	35.259998	183200	0.0070741369552914535	0.25	0.013252558860848548	
345	2014-12-26	35.389999	35.66	35.66	35.279999	279600	-0.0075715367358382924	-0.2700009999999935	0.010696720769834214	
346	2014-12-29	35.150002	35.27	35.639999	34.990002	479000	-0.003402268216614757	-0.11999800000000249	0.01846057885655857	
347	2014-12-30	34.970001	35.009998	35.259998	34.939999	267600	-0.0011424450809737153	-0.039996999999999616	0.009145441685416509	
348	2014-12-31	34.689999	35.049999	35.139999	34.639999	450100	-0.010271041662511872	-0.35999999999999943	0.014338973740721931	
349	2015-01-02	34.57	34.860001	34.860001	34.060001	630200	-0.008319018694233446	-0.2900009999999966	0.023044792985095798	
350	2015-01-05	33.91	34.279999	34.299999	33.700001	1305800	-0.010793436720928726	-0.36999899999999997	0.017597829851852598	
351	2015-01-06	34.299999	32.119999	34.810001	31.99	4192900	0.06787048779173373	2.1799999999999997	0.08491421514345729	
352	2015-01-07	36.00	34.50	36.049999	34.50	2949100	0.043478260869565216	1.5	0.043971602836879425	
353	2015-01-08	37.200001	36.18	37.59	35.790001	4100200	0.02819239911553346	1.0200010000000006	0.04905966136468183	
354	2015-01-09	36.73	37.27	37.50	36.709999	1531100	-0.014488865038905452	-0.5400000000000063	0.021351378378378288	
355	2015-01-12	36.889999	36.77	36.919998	36.369999	1405300	0.003263502855588794	0.11999899999999997	0.014933451193774783	
356	2015-01-13	37.130001	37.029999	37.259998	36.48	1246800	0.0027005671806797373	0.10000200000000348	0.02103554476806921	
357	2015-01-14	35.799999	37.049999	37.099998	35.619999	2002100	-0.03373819254354096	-1.25	0.040631408116167674	
358	2015-01-15	34.779999	35.330002	35.66	34.650002	1298900	-0.015567590400929041	-0.5500030000000038	0.028811809601885358	
359	2015-01-16	35.209999	33.50	35.220001	33.50	1443000	0.051044746268656814	1.7099990000000034	0.05006552248676363	
360	2015-01-20	34.990002	34.939999	35.240002	34.459999	1159300	0.0014311105160591643	0.05000299999999669	0.022308107789101663	
361	2015-01-21	34.799999	34.900002	35.200001	34.689999	772100	-0.002865415308572216	-0.10000300000000095	0.01463420352031272	
362	2015-01-22	34.900002	34.950001	34.950001	34.529999	612600	-0.0014305865112850694	-0.04999899999999968	0.012025826255154312	
363	2015-01-23	34.580002	34.799999	34.869999	34.50	487900	-0.00632175305522277	-0.21999699999999933	0.010665868972818262	
364	2015-01-26	35.459999	34.560001	35.48	34.389999	925000	0.02604160804277765	0.8999980000000036	0.03113399028848882	
365	2015-01-27	35.43	35.16	35.509998	34.889999	970100	0.007679180887372104	0.2700000000000031	0.017566199178353874	
366	2015-01-28	34.779999	35.66	35.759998	34.68	608500	-0.02467753785754347	-0.880001	0.030664338879391618	
367	2015-01-29	34.830002	34.830002	34.849998	34.369999	635400	0.0	0.0	0.013781193581326795	
368	2015-01-30	34.380001	34.639999	34.700001	34.150002	743200	-0.0075057161520126784	-0.25999800000000306	0.01593738046942914	
369	2015-02-02	34.610001	34.540001	34.720001	34.00	1184200	0.002026635725922541	0.07000000000000028	0.020824323331183805	
370	2015-02-03	35.209999	34.669998	35.330002	34.610001	642300	0.015575455181739662	0.5400010000000037	0.020606783941333123	
371	2015-02-04	34.720001	35.029999	35.349998	34.639999	1143900	-0.008849500680830541	-0.3099979999999931	0.02035839426523287	
372	2015-02-05	35.790001	34.540001	36.060001	34.310001	827000	0.03618992367718808	1.25	0.049765390309529645	
373	2015-02-06	34.880001	35.779999	36.00	34.759998	825900	-0.025153661966284477	-0.8999979999999965	0.03509770733088019	
374	2015-02-09	34.360001	34.82	34.860001	34.07	1041400	-0.01321076967260205	-0.4599990000000034	0.022838999380760245	
375	2015-02-10	34.900002	34.419998	34.959999	34.419998	936100	0.013945497614497275	0.480004000000001	0.015579948066936059	
376	2015-02-11	36.310001	34.950001	36.43	34.549999	1404500	0.03891273136158135	1.3599999999999994	0.05276455086262838	
377	2015-02-12	36.290001	36.25	36.650002	35.98	690700	0.0011034758620688723	0.04000099999999662	0.01847262174700008	
378	2015-02-13	36.200001	36.259998	36.32	35.889999	653100	-0.0016546332958982165	-0.05999700000000274	0.011868644933323754	
379	2015-02-17	36.860001	36.130001	36.860001	35.860001	925600	0.02020481538320458	0.7299999999999969	0.027401013086696447	
380	2015-02-18	36.82	37.040001	37.040001	36.639999	697900	-0.005939551675497967	-0.22000099999999634	0.010831356473986333	
381	2015-02-19	36.939999	36.599998	37.150002	36.52	727800	0.009289645316374086	0.3400010000000009	0.01713358786239813	
382	2015-02-20	36.98	36.84	37.220001	36.639999	1044800	0.0038002171552658373	0.13999999999999346	0.015713952858303994	
383	2015-02-23	37.419998	37.00	37.650002	37.00	737100	0.011351297297297287	0.41999799999999965	0.017468476685527475	
384	2015-02-24	37.25	37.389999	37.470001	37.09	505900	-0.0037442900172316956	-0.1399990000000031	0.010182234863106042	
385	2015-02-25	37.689999	37.41	37.759998	37.029999	986500	0.007484603047313651	0.27999900000000366	0.01944071930014291	
386	2015-02-26	37.549999	37.580002	37.880001	37.330002	798600	-0.000798376753678743	-0.030003000000000668	0.014641261617978674	
387	2015-02-27	36.619999	37.639999	37.790001	36.169998	1699500	-0.027098831750766068	-1.0200000000000031	0.043630569448709036	
388	2015-03-02	36.32	36.75	37.23	36.150002	1686600	-0.011700680272108835	-0.4299999999999997	0.02956064048172975	
389	2015-03-03	36.200001	36.32	36.450001	35.990002	1159700	-0.0033039372246696026	-0.11999899999999997	0.012686127789766669	
390	2015-03-04	37.509998	35.82	37.59	35.669998	1377000	0.04718029034059192	1.6899980000000028	0.0523660726132845	
391	2015-03-05	37.009998	37.650002	37.860001	36.779999	1828300	-0.016998777317461963	-0.6400039999999976	0.02893120814358426	
392	2015-03-06	35.82	36.43	36.59	35.75	7023000	-0.016744441394455103	-0.6099999999999994	0.023252595155709436	
393	2015-03-09	36.00	36.00	36.139999	35.880001	2326700	0.0	0.0	0.007222166666666752	
394	2015-03-10	35.91	35.799999	36.09	35.50	1079400	0.003072653717113146	0.1100009999999969	0.016455166872893234	
395	2015-03-11	36.52	36.16	36.560001	35.91	3469500	0.009955752212389563	0.36000000000000654	0.017886653824986325	
396	2015-03-12	36.959999	36.52	37.18	36.41	3445500	0.012048165388828046	0.43999900000000025	0.020958084117557025	
397	2015-03-13	36.43	36.900002	37.00	36.400002	3556700	-0.012737180881453635	-0.4700020000000009	0.01636432520484588	
398	2015-03-16	36.93	36.57	37.029999	36.470001	1440300	0.009844134536505317	0.35999999999999943	0.015238040816326343	
399	2015-03-17	37.48	37.07	37.490002	37.02	2461200	0.01106015646074984	0.4099999999999966	0.012609040912139338	
400	2015-03-18	37.77	37.93	38.009998	37.580002	3672000	-0.004218296862641619	-0.1599999999999966	0.011360528401585275	
401	2015-03-19	38.18	37.759998	38.369999	37.759998	3001200	0.01112293491117231	0.42000199999999666	0.01606534148183667	
402	2015-03-20	38.599998	38.610001	38.84	38.279999	4024300	-0.00025907795236776974	-0.010002999999997542	0.014505919110295725	
403	2015-03-23	38.689999	38.669998	39.00	38.59	1485200	0.0005172226799701568	0.0200010000000006	0.01059979358582438	
404	2015-03-24	38.66	38.790001	38.849998	38.529999	1081900	-0.0033514049148903103	-0.13000100000000003	0.008263369809382	
405	2015-03-25	38.009998	38.509998	38.849998	37.91	1750800	-0.012983641287127565	-0.5	0.024568689209027213	
406	2015-03-26	37.849998	38.119999	38.119999	37.470001	1459000	-0.007082922536278151	-0.2700010000000006	0.017111965925179554	
407	2015-03-27	38.259998	37.860001	38.360001	37.830002	1029500	0.010565160840856982	0.39999700000000615	0.013925354886039777	
408	2015-03-30	38.59	38.52	38.759998	38.27	1768000	0.001817237798546217	0.07000000000000028	0.01270906497211775	
409	2015-03-31	38.349998	38.400002	38.709999	38.32	1270400	-0.001302187432177771	-0.05000400000000127	0.010162840390879559	
410	2015-04-01	38.32	38.380001	38.490002	37.830002	1988800	-0.0015633402406633535	-0.06000099999999975	0.017209908510952863	
411	2015-04-02	38.73	38.380001	38.810001	38.18	2114000	0.00911930669308729	0.34999899999999684	0.016340318812860605	
412	2015-04-06	39.00	38.189999	39.16	38.189999	4588500	0.02120976751007508	0.8100009999999997	0.025132815457090403	
413	2015-04-07	38.919998	39.130001	39.52	38.880001	1747600	-0.005366802827324241	-0.21000300000000038	0.016399718339522414	
414	2015-04-08	39.119999	38.880001	39.290001	38.860001	1059100	0.006172787907078499	0.23999799999999993	0.011025641025641018	
415	2015-04-09	39.310001	39.200001	39.41	39.049999	1062400	0.0028061223773948227	0.10999999999999943	0.009170831507557391	
416	2015-04-10	39.470001	39.290001	39.560001	39.290001	1177000	0.004581318285026433	0.18000000000000682	0.006856272045295355	
417	2015-04-13	39.32	39.450001	39.66	39.130001	1047500	-0.003295335784655621	-0.13000100000000003	0.013456874273747858	
418	2015-04-14	39.369999	39.360001	39.43	39.07	1326300	0.0002540142211887408	0.00999800000000306	0.009145179728184922	
419	2015-04-15	39.860001	39.540001	39.959999	39.310001	1867300	0.008093070103867735	0.3200000000000003	0.01637274517952792	
420	2015-04-16	39.830002	39.84	40.27	39.720001	3854800	-0.000250953815261121	-0.00999800000000306	0.013806928233791173	
421	2015-04-17	39.470001	39.720001	39.720001	39.080002	1103900	-0.006294058250401352	-0.25	0.016163631363464367	
422	2015-04-20	39.349998	39.650002	39.689999	39.169998	2140700	-0.00756630478858491	-0.30000400000000127	0.013164582278481027	
423	2015-04-21	39.439999	39.52	39.740002	39.380001	1742000	-0.002024316801619506	-0.08000100000000288	0.009118566478198585	
424	2015-04-22	39.200001	39.529999	39.700001	38.939999	1957500	-0.008348039674880747	-0.32999799999999624	0.019306541343833358	
425	2015-04-23	39.529999	39.259998	39.630001	39.259998	1737000	0.006877254553094818	0.2700009999999935	0.009392131338702729	
426	2015-04-24	39.580002	39.630001	39.720001	39.439999	691000	-0.0012616451864333712	-0.04999899999999968	0.00706986464828194	
427	2015-04-27	38.990002	39.619999	39.759998	38.860001	1588300	-0.01590098475267511	-0.629997000000003	0.02289777352884161	
428	2015-04-28	39.400002	38.91	39.43	38.580002	841800	0.012593215111796558	0.49000200000000405	0.021708542415820636	
429	2015-04-29	38.77	39.16	39.299999	38.279999	1556600	-0.009959141981613726	-0.38999999999999346	0.026177338637238624	
430	2015-04-30	37.959999	38.610001	38.779999	37.68	1554300	-0.016835068199039765	-0.6500019999999935	0.028731853206216455	
431	2015-05-01	36.759998	37.560001	38.200001	36.599998	2496500	-0.021299333831221057	-0.8000029999999967	0.043057131903352176	
432	2015-05-04	36.779999	36.91	37.209999	36.75	1955800	-0.003522107829856409	-0.13000100000000003	0.012484706371077665	
433	2015-05-05	36.279999	36.779999	36.869999	36.130001	1676100	-0.013594345122195355	-0.5	0.020257268553442884	
434	2015-05-06	35.790001	36.279999	36.279999	35.50	1836200	-0.013506009192558135	-0.48999799999999993	0.021645594560843532	
435	2015-05-07	36.490002	35.779999	36.540001	35.68	3153600	0.019843572382436357	0.7100030000000004	0.02379966758268059	
436	2015-05-08	36.220001	36.93	37.00	35.990002	1133200	-0.019225534795559066	-0.7099989999999963	0.0276144357127214	
437	2015-05-11	36.099998	36.23	36.389999	36.060001	859200	-0.0035882417885729372	-0.1300019999999975	0.009124789413100865	
438	2015-05-12	35.950001	36.02	36.200001	35.799999	1286100	-0.001943337034980644	-0.06999900000000281	0.011115798094820108	
439	2015-05-13	36.419998	36.189999	36.77	36.009998	2874200	0.006355319324545972	0.2299989999999994	0.02093381163478082	
440	2015-05-14	36.279999	36.59	36.709999	36.200001	1470500	-0.008472287510248889	-0.31000100000000685	0.01399747514748842	
441	2015-05-15	36.290001	36.349998	36.48	36.09	1426700	-0.0016505365419828288	-0.05999700000000274	0.010737885610378204	
442	2015-05-18	36.580002	36.439999	36.650002	36.310001	2086400	0.0038420143754669175	0.1400030000000001	0.00931254438081974	
443	2015-05-19	37.25	36.580002	37.259998	36.52	1522900	0.018315964006781617	0.6699979999999996	0.02004599701893547	
444	2015-05-20	37.669998	37.25	37.740002	37.110001	2135800	0.011275114093959723	0.41999799999999965	0.016817966279176894	
445	2015-05-21	37.400002	37.720001	37.779999	37.369999	1279600	-0.008483536360457752	-0.3199990000000028	0.010915867508684647	
446	2015-05-22	37.389999	37.310001	37.639999	37.310001	995900	0.002144143603748586	0.07999800000000334	0.00883528781793851	
447	2015-05-26	37.200001	37.240002	37.459999	37.18	2562900	-0.0010741406512275865	-0.04000099999999662	0.007522810013857836	
448	2015-05-27	37.450001	37.330002	37.669998	37.049999	4039100	0.0032145457693787418	0.11999899999999997	0.016581946379435154	
449	2015-05-28	37.27	37.450001	37.759998	37.110001	1756100	-0.004806435118653193	-0.1800009999999972	0.01739820640527042	
450	2015-05-29	36.950001	37.310001	37.41	36.700001	8430500	-0.009648887439054194	-0.35999999999999943	0.01912197632313547	
451	2015-06-01	37.27	37.02	37.509998	36.75	2585600	0.00675310642895732	0.25	0.02046030421321855	
452	2015-06-02	37.009998	37.25	37.419998	36.970001	1756200	-0.006443006711409314	-0.24000199999999694	0.012119499383773111	
453	2015-06-03	37.279999	37.119999	37.330002	36.959999	799400	0.004310344943705321	0.1599999999999966	0.00994631747167512	
454	2015-06-04	37.25	37.110001	37.43	37.040001	814300	0.0037725409923864755	0.1399990000000031	0.010489483452266309	
455	2015-06-05	37.169998	37.189999	37.200001	36.84	854700	-0.0005378058762518547	-0.0200010000000006	0.009682652354060664	
456	2015-06-08	36.779999	37.139999	37.169998	36.709999	1504700	-0.009693053572780294	-0.36000000000000654	0.012445860726348946	
457	2015-06-09	36.540001	36.759998	36.93	36.360001	1100700	-0.005984684765216974	-0.21999700000000644	0.015552496801534822	
458	2015-06-10	36.919998	36.650002	36.950001	36.52	964300	0.0073668754506479705	0.269995999999999	0.01168957455484565	
459	2015-06-11	37.029999	36.919998	37.169998	36.75	1301000	0.002979442198236222	0.1100009999999969	0.011358972739376843	
460	2015-06-12	36.990002	36.84	37.279999	36.77	986700	0.004071715526601344	0.15000199999999353	0.013815494681958519	
461	2015-06-15	37.419998	36.830002	37.450001	36.73	1225200	0.016019439803451524	0.5899959999999993	0.019393966329966424	
462	2015-06-16	38.029999	37.450001	38.189999	37.209999	1934900	0.015487262603811312	0.5799979999999962	0.025967143614202357	
463	2015-06-17	38.32	38.150002	38.52	38.040001	1405400	0.004456041706105275	0.16999799999999965	0.01255391624025344	
464	2015-06-18	38.580002	38.369999	38.790001	38.369999	1508700	0.005473104130130428	0.21000300000000038	0.010916231177176897	
465	2015-06-19	39.009998	38.50	39.27	38.48	2069600	0.013246701298701377	0.5099980000000031	0.02038446704643203	
466	2015-06-22	38.759998	39.299999	39.380001	38.689999	1418100	-0.013740483810190341	-0.5400009999999966	0.017678760607689997	
467	2015-06-23	38.299999	38.830002	39.009998	38.240002	1792200	-0.013649316834956658	-0.5300030000000007	0.01996618669822152	
468	2015-06-24	37.91	38.32	38.43	37.82	1541600	-0.010699373695198426	-0.4100000000000037	0.016004197822379627	
469	2015-06-25	39.950001	38.060001	40.66	37.77	4790300	0.04965843274675691	1.8900000000000006	0.07409306309208898	
470	2015-06-26	40.110001	40.119999	40.630001	39.91	6323100	-0.00024920239903303737	-0.00999800000000306	0.017948423283061288	
471	2015-06-29	39.360001	39.779999	40.099998	39.290001	1308900	-0.010558019370488161	-0.41999799999999965	0.020469977255496662	
472	2015-06-30	39.48	39.66	39.66	39.169998	1667600	-0.0045385779122541535	-0.17999999999999972	0.012383169067475285	
473	2015-07-01	39.689999	39.84	39.860001	39.400002	2007400	-0.003765085341365541	-0.15000100000000316	0.011567936773141321	
474	2015-07-02	39.73	39.689999	40.07	39.540001	2117400	0.001007835752275948	0.04000099999999662	0.01334673902476387	
475	2015-07-06	39.549999	39.439999	39.689999	39.23	1857400	0.0027890467238601965	0.10999999999999943	0.01164701890484928	
476	2015-07-07	39.41	39.650002	39.700001	38.93	1748100	-0.0060530135660523815	-0.24000200000000405	0.01947890160690865	
477	2015-07-08	38.59	39.189999	39.380001	38.41	845200	-0.015310002942332222	-0.5999989999999968	0.024942170544383867	
478	2015-07-09	38.59	38.939999	38.939999	38.490002	1271400	-0.0089881615045752	-0.34999899999999684	0.011608332408207649	
479	2015-07-10	38.98	38.990002	39.07	38.740002	1177400	-0.0002565273015374574	-0.010002000000000066	0.008464742632685924	
480	2015-07-13	39.970001	39.16	40.029999	39.16	1278900	0.020684397344228982	0.8100010000000069	0.02198910625566655	
481	2015-07-14	40.119999	40.040001	40.220001	39.880001	1059500	0.0019979519980532308	0.07999800000000334	0.008483033932135814	
482	2015-07-15	40.25	40.150002	40.349998	39.98	1117700	0.0024906100876408268	0.09999799999999937	0.009203930119305283	
483	2015-07-16	40.57	40.290001	40.619999	40.009998	1166800	0.006949590296609913	0.27999900000000366	0.015087830632106891	
484	2015-07-17	40.549999	40.50	40.650002	40.32	686400	0.0012345432098765355	0.04999899999999968	0.008143170982642464	
485	2015-07-20	40.349998	40.650002	40.689999	40.310001	748100	-0.007380171838613963	-0.30000400000000127	0.00938266666666668	
486	2015-07-21	40.200001	40.369999	40.369999	39.82	738700	-0.0042109983703492206	-0.16999799999999965	0.013652699515948857	
487	2015-07-22	39.970001	40.029999	40.32	39.880001	1909700	-0.001498825918031952	-0.05999799999999311	0.010999975000000006	
488	2015-07-23	40.529999	40.189999	40.790001	40.009998	1311800	0.008459816085091127	0.3399999999999963	0.01932614022116288	
489	2015-07-24	39.93	40.330002	40.349998	39.57	1115500	-0.009918224154811613	-0.40000200000000063	0.019436779979148246	
490	2015-07-27	39.490002	39.75	39.75	39.299999	965200	-0.006540830188679322	-0.25999800000000306	0.011357925003585949	
491	2015-07-28	39.869999	39.650002	39.880001	39.130001	966700	0.005548473868929422	0.21999699999999933	0.018863178837233666	
492	2015-07-29	40.43	39.990002	40.48	39.830002	871900	0.011002700124896288	0.4399980000000028	0.01616508291059223	
493	2015-07-30	40.610001	40.279999	40.630001	40.040001	1198800	0.00819270129574731	0.33000200000000035	0.014587711707256855	
494	2015-07-31	44.799999	43.259998	45.50	43.259998	4672200	0.0355987302634641	1.5400009999999966	0.05087445097232962	
495	2015-08-03	45.27	44.709999	45.290001	44.709999	2123900	0.01252518480262099	0.5600009999999997	0.01289179832064664	
496	2015-08-04	45.049999	45.419998	45.950001	44.939999	1589100	-0.008146169447211336	-0.36999899999999997	0.02232788843797574	
497	2015-08-05	44.860001	45.330002	45.880001	44.439999	2211000	-0.010368431044852005	-0.47000100000000344	0.03193263004991806	
498	2015-08-06	44.259998	44.93	45.16	43.959999	1320600	-0.014912129979968766	-0.6700019999999967	0.026908869310659545	
499	2015-08-07	44.099998	44.18	44.279999	43.560001	1024600	-0.0018108193752829414	-0.08000200000000035	0.01631169044657198	
500	2015-08-10	44.380001	44.25	44.599998	44.139999	1578200	0.00293787570621469	0.13000100000000003	0.010380209744102255	
501	2015-08-11	43.82	44.130001	44.130001	43.459999	1516100	-0.007024722251875765	-0.31000099999999975	0.015235974812552797	
502	2015-08-12	43.959999	43.50	44.040001	43.310001	893100	0.010574689655172491	0.4599990000000034	0.016693345720253137	
503	2015-08-13	43.889999	43.950001	44.119999	43.700001	1270200	-0.0013652331885043011	-0.060001999999997224	0.009562795992714018	
504	2015-08-14	43.98	43.740002	44.099998	43.610001	653100	0.005486922474306242	0.23999799999999993	0.011171841970546296	
505	2015-08-17	44.279999	43.889999	44.66	43.02	1410400	0.008885851193571307	0.38999999999999346	0.03720086281503587	
506	2015-08-18	44.669998	44.400002	44.830002	44.009998	886900	0.006080990717072468	0.269995999999999	0.0184125743797013	
507	2015-08-19	44.400002	44.68	44.830002	44.290001	1011300	-0.006266741271262289	-0.2799979999999991	0.012123955722407901	
508	2015-08-20	43.490002	44.349998	44.349998	43.48	894000	-0.019391116996217282	-0.8599960000000024	0.019808697632058343	
509	2015-08-21	42.16	43.099998	43.130001	42.16	1732000	-0.02180969938792115	-0.9399980000000028	0.022753953149283523	
510	2015-08-24	40.830002	40.220001	42.040001	39.490002	1972300	0.015166608275320452	0.6100009999999969	0.06292409390780651	
511	2015-08-25	40.349998	41.91	42.049999	40.34	1575900	-0.037222667621092755	-1.5600019999999972	0.041575469039033926	
512	2015-08-26	41.099998	41.16	41.240002	39.84	2038700	-0.001457774538386716	-0.060001999999997224	0.034038464236286356	
513	2015-08-27	41.349998	41.57	41.799999	40.919998	2135600	-0.005292326196776544	-0.22000200000000092	0.021225302007363774	
514	2015-08-28	41.93	41.200001	41.93	41.040001	1108800	0.01771842190003829	0.7299989999999994	0.02141222156366877	
515	2015-08-31	40.970001	41.860001	42.040001	40.959999	836800	-0.02126134684038812	-0.8899999999999935	0.026077555811238377	
516	2015-09-01	39.93	40.610001	40.650002	39.709999	1417700	-0.016744668388459217	-0.6800009999999972	0.023342512747175092	
517	2015-09-02	41.009998	40.27	41.02	40.209999	1216200	0.01837591259001738	0.7399979999999999	0.019931127458935216	
518	2015-09-03	41.16	41.080002	41.349998	41.009998	1090600	0.001947370888638132	0.07999799999999624	0.008268482289190516	
519	2015-09-04	40.599998	40.720001	41.009998	40.330002	423400	-0.002947028414856966	-0.12000300000000408	0.016723954952335963	
520	2015-09-08	41.59	41.34	41.650002	40.889999	706500	0.006047411707789066	0.25	0.018328783311226275	
521	2015-09-09	41.790001	41.950001	42.139999	41.27	1543600	-0.0038140642714169113	-0.1600000000000037	0.02077857605018925	
522	2015-09-10	41.23	41.91	41.98	41.09	631800	-0.01622524457170126	-0.6799999999999997	0.02140967043541	
523	2015-09-11	40.900002	41.00	41.259998	40.709999	1051700	-0.002438975609756082	-0.09999799999999937	0.01343098868300393	
524	2015-09-14	42.34	41.16	42.450001	40.939999	977900	0.028668610301263532	1.1800000000000068	0.036167712574850304	
525	2015-09-15	42.450001	42.380001	42.610001	41.860001	523200	0.0016517224716441202	0.07000000000000028	0.017682423253980353	
526	2015-09-16	42.41	42.650002	42.689999	41.860001	637700	-0.005627244753704913	-0.24000200000000405	0.01951558853713649	
527	2015-09-17	43.34	42.799999	43.799999	42.27	871800	0.012616846089178735	0.5400010000000037	0.03552354348181491	
528	2015-09-18	42.509998	42.959999	43.43	42.34	1255400	-0.010474883856491717	-0.4500010000000003	0.02550602640128784	
529	2015-09-21	42.029999	42.700001	42.830002	41.880001	1205500	-0.015690912981477536	-0.6700020000000038	0.022424194500177044	
530	2015-09-22	41.459999	41.73	41.93	41.34	885300	-0.006470189312245232	-0.2700009999999935	0.014184397333626517	
531	2015-09-23	41.869999	41.50	42.00	41.32	1064800	0.008915638554216867	0.36999899999999997	0.016312822553830177	
532	2015-09-24	40.439999	41.619999	41.709999	40.220001	1839000	-0.028351754645645228	-1.1799999999999997	0.03631484368303299	
533	2015-09-25	39.169998	40.68	40.75	38.73	2428500	-0.037119026548672565	-1.510002	0.050594866639821406	
534	2015-09-28	36.400002	38.93	39.09	36.27	2778600	-0.0649883894169021	-2.529997999999999	0.07487056750642328	
535	2015-09-29	35.990002	36.50	36.720001	35.540001	2326000	-0.013972547945205563	-0.5099980000000031	0.032556213752070434	
536	2015-09-30	36.790001	36.349998	36.990002	36.00	2239600	0.012104622399153839	0.44000299999999726	0.027071425035157495	
537	2015-10-01	36.040001	36.82	36.939999	35.810001	2112800	-0.021184111895708953	-0.7799990000000037	0.031018336110096967	
538	2015-10-02	36.00	35.349998	36.169998	34.950001	2125400	0.01838761065842212	0.6500020000000006	0.03419753424520066	
539	2015-10-05	36.580002	36.259998	37.009998	36.150002	2279700	0.008825262483467242	0.3200039999999973	0.023613289401427852	
540	2015-10-06	35.400002	36.549999	36.68	35.00	2631000	-0.031463667071509334	-1.149996999999999	0.04669909594580825	
541	2015-10-07	35.889999	35.52	36.119999	34.959999	1636700	0.010416638513513512	0.36999899999999997	0.032488447451175476	
542	2015-10-08	35.66	35.689999	35.919998	34.799999	2057600	-0.0008405435931786847	-0.02999900000000366	0.0313945063965593	
543	2015-10-09	35.880001	35.68	35.970001	35.349998	1295500	0.005605409192825121	0.20000100000000032	0.017328199869645167	
544	2015-10-12	36.029999	35.919998	36.139999	35.43	709400	0.00306238881193693	0.1100009999999969	0.01973590075340805	
545	2015-10-13	35.389999	35.849998	36.200001	35.240002	1255600	-0.01283121410494908	-0.45999899999999627	0.02695112409957017	
546	2015-10-14	34.950001	35.450001	35.700001	34.740002	965600	-0.014104371957563555	-0.5	0.0272726980888439	
547	2015-10-15	35.259998	34.619999	35.459999	33.849998	1737100	0.018486395681294013	0.6399990000000031	0.046079023157370884	
548	2015-10-16	35.709999	35.349998	36.18	35.18	798000	0.010183904395129076	0.360001000000004	0.02814523057185043	
549	2015-10-19	36.00	35.599998	36.029999	35.310001	992000	0.011236011867191696	0.40000200000000063	0.020111676539432216	
550	2015-10-20	37.139999	36.720001	38.639999	36.59	3327300	0.011437853719012687	0.41999799999999965	0.05551039805036554	
551	2015-10-21	36.490002	37.259998	37.419998	36.060001	1090100	-0.020665486884889422	-0.7699960000000061	0.03688127457627118	
552	2015-10-22	25.40	26.809999	26.889999	20.33	20554000	-0.05259228096203967	-1.4099990000000027	0.2512928222810348	
553	2015-10-23	27.57	26.120001	27.700001	25.85	7769000	0.05551297643518474	1.4499990000000018	0.0689141726780746	
554	2015-10-26	26.99	27.530001	27.530001	26.77	2390100	-0.019615001103705017	-0.5400010000000002	0.027879713355104273	
555	2015-10-27	27.01	26.940001	27.17	26.469999	2765500	0.002598329524932193	0.06999900000000281	0.025949990251158673	
556	2015-10-28	27.58	26.790001	27.700001	26.40	2025600	0.029488576726816776	0.7899989999999981	0.047820525145842896	
557	2015-10-29	28.110001	27.75	28.290001	27.41	1717800	0.012973009009009025	0.36000100000000046	0.03150737501776987	
558	2015-10-30	28.200001	28.09	28.26	27.73	3322900	0.0039160199359202725	0.11000100000000046	0.01883105313854946	
559	2015-11-02	28.09	28.09	28.50	27.889999	2234300	0.0	0.0	0.02171594873620507	
560	2015-11-03	27.799999	27.93	28.24	27.76	1613200	-0.004654529180093091	-0.13000100000000003	0.017225910949684276	
561	2015-11-04	28.33	27.75	28.33	27.67	1394400	0.02090090090090084	0.5799999999999983	0.02353780313837363	
562	2015-11-05	29.139999	28.35	29.25	28.049999	1586100	0.027865925925925857	0.7899989999999981	0.041746426191449415	
563	2015-11-06	30.24	29.00	30.370001	28.91	2308600	0.04275862068965512	1.2399999999999984	0.04929105334233621	
564	2015-11-09	30.120001	30.00	30.309999	29.48	1949900	0.004000033333333282	0.12000099999999847	0.02761141005303712	
565	2015-11-10	29.82	29.950001	30.200001	29.43	1977300	-0.0043406008567412075	-0.13000100000000003	0.025765467194822384	
566	2015-11-11	27.860001	29.91	30.01	27.809999	7300100	-0.06853891675025074	-2.0499989999999997	0.07616413231497089	
567	2015-11-12	27.59	27.629999	28.139999	27.49	8887800	-0.0014476656332850996	-0.03999900000000167	0.023542159064508534	
568	2015-11-13	27.719999	27.32	27.959999	27.27	4098600	0.014641251830161094	0.3999990000000011	0.025072638536930213	
569	2015-11-16	27.60	27.73	27.780001	27.360001	2584500	-0.004688063469166931	-0.129999999999999	0.015181637448038972	
570	2015-11-17	27.190001	27.50	27.77	26.969999	3155100	-0.011272690909090954	-0.30999900000000125	0.029255841483711006	
571	2015-11-18	27.50	27.200001	27.549999	27.09	3191700	0.011029374594508276	0.2999989999999997	0.016818975926526942	
572	2015-11-19	25.67	27.290001	27.41	25.299999	7701700	-0.059362438279133754	-1.6200009999999985	0.07968281571595892	
573	2015-11-20	26.309999	25.92	26.559999	25.73	3784300	0.015046257716049364	0.38999899999999954	0.03178246279499261	
574	2015-11-23	27.309999	26.309999	27.639999	26.190001	2503300	0.038008363284240336	1.0	0.0540842243224254	
575	2015-11-24	27.940001	27.049999	27.98	26.870001	3144000	0.03290210842521654	0.8900019999999991	0.04037094017094025	
576	2015-11-25	28.120001	27.98	28.379999	27.950001	1571100	0.005003609721229379	0.14000099999999804	0.015329696696440388	
577	2015-11-27	28.26	28.190001	28.389999	28.059999	559300	0.0024831144915533282	0.06999900000000281	0.011691762414671996	
578	2015-11-30	27.50	28.110001	28.18	27.370001	1625600	-0.02170049727141598	-0.6100010000000005	0.02913141468923913	
579	2015-12-01	27.90	27.780001	27.92	27.35	1560000	0.004319618275031739	0.11999899999999997	0.02047413756332369	
580	2015-12-02	27.16	27.780001	27.99	27.049999	1286100	-0.02231824973656403	-0.6200009999999985	0.03421918394213349	
581	2015-12-03	26.41	26.860001	27.10	26.190001	1847700	-0.016753573464126092	-0.4500010000000003	0.03416553343034488	
582	2015-12-04	26.51	26.389999	26.709999	26.32	1359000	0.004547215026419744	0.12000100000000202	0.01474476398383295	
583	2015-12-07	26.00	26.40	26.50	25.90	1207600	-0.015151515151515098	-0.3999999999999986	0.02290076335877868	
584	2015-12-08	26.01	25.76	26.190001	25.610001	1730700	0.009704968944099378	0.25	0.022406799304616507	
585	2015-12-09	25.860001	25.860001	26.49	25.610001	1569300	0.0	0.0	0.034029349032120994	
586	2015-12-10	25.92	25.76	26.02	25.60	1581100	0.006211180124223607	0.16000000000000014	0.016253869969040175	
587	2015-12-11	25.280001	25.51	25.77	25.18	1084400	-0.009016032928263541	-0.22999900000000295	0.02323291940868439	
588	2015-12-14	24.049999	25.35	25.43	23.860001	2558200	-0.051282090729783104	-1.3000010000000017	0.06356271383730187	
589	2015-12-15	24.059999	24.25	24.42	23.719999	4228400	-0.007835092783505103	-0.19000099999999875	0.028979549347537773	
590	2015-12-16	24.02	24.18	24.559999	23.709999	1293900	-0.006617038875103397	-0.16000000000000014	0.03526970954356852	
591	2015-12-17	23.809999	24.139999	24.200001	23.639999	1583100	-0.013670257401419044	-0.3299999999999983	0.023357748628060455	
592	2015-12-18	23.440001	23.66	23.82	23.299999	2628400	-0.009298351648351707	-0.2199990000000014	0.02208072139956008	
593	2015-12-21	23.50	23.370001	23.709999	23.139999	3015800	0.0055626441778929125	0.12999900000000153	0.024322593891133063	
594	2015-12-22	24.67	24.27	25.01	23.98	4606600	0.016481252575195803	0.40000000000000213	0.042092357989374794	
595	2015-12-23	25.18	24.940001	25.23	24.66	2393100	0.009623054946950522	0.23999900000000096	0.022745410559748405	
596	2015-12-24	25.280001	25.17	25.450001	25.120001	1052500	0.004370321811680449	0.1100009999999969	0.013082259403721394	
597	2015-12-28	25.25	25.299999	25.360001	24.870001	2013500	-0.001976245137400981	-0.04999899999999968	0.01938674617975767	
598	2015-12-29	25.59	25.35	25.67	25.190001	1650000	0.009467455621301713	0.23999999999999844	0.01884566156262281	
599	2015-12-30	25.98	25.58	26.049999	25.379999	3028700	0.015637216575449656	0.40000000000000213	0.02598913886733895	
600	2015-12-31	25.969999	25.799999	26.17	25.799999	2257300	0.006589147542215087	0.1700000000000017	0.014294031844467215	
601	2016-01-04	25.82	25.59	25.85	25.33	2549300	0.008987885892926942	0.23000000000000043	0.020229527329313487	
602	2016-01-05	26.959999	25.799999	27.16	25.790001	3807200	0.04496124205276133	1.1600000000000001	0.051933246851146586	
603	2016-01-06	27.34	26.66	27.780001	26.50	7403600	0.025506376594148526	0.6799999999999997	0.04740744444444439	
604	2016-01-07	26.41	26.76	27.219999	26.200001	2871500	-0.013079222720478378	-0.3500000000000014	0.038367425239796915	
605	2016-01-08	26.389999	26.709999	27.10	26.24	2103900	-0.011980532084632437	-0.3200000000000003	0.03239171496767299	
606	2016-01-11	24.940001	26.67	27.00	24.709999	2550600	-0.0648668541432322	-1.729999000000003	0.08874252879785839	
607	2016-01-12	24.040001	25.209999	25.91	23.66	2886300	-0.04641007720785707	-1.1699979999999996	0.09137055837563451	
608	2016-01-13	21.700001	24.040001	24.23	21.200001	4448400	-0.09733776633370356	-2.34	0.1324879259952809	
609	2016-01-14	22.18	21.860001	22.389999	21.07	3467300	0.014638562916808616	0.31999899999999926	0.05994545731277341	
610	2016-01-15	22.969999	21.52	23.00	21.280001	4099400	0.06737913568773243	1.4499990000000018	0.07732070301912129	
611	2016-01-19	22.200001	23.190001	23.40	21.950001	1813900	-0.04269081316555349	-0.9899999999999984	0.06389067795150123	
612	2016-01-20	22.51	21.860001	22.879999	20.879999	2420100	0.02973462809997132	0.6499990000000011	0.0901510008981068	
613	2016-01-21	22.940001	22.50	23.82	22.450001	2240500	0.019555599999999944	0.44000099999999875	0.06029925043355523	
614	2016-01-22	23.440001	23.309999	23.690001	22.860001	1618400	0.00557709161634874	0.1300019999999975	0.03550802139037426	
615	2016-01-25	23.15	23.370001	23.60	23.059999	1535700	-0.009413820735394915	-0.2200009999999999	0.02321586364540277	
616	2016-01-26	23.58	23.17	23.74	22.83	1940600	0.017695295640914828	0.4099999999999966	0.03893048128342247	
617	2016-01-27	23.370001	23.50	24.00	23.23	2105800	-0.005531872340425597	-0.12999900000000153	0.03285683736170603	
618	2016-01-28	21.42	23.76	23.870001	21.40	4175500	-0.09848484848484847	-2.34	0.1093404603806994	
619	2016-01-29	22.10	21.440001	22.120001	21.440001	4332600	0.030783534011962158	0.6599990000000027	0.03123564466615422	
620	2016-02-01	22.08	21.99	22.26	21.74	2511900	0.004092769440654837	0.08999999999999986	0.023598820058997196	
621	2016-02-02	21.889999	21.85	22.15	21.719999	1538900	0.0018306178489701655	0.03999899999999812	0.019661683119837164	
622	2016-02-03	21.110001	21.90	22.02	20.77	2376300	-0.03607301369863005	-0.7899989999999981	0.05812601585384757	
623	2016-02-04	21.200001	20.889999	21.34	20.610001	2744000	0.014839732639527689	0.3100020000000008	0.03468752672843903	
624	2016-02-05	20.18	21.09	21.190001	19.809999	2276500	-0.04314841156946421	-0.9100000000000001	0.06687676278168149	
625	2016-02-08	18.98	19.90	19.90	18.639999	2115200	-0.04623115577889438	-0.9199999999999982	0.06481486625514399	
626	2016-02-09	18.99	18.74	19.24	18.309999	4250700	0.013340448239060833	0.25	0.049297694142591955	
627	2016-02-10	19.66	19.09	19.85	18.889999	3205400	0.02985856469355685	0.5700000000000003	0.04954843870967752	
628	2016-02-11	18.969999	19.370001	19.530001	18.73	2525600	-0.0206505926354881	-0.4000019999999971	0.04173192488262901	
629	2016-02-12	19.16	19.129999	19.299999	18.84	2729900	0.0015682698153825626	0.030000999999998612	0.024027109533223012	
630	2016-02-16	19.879999	18.790001	19.879999	18.639999	2771600	0.05800947003674994	1.0899980000000014	0.06413240237910535	
631	2016-02-17	21.09	19.92	21.25	19.879999	2620000	0.05873493975903605	1.1699999999999982	0.06681302121433788	
632	2016-02-18	20.950001	21.120001	21.49	20.620001	2955100	-0.008049242043122922	-0.16999999999999815	0.04135958919136728	
633	2016-02-19	21.030001	20.870001	21.129999	20.41	2344300	0.007666506580426141	0.16000000000000014	0.03436749239295986	
634	2016-02-22	21.91	21.27	22.76	21.25	4951500	0.030089327691584417	0.6400000000000006	0.06993978693839747	
635	2016-02-23	22.459999	21.700001	23.02	21.190001	4556000	0.03502294769479501	0.7599979999999995	0.08288038949275367	
636	2016-02-24	21.99	22.219999	22.280001	21.27	2471600	-0.010350990564851193	-0.22999900000000295	0.0456910664033265	
637	2016-02-25	22.030001	22.16	22.90	21.950001	2371300	-0.005866380866426062	-0.12999900000000153	0.04299610674369518	
638	2016-02-26	22.57	22.25	22.73	21.84	2861400	0.014382022471910125	0.3200000000000003	0.039714413208389136	
639	2016-02-29	21.99	22.50	22.700001	21.639999	3128900	-0.022666666666666738	-0.5100000000000016	0.04765124747134192	
640	2016-03-01	22.49	22.09	22.540001	21.559999	2376400	0.01810774105930279	0.3999999999999986	0.04396599371915653	
641	2016-03-02	22.950001	22.370001	23.290001	22.34	2622800	0.02592758042344307	0.5800000000000018	0.04192413760264178	
642	2016-03-03	23.549999	22.950001	23.940001	22.809999	1862100	0.026143702564544524	0.5999979999999994	0.04860223655913968	
643	2016-03-04	23.25	23.52	23.74	22.98	1670300	-0.011479591836734675	-0.2699999999999996	0.032499465469317854	
644	2016-03-07	23.66	23.129999	23.790001	23.00	1624000	0.022914008772762964	0.5300009999999986	0.033767942589611945	
645	2016-03-08	21.99	23.66	23.68	21.940001	3030800	-0.07058326289095528	-1.6700000000000017	0.07623215772179633	
646	2016-03-09	21.620001	22.10	22.25	21.030001	2674400	-0.021719411764706015	-0.47999900000000295	0.055809651056503935	
647	2016-03-10	20.65	21.75	21.889999	20.440001	2343600	-0.05057471264367823	-1.1000000000000014	0.06839613207547174	
648	2016-03-11	21.60	20.82	22.01	20.709999	4032300	0.03746397694524501	0.7800000000000011	0.06129189061763327	
649	2016-03-14	20.940001	21.84	21.90	20.77	3808100	-0.041208745421245474	-0.8999990000000011	0.052828423262542654	
650	2016-03-15	20.02	20.76	20.83	19.73	3770800	-0.03564547206165713	-0.740000000000002	0.05394801373222157	
651	2016-03-16	20.209999	20.33	20.700001	19.93	4461300	-0.005902656173143063	-0.12000099999999847	0.03798722343333066	
652	2016-03-17	20.139999	20.27	20.870001	19.629999	4499600	-0.00641346817957573	-0.13000100000000003	0.06137104828931062	
653	2016-03-18	21.389999	20.219999	21.40	19.950001	5024300	0.05786350434537599	1.1699999999999982	0.06969474019200857	
654	2016-03-21	20.959999	21.370001	21.65	20.43	3643900	-0.01918586714151294	-0.41000199999999865	0.057642334042050505	
655	2016-03-22	20.780001	20.889999	20.940001	20.50	1877600	-0.0052655818700614076	-0.10999800000000093	0.021118358531317435	
656	2016-03-23	19.74	20.780001	20.870001	19.57	3862800	-0.05004816891009775	-1.0400010000000002	0.06416589180242115	
657	2016-03-24	20.09	19.60	20.120001	19.290001	2861700	0.024999999999999918	0.48999999999999844	0.04182413706223222	
658	2016-03-28	19.85	20.139999	20.209999	19.559999	1955700	-0.014399156623592589	-0.2899989999999981	0.032508127844664295	
659	2016-03-29	20.309999	19.85	20.41	19.49	3595500	0.023173753148614598	0.4599989999999998	0.045816734208584106	
660	2016-03-30	20.469999	20.50	20.60	19.370001	4923100	-0.0014634634146340787	-0.030000999999998612	0.06004388723563322	
661	2016-03-31	20.40	20.43	20.65	20.17	3358200	-0.0014684287812041672	-0.030000000000001137	0.023512123438647902	
662	2016-04-01	19.85	20.23	20.23	19.67	3160000	-0.018783984181908006	-0.379999999999999	0.027944111776447043	
663	2016-04-04	19.43	19.83	19.93	19.41	3374000	-0.020171457387796198	-0.3999999999999986	0.026490066225165542	
664	2016-04-05	19.10	19.219999	19.48	18.860001	3007900	-0.006243444653665172	-0.11999899999999997	0.032359030071999736	
665	2016-04-06	20.09	19.059999	20.15	18.440001	6556500	0.054039929382997266	1.0300009999999986	0.08735627298483455	
666	2016-04-07	20.73	20.01	20.91	20.00	3760600	0.03598200899550219	0.7199999999999989	0.04467353951890035	
667	2016-04-08	21.15	20.940001	21.58	20.83	4518200	0.010028605060716083	0.20999899999999982	0.03563791789883778	
668	2016-04-11	20.59	21.200001	21.23	20.51	1921600	-0.028773630718224988	-0.6100010000000005	0.03445800348269907	
669	2016-04-12	20.700001	20.57	20.809999	20.35	1307600	0.006319931939718038	0.13000100000000003	0.022292172951485986	
670	2016-04-13	21.309999	20.84	21.60	20.82	2243600	0.022552735124760144	0.4699990000000014	0.03701067703465431	
671	2016-04-14	22.16	21.32	22.16	21.309999	3774800	0.03939962476547842	0.8399999999999999	0.03909848206071752	
672	2016-04-15	22.15	22.02	22.280001	21.549999	2726600	0.005903723887375069	0.129999999999999	0.03305419968304274	
673	2016-04-18	22.08	22.059999	22.209999	21.92	1959000	0.0009066636857053823	0.02000099999999705	0.01313996404938741	
674	2016-04-19	21.98	22.280001	22.290001	21.639999	3029700	-0.013465035302287383	-0.3000009999999982	0.029371983068866202	
675	2016-04-20	22.879999	21.959999	23.040001	21.809999	2723600	0.04189435527752081	0.9200000000000017	0.05486182225075027	
676	2016-04-21	22.639999	22.77	23.08	22.43	1724600	-0.005709310496267019	-0.13000100000000003	0.028628056124819497	
677	2016-04-22	22.92	22.690001	23.219999	22.549999	2066800	0.010136579544443518	0.22999900000000295	0.029379521390495114	
678	2016-04-25	22.52	22.92	23.01	22.469999	2824600	-0.017452006980802882	-0.40000000000000213	0.023767649647887332	
679	2016-04-26	23.15	22.67	23.190001	22.52	2930800	0.02117335685928526	0.4799999999999969	0.02924491488432995	
680	2016-04-27	23.049999	23.190001	23.299999	22.85	2103400	-0.006037170934145241	-0.14000199999999907	0.019463624567473976	
681	2016-04-28	22.809999	22.860001	23.719999	22.74	2624100	-0.0021873139900562217	-0.050001999999999214	0.0429165316400264	
682	2016-04-29	22.629999	22.809999	22.84	22.120001	2107200	-0.007891276102204112	-0.17999999999999972	0.03169009822579664	
683	2016-05-02	22.620001	22.629999	22.73	22.09	2598600	-0.00044180293600556763	-0.00999800000000306	0.028287292817679582	
684	2016-05-03	22.85	22.379999	23.059999	22.280001	2510800	0.021000939276181373	0.4700009999999999	0.03449029481517355	
685	2016-05-04	22.07	22.639999	22.780001	21.76	2986000	-0.025176635387660542	-0.5699989999999993	0.045627422179096766	
686	2016-05-05	21.809999	22.09	22.379999	21.549999	2920700	-0.012675464010864583	-0.2800009999999986	0.037813212706451396	
687	2016-05-06	23.73	24.049999	24.99	23.35	6198600	-0.013305572278817943	-0.31999899999999926	0.06864797129861794	
688	2016-05-09	23.58	23.780001	23.969999	23.34	2603100	-0.00841047063034187	-0.20000100000000032	0.026604686938245695	
689	2016-05-10	23.90	23.620001	24.07	23.10	1920800	0.011854317872382822	0.2799990000000001	0.04082491496580562	
690	2016-05-11	23.74	23.799999	24.280001	23.549999	1686800	-0.0025209664924776363	-0.059999000000001246	0.030711065012853662	
691	2016-05-12	23.10	23.879999	24.110001	22.940001	2875500	-0.032663276074676555	-0.7799990000000001	0.049808430178979	
692	2016-05-13	23.219999	23.07	23.549999	22.870001	1492800	0.006501907238838366	0.1499990000000011	0.029379909902352824	
693	2016-05-16	22.83	23.309999	23.309999	22.629999	1970500	-0.02059197857537458	-0.47999900000000295	0.029475509958290187	
694	2016-05-17	22.870001	23.219999	23.530001	22.41	2513700	-0.01507312726413136	-0.3499980000000029	0.04860060750705135	
695	2016-05-18	22.620001	22.83	23.049999	22.43	1650600	-0.009198379325448964	-0.20999899999999982	0.027282683668147772	
696	2016-05-19	22.809999	22.48	22.93	22.129999	2353800	0.014679670818505373	0.3299990000000008	0.0353279318906586	
697	2016-05-20	23.26	22.870001	23.35	22.74	1920600	0.01705286326834892	0.3899990000000031	0.02644699704212029	
698	2016-05-23	23.469999	23.23	23.58	23.02	2411000	0.010331424881618638	0.23999900000000096	0.02398286989256675	
699	2016-05-24	24.139999	23.549999	24.33	22.940001	2746000	0.025053079620088303	0.5899999999999999	0.05829310372376193	
700	2016-05-25	24.48	24.379999	24.780001	24.129999	2255400	0.004101763909014061	0.1000009999999989	0.026606713602265814	
701	2016-05-26	24.049999	24.43	24.530001	23.99	1282500	-0.015554686860417522	-0.38000100000000003	0.022277269436412332	
702	2016-05-27	24.389999	24.040001	24.92	24.040001	1614400	0.014558984419343383	0.34999799999999937	0.03634106958496806	
703	2016-05-31	24.809999	24.530001	24.91	24.360001	1659400	0.011414512376090105	0.27999800000000263	0.022294244021078217	
704	2016-06-01	24.879999	24.639999	25.01	24.50	1449700	0.009740260135562586	0.240000000000002	0.020597739119456407	
705	2016-06-02	25.24	24.809999	25.34	24.610001	1403600	0.01733176208511726	0.4300009999999972	0.02917078979362215	
706	2016-06-03	24.809999	25.24	25.32	24.809999	2103500	-0.01703648969889054	-0.4300009999999972	0.02037966074684633	
707	2016-06-06	25.299999	24.870001	25.530001	24.67	1839700	0.017289826405716722	0.4299980000000012	0.034283476180984526	
708	2016-06-07	25.540001	25.219999	25.790001	25.200001	1881400	0.012688422390500442	0.3200019999999988	0.023246650906225366	
709	2016-06-08	25.66	25.58	27.59	25.360001	1972600	0.0031274433150899864	0.08000000000000185	0.08704133489461356	
710	2016-06-09	27.799999	27.99	28.469999	26.60	15784100	-0.006788174347981378	-0.19000099999999875	0.0670370687764307	
711	2016-06-10	27.65	27.50	27.690001	27.07	3269100	0.005454545454545403	0.14999999999999858	0.022484170444242918	
712	2016-06-13	27.18	27.450001	27.610001	27.129999	3684800	-0.00983610164531508	-0.2700010000000006	0.01757283511673371	
713	2016-06-14	27.540001	27.50	27.76	27.27	2773100	0.0014545818181818245	0.040001000000000175	0.017805232234643382	
714	2016-06-15	27.51	27.700001	27.77	27.440001	1697100	-0.006859241629630221	-0.19000099999999875	0.011954319653064335	
715	2016-06-16	25.809999	25.83	26.629999	25.74	13435200	-0.0007743321718930333	-0.02000099999999705	0.03446936550095607	
716	2016-06-17	26.040001	25.540001	26.219999	25.540001	6325400	0.019577133141067612	0.5	0.026366730268835632	
717	2016-06-20	26.549999	26.389999	27.139999	26.120001	4002700	0.006062902844369193	0.16000000000000014	0.0385341155471899	
718	2016-06-21	26.559999	26.76	26.76	26.10	2159400	-0.0074738789237668276	-0.20000100000000032	0.024756189511556448	
719	2016-06-22	26.58	26.67	27.09	26.42	2332100	-0.003374578177727912	-0.09000000000000341	0.02516431924882622	
720	2016-06-23	26.68	26.879999	27.110001	26.639999	3409700	-0.007440439264897361	-0.19999900000000181	0.01755048576457221	
721	2016-06-24	25.99	25.68	26.209999	25.559999	3176700	0.01207165109034263	0.3099999999999987	0.02515966711825038	
722	2016-06-27	25.120001	25.719999	25.84	24.52	3157900	-0.02332807244665923	-0.5999980000000029	0.05192761605035406	
723	2016-06-28	25.299999	25.48	25.93	25.280001	2369500	-0.007064403453689197	-0.18000100000000074	0.02560059128792031	
724	2016-06-29	25.35	25.700001	25.700001	25.24	3538200	-0.013618715423396243	-0.3500009999999989	0.01802158632670749	
725	2016-06-30	25.370001	25.50	25.50	24.860001	3285200	-0.00509800000000006	-0.12999900000000153	0.025162138290502473	
726	2016-07-01	24.959999	25.40	25.540001	24.92	3179800	-0.017322874015747985	-0.44000099999999875	0.02462275664461385	
727	2016-07-05	24.32	24.950001	24.950001	23.93	2608000	-0.025250540070118635	-0.630001	0.0414045455367456	
728	2016-07-06	25.09	24.17	25.09	24.10	3046300	0.03806371534960687	0.9199999999999982	0.040194884287454255	
729	2016-07-07	25.040001	25.120001	25.549999	24.959999	3683000	-0.0031847132490161246	-0.0799999999999983	0.0235247199551547	
730	2016-07-08	25.700001	25.219999	25.74	25.10	4144800	0.019032593934678543	0.48000199999999893	0.02513747054202659	
731	2016-07-11	26.00	25.91	26.209999	25.84	3146000	0.00347356233114627	0.08999999999999986	0.014255403583124639	
732	2016-07-12	26.24	26.290001	26.35	26.110001	2287300	-0.0019019017914834518	-0.05000100000000174	0.009137597389347126	
733	2016-07-13	26.440001	26.33	26.51	26.15	1498700	0.004177781997721248	0.11000100000000046	0.013644115716427712	
734	2016-07-14	26.02	26.700001	26.700001	25.99	1163900	-0.02546820129332582	-0.6800010000000007	0.026934787046001836	
735	2016-07-15	25.809999	26.049999	26.16	25.629999	1281000	-0.009213052177084477	-0.23999999999999844	0.020439684552243854	
736	2016-07-18	26.059999	25.68	26.059999	25.68	1634400	0.014797468847352085	0.37999900000000153	0.014688790388264273	
737	2016-07-19	25.780001	26.059999	26.110001	25.48	1076900	-0.01074435958343677	-0.27999800000000263	0.02430559413580247	
738	2016-07-20	26.049999	25.780001	26.10	25.74	1998900	0.010473157080172381	0.26999800000000107	0.013891568589620026	
739	2016-07-21	25.83	25.950001	26.190001	25.60	2014700	-0.004624315814091954	-0.12000100000000202	0.02278875969894235	
740	2016-07-22	26.049999	25.85	26.32	25.629999	1718900	0.007736905222437069	0.19999899999999826	0.02658963442369233	
741	2016-07-25	25.450001	26.08	26.10	25.309999	1569200	-0.024156403374233054	-0.629998999999998	0.030661788653953265	
742	2016-07-26	25.459999	25.309999	25.49	25.08	1715800	0.005926511494528252	0.14999999999999858	0.016151271071548994	
743	2016-07-27	24.870001	25.34	25.43	24.83	1767700	-0.01854771112865041	-0.4699990000000014	0.023899621113331642	
744	2016-07-28	24.370001	24.790001	24.790001	24.309999	1849200	-0.016942314766344772	-0.4200000000000017	0.01952815217542094	
745	2016-07-29	24.59	24.25	24.719999	24.25	2217200	0.014020618556701026	0.33999999999999986	0.019246478296478353	
746	2016-08-01	23.59	24.58	24.879999	23.559999	4161600	-0.04027664768104144	-0.9899999999999984	0.05480589578575878	
747	2016-08-02	23.540001	23.51	24.030001	23.030001	3585800	0.00127609527860479	0.030000999999998612	0.04250796934095708	
748	2016-08-03	23.65	23.280001	23.709999	22.469999	5824100	0.015893427152344194	0.36999899999999997	0.05284466113691319	
749	2016-08-04	22.959999	22.65	23.440001	22.620001	3428900	0.01368649006622522	0.30999900000000125	0.03595702775612866	
750	2016-08-05	23.23	23.040001	23.370001	22.950001	1650900	0.008246484017079697	0.18999900000000025	0.01815431125666058	
751	2016-08-08	22.360001	23.24	23.35	22.32	2959000	-0.03786570567986222	-0.879998999999998	0.04517543760580186	
752	2016-08-09	22.110001	22.440001	22.530001	22.040001	1390500	-0.01470588169759878	-0.3299999999999983	0.021997754343535087	
753	2016-08-10	21.99	22.120001	22.139999	21.790001	1998700	-0.005877079300312873	-0.13000100000000003	0.015869326323524655	
754	2016-08-11	22.00	22.040001	22.16	21.92	1907400	-0.0018149273223717266	-0.040001000000000175	0.010899182313824127	
755	2016-08-12	21.84	21.82	22.02	21.60	2422900	0.0009165902841429685	0.019999999999999574	0.01923957856161238	
756	2016-08-15	21.74	21.98	22.07	21.709999	2684100	-0.010919017288444131	-0.240000000000002	0.016468481244281814	
757	2016-08-16	21.120001	21.700001	21.780001	21.120001	1530700	-0.026728109367368316	-0.5800000000000018	0.030826715047794724	
758	2016-08-17	20.629999	21.120001	21.23	20.200001	4197300	-0.02320085117420198	-0.49000199999999694	0.04934126946107785	
759	2016-08-18	21.709999	20.620001	21.799999	20.620001	4248500	0.052861200152221205	1.0899980000000014	0.055752326954878396	
760	2016-08-19	21.280001	21.540001	21.60	21.040001	1615300	-0.012070565827736107	-0.26000000000000156	0.026155953939469748	
761	2016-08-22	20.98	21.23	21.379999	20.93	1542100	-0.011775788977861516	-0.25	0.021321914238332233	
762	2016-08-23	21.18	21.10	21.290001	21.02	1811700	0.0037914691943127152	0.0799999999999983	0.012772043519394542	
763	2016-08-24	20.700001	21.17	21.34	20.67	1667000	-0.022201180916391183	-0.4699990000000014	0.0320038205874415	
