#index	date	close	open	high	low	volume	percent_change	dollar_change	spread
0	2015-06-18	29.68	30.40	31.90	29.50	52076000	-0.023684210526315752	-0.7199999999999989	0.07989347536617838	
1	2015-06-19	32.50	31.16	33.950001	30.33	25871400	0.043003851091142485	1.3399999999999999	0.11372921771913297	
2	2015-06-22	37.060001	35.650002	40.450001	35.00	33816800	0.039551161876512635	1.4099989999999991	0.1499106250896455	
3	2015-06-23	37.880001	39.84	40.380001	37.099998	20986400	-0.04919676204819285	-1.9599990000000034	0.08440563452900626	
4	2015-06-24	36.009998	36.52	36.75	35.25	13661800	-0.01396500547645126	-0.5100020000000001	0.04136219609436636	
5	2015-06-25	36.59	37.52	37.549999	36.110001	7786800	-0.0247867803837953	-0.9299999999999997	0.03886109836729193	
6	2015-06-26	34.75	36.900002	36.93	33.650002	7374600	-0.058265633698339654	-2.1500020000000006	0.09155611747226466	
7	2015-06-29	33.279999	33.099998	34.400002	32.50	5568200	0.0054380970053229975	0.1800009999999972	0.05724622132778947	
8	2015-06-30	38.23	35.049999	38.23	34.50	12612100	0.09072756321619288	3.180000999999997	0.10180131143287807	
9	2015-07-01	42.380001	39.290001	42.380001	38.380001	27215100	0.07864596389295088	3.0900000000000034	0.09795518310382802	
10	2015-07-02	42.240002	41.82	44.380001	41.490002	17679300	0.010043089430894228	0.42000199999999666	0.06876038380298881	
11	2015-07-06	40.189999	41.150002	43.00	39.75	9343300	-0.023329354880711802	-0.9600030000000004	0.0799114816829176	
12	2015-07-07	42.150002	42.360001	42.98	39.00	20890700	-0.00495748335794412	-0.20999899999999627	0.09419003333842023	
13	2015-07-08	41.740002	41.369999	42.93	40.610001	10754800	0.008943751726945823	0.370002999999997	0.05582959865443878	
14	2015-07-09	42.25	43.23	44.00	42.200001	10483800	-0.02266944251677069	-0.9799999999999969	0.042115091249415065	
15	2015-07-10	42.099998	43.259998	43.599998	41.880001	7193700	-0.026814610578576623	-1.1600000000000037	0.040299837877218254	
16	2015-07-13	43.48	43.290001	44.59	42.75	14892500	0.004388981187595728	0.18999900000000025	0.04241097104516579	
17	2015-07-14	46.00	44.700001	46.00	43.759998	14656800	0.029082751027231513	1.2999989999999997	0.049393648849022545	
18	2015-07-15	47.290001	46.869999	48.978001	45.259998	18440300	0.008960998697695654	0.42000199999999666	0.07897202633814775	
19	2015-07-16	47.779999	47.849998	48.00	46.009998	9294600	-0.0014628840736838236	-0.06999900000000281	0.04161878202296706	
20	2015-07-17	47.169998	47.240002	47.400002	46.25	6670400	-0.001481879700174384	-0.07000399999999729	0.024361868446139193	
21	2015-07-20	44.470001	45.900002	47.200001	43.07	13186100	-0.031154704524849416	-1.4300009999999972	0.09140203303965809	
22	2015-07-21	46.869999	43.950001	47.029999	43.509998	7239500	0.06643908836316066	2.9199979999999996	0.07751598766791441	
23	2015-07-22	45.529999	46.099998	47.43	45.02	5160300	-0.012364404007132556	-0.5699990000000028	0.0526028610477854	
24	2015-07-23	46.200001	46.709999	47.25	45.830002	4668700	-0.010918390300115464	-0.5099980000000031	0.030567172532558383	
25	2015-07-24	45.540001	46.700001	46.700001	45.18	3305800	-0.024839399896372672	-1.1600000000000037	0.03295752313622024	
26	2015-07-27	43.93	45.00	45.23	41.700001	7137200	-0.023777777777777783	-1.0700000000000003	0.07938826042955124	
27	2015-07-28	45.470001	44.310001	45.82	43.400002	3738800	0.026179191465150357	1.1600000000000037	0.05390951093986386	
28	2015-07-29	44.07	45.400002	45.650002	43.779999	2711100	-0.02929519694734816	-1.3300020000000004	0.04180178737449909	
29	2015-07-30	45.189999	44.290001	45.419998	42.639999	2980900	0.020320568518388694	0.8999980000000036	0.062136767992847494	
30	2015-07-31	47.599998	45.00	47.84	44.450001	5661000	0.05777773333333332	2.5999979999999994	0.07321812253170898	
31	2015-08-03	48.959999	49.139999	50.990002	48.049999	15411200	-0.0036630037375458575	-0.17999999999999972	0.05993890030456468	
32	2015-08-04	49.689999	50.00	50.637001	48.25	7803700	-0.006200019999999995	-0.31000099999999975	0.0478884747506116	
33	2015-08-05	51.639999	50.349998	51.900002	49.470001	20018400	0.025620676290791584	1.2900010000000037	0.047651751573244916	
34	2015-08-06	44.599998	46.639999	47.900002	43.560001	22572800	-0.043739301966966244	-2.0400010000000037	0.09513373833188532	
35	2015-08-07	42.68	45.080002	45.509998	41.50	9449900	-0.053238728782665105	-2.4000020000000006	0.09138554942147797	
36	2015-08-10	43.150002	43.209999	44.400002	42.509998	6029000	-0.0013884980649965472	-0.05999700000000274	0.043770356139759596	
37	2015-08-11	42.93	42.900002	44.099998	42.25	3392800	0.0006992540466548016	0.02999799999999908	0.04310842262359493	
38	2015-08-12	41.18	41.759998	42.41	39.200001	7352500	-0.013888841661343071	-0.5799980000000033	0.07740533102014292	
39	2015-08-13	42.25	42.25	42.990002	41.509998	3396900	0.0	0.0	0.03502968047337263	
40	2015-08-14	44.650002	43.09	44.98	42.82	5351500	0.03620334184265484	1.5600019999999972	0.049236379091944775	
41	2015-08-17	44.93	44.639999	45.25	43.709999	3287800	0.006496438317572467	0.2900009999999966	0.03438653605433214	
42	2015-08-18	43.77	44.549999	44.889999	42.66	3472400	-0.017508395454733826	-0.7799989999999966	0.050498166332633376	
43	2015-08-19	43.099998	43.130001	43.720001	42.790001	1954800	-0.0006956410689626617	-0.030003000000000668	0.02157021943140709	
44	2015-08-20	41.41	41.880001	42.50	41.00	3656000	-0.011222564201944585	-0.47000100000000344	0.0360187293070149	
45	2015-08-21	38.650002	38.549999	40.400002	37.689999	6946900	0.0025941116107422195	0.10000300000000095	0.07020733069679624	
46	2015-08-24	37.360001	32.290001	37.360001	30.51	8051100	0.1570145507273289	5.07	0.19669779765404732	
47	2015-08-25	36.77	40.080002	40.080002	36.529999	3220700	-0.08258487611851908	-3.3100019999999972	0.09238784404976343	
48	2015-08-26	38.400002	38.16	38.50	36.25	2905200	0.006289360587002203	0.24000200000000405	0.05877742793162414	
49	2015-08-27	34.970001	39.790001	40.00	33.540001	8588700	-0.12113596076562033	-4.819999999999993	0.17281965829802956	
50	2015-08-28	33.799999	34.32	35.00	33.259998	4249200	-0.015151544289044307	-0.5200010000000006	0.05108637773174356	
51	2015-08-31	34.490002	34.240002	35.50	33.75	4630800	0.00730140144267515	0.25	0.05092390217233219	
52	2015-09-01	32.889999	33.099998	34.09	32.400002	2785100	-0.006344381047998743	-0.20999899999999627	0.05121982351355472	
53	2015-09-02	33.57	33.41	33.599998	32.68	1774600	0.004788985333732527	0.1600000000000037	0.02747082711257091	
54	2015-09-03	33.049999	33.599998	34.25	32.521999	2058300	-0.016369018831489206	-0.5499989999999997	0.05185299558228034	
55	2015-09-04	31.879999	32.25	32.700001	31.25	1795900	-0.011472899224806155	-0.37000099999999847	0.04522067745549163	
56	2015-09-08	35.459999	34.73	35.889999	34.099998	6704000	0.021019262885113923	0.7299990000000065	0.051004445804309066	
57	2015-09-09	35.950001	36.689999	37.389999	35.310001	4585200	-0.020168929413162423	-0.7399979999999999	0.05726866740088115	
58	2015-09-10	34.23	35.560001	35.990002	33.799999	3044600	-0.03740160187284592	-1.3300010000000029	0.06275979276744809	
59	2015-09-11	32.400002	33.799999	34.00	31.280001	4948300	-0.041420030811243486	-1.399996999999999	0.08217519513330525	
60	2015-09-14	32.00	33.130001	33.200001	31.709999	2215100	-0.03410808831548179	-1.130001	0.04575470527015655	
61	2015-09-15	33.040001	33.25	33.990002	32.41	5245900	-0.0063157593984963425	-0.20999900000000338	0.04766939134606441	
62	2015-09-16	37.099998	34.610001	38.450001	33.849998	10125400	0.07194443594497447	2.4899970000000025	0.12829460505221876	
63	2015-09-17	39.880001	36.459999	40.898998	36.099998	18266700	0.09380148364787383	3.4200019999999967	0.12572701074141995	
64	2015-09-18	40.720001	39.25	42.040001	38.599998	13693400	0.03745225477707015	1.4700010000000034	0.08603233605061472	
65	2015-09-21	38.09	41.75	41.919998	37.75	8257800	-0.08766467065868255	-3.6599999999999966	0.10445886773547093	
66	2015-09-22	39.490002	36.990002	39.889999	36.73	5301100	0.06758583035491592	2.5	0.08263595279100683	
67	2015-09-23	39.110001	39.93	40.367001	38.650002	3037100	-0.020535912847483167	-0.8199990000000028	0.04344633042198472	
68	2015-09-24	38.790001	38.299999	38.950001	37.00	2766400	0.012793786234824626	0.49000199999999694	0.05059024516798548	
69	2015-09-25	37.599998	39.700001	40.240002	37.299999	3207400	-0.05289679967514361	-2.100003000000001	0.07606734897887896	
70	2015-09-28	36.049999	36.919998	37.16	35.259998	2802100	-0.02356443789623174	-0.869999	0.05207625265490948	
71	2015-09-29	35.299999	36.040001	36.27	34.259998	2651300	-0.02053279632261933	-0.7400019999999969	0.056349929913092234	
72	2015-09-30	37.689999	35.59	37.689999	34.709999	5896100	0.059005310480471945	2.099998999999997	0.08133187883913581	
73	2015-10-01	38.049999	37.240002	38.529999	36.310001	2506500	0.021750723858715227	0.8099970000000027	0.05897192111871528	
74	2015-10-02	37.299999	37.150002	38.400002	37.00	2106900	0.00403760408949639	0.14999699999999905	0.03760918686891625	
75	2015-10-05	38.099998	37.849998	38.970001	37.32	3231600	0.006605020164069757	0.25	0.043449666541128015	
76	2015-10-06	36.400002	38.009998	38.099998	35.830002	2675900	-0.0423571713947473	-1.6099960000000024	0.06101319715092055	
77	2015-10-07	35.25	36.700001	36.880001	33.66	3506200	-0.039509562956142705	-1.4500010000000003	0.08950662835988017	
78	2015-10-08	34.669998	34.790001	35.77	33.43	2678700	-0.003449353163283812	-0.12000299999999697	0.06737690854271401	
79	2015-10-09	35.360001	35.099998	36.099998	34.650002	1829100	0.007407493299572198	0.26000299999999754	0.04115799093326694	
80	2015-10-12	36.099998	36.02	36.48	35.75	1284300	0.002220932815102616	0.07999799999999624	0.02024403827631822	
81	2015-10-13	36.169998	36.32	37.880001	34.759998	3128400	-0.004130011013215877	-0.15000200000000063	0.08608092388138835	
82	2015-10-14	35.599998	36.25	36.313	34.950001	1241000	-0.01793108965517243	-0.6500020000000006	0.037940126317052986	
83	2015-10-15	37.099998	35.50	37.110001	35.439999	1357300	0.04507036619718308	1.5999979999999994	0.046005566005662885	
84	2015-10-16	36.900002	37.259998	37.599998	36.529999	1215700	-0.009661728913673114	-0.3599960000000024	0.02885649946062575	
85	2015-10-19	37.41	36.75	38.98	36.549999	2893800	0.017959183673469294	0.6599999999999966	0.06553400755124049	
86	2015-10-20	38.50	39.209999	41.110001	38.099998	6884500	-0.018107600563825654	-0.7099990000000034	0.07746758560632583	
87	2015-10-21	36.82	39.189999	39.50	35.419998	3102800	-0.06047458689651918	-2.369999	0.10735434952446192	
88	2015-10-22	37.09	37.599998	38.060001	35.82	2095100	-0.01356377731722209	-0.509997999999996	0.05998128424103049	
89	2015-10-23	38.470001	37.82	38.599998	37.50	2055700	0.017186700158646304	0.6500010000000032	0.028837278426566002	
90	2015-10-26	37.369999	38.18	38.779999	37.25	1688400	-0.021215322158198	-0.8100009999999997	0.0405029522237319	
91	2015-10-27	37.669998	37.25	37.900002	36.889999	1042000	0.011275114093959723	0.41999799999999965	0.026962173704275796	
92	2015-10-28	39.09	38.299999	39.41	37.82	2262700	0.020626658502001623	0.7900010000000037	0.04109058070927217	
93	2015-10-29	37.57	38.209999	38.700001	37.00	3482800	-0.016749516271905764	-0.6399990000000031	0.044866746435296215	
94	2015-10-30	40.540001	38.200001	40.779999	37.66	5732200	0.06125654289904328	2.3399999999999963	0.07924813108335964	
95	2015-11-02	40.799999	41.529999	41.970001	39.93	12417100	-0.01757765513069232	-0.7299999999999969	0.049556687709381556	
96	2015-11-03	37.310001	38.00	39.130001	37.169998	14193400	-0.018157868421052638	-0.6899990000000003	0.052051599361949294	
97	2015-11-04	37.82	37.98	38.439999	37.50	4835400	-0.0042127435492363505	-0.1599999999999966	0.024802084432717687	
98	2015-11-05	36.860001	37.549999	37.740002	36.599998	3092100	-0.01837544656126363	-0.6899980000000028	0.03064115038301297	
99	2015-11-06	37.919998	36.860001	37.950001	36.02	4283900	0.028757378492746184	1.0599970000000027	0.051618107135839815	
100	2015-11-09	37.459999	37.799999	38.150002	36.599998	2460200	-0.008994709232664167	-0.3399999999999963	0.04119064685598321	
101	2015-11-10	35.919998	37.080002	38.139999	35.560001	4465100	-0.03128381708285778	-1.1600040000000007	0.07068487671232886	
102	2015-11-11	34.310001	36.040001	36.34	34.209999	2691800	-0.048002218423911724	-1.7299999999999969	0.06055439770989631	
103	2015-11-12	31.68	33.73	34.00	31.50	7115800	-0.06077675659650155	-2.049999999999997	0.07644091117566122	
104	2015-11-13	27.860001	29.02	29.40	26.799999	30545600	-0.03997239834596827	-1.1599989999999991	0.09142056801299982	
105	2015-11-16	28.76	28.00	28.85	27.549999	6350900	0.027142857142857198	0.7600000000000016	0.045806941508104354	
106	2015-11-17	28.73	29.41	30.02	28.26	10054100	-0.023121387283236986	-0.6799999999999997	0.06054351565187471	
107	2015-11-18	28.67	28.82	28.90	27.50	6065200	-0.005204718945176911	-0.14999999999999858	0.04870412245607927	
108	2015-11-19	29.01	29.139999	29.40	28.709999	5388600	-0.004461187524405817	-0.12999899999999798	0.023731763090829933	
109	2015-11-20	27.59	29.23	29.25	27.57	7429900	-0.056106739651043465	-1.6400000000000006	0.05913410770855332	
110	2015-11-23	27.030001	27.889999	27.98	26.462	8393100	-0.03083535427878649	-0.8599980000000009	0.05528040786598691	
111	2015-11-24	26.870001	26.82	27.48	26.610001	3886300	0.0018643176733780084	0.050000999999998186	0.03240823184190293	
112	2015-11-25	27.99	26.959999	28.559999	26.66	4834900	0.03820478628356027	1.0300009999999986	0.06915374102190616	
113	2015-11-27	27.84	28.26	28.549999	27.629999	2070000	-0.014861995753715558	-0.4200000000000017	0.032798573975044494	
114	2015-11-30	28.719999	29.09	29.219999	28.450001	6908800	-0.012719181849432742	-0.37000099999999847	0.026638921062773276	
115	2015-12-01	29.219999	29.190001	29.85	27.93	7264100	0.0010276806773662883	0.029998000000002634	0.06574216743708275	
116	2015-12-02	29.370001	29.299999	29.809999	28.57	4883200	0.0023891468392199873	0.07000199999999879	0.04227029146071249	
117	2015-12-03	30.139999	29.98	30.84	29.450001	6884200	0.005336857905270151	0.15999899999999911	0.04624081913241547	
118	2015-12-04	33.369999	30.50	33.369999	30.33	9524600	0.09409832786885246	2.869999	0.09519333169239604	
119	2015-12-07	34.099998	33.990002	34.68	32.610001	9306100	0.003236128082605068	0.10999600000000243	0.06080185049199597	
120	2015-12-08	32.34	33.189999	33.990002	32.279999	5084200	-0.025610094173247694	-0.8499989999999968	0.05218992907355302	
121	2015-12-09	31.25	32.400002	33.349998	30.77	4645000	-0.03549388669790825	-1.1500020000000006	0.08106827710704549	
122	2015-12-10	30.77	31.309999	31.85	30.60	3487600	-0.017246854591084517	-0.5399990000000017	0.04027061920539013	
123	2015-12-11	29.50	30.690001	30.879999	29.23	4438500	-0.038774876546924804	-1.1900009999999988	0.054826348981120675	
124	2015-12-14	29.15	29.23	29.75	27.67	3690400	-0.002736914129319256	-0.08000000000000185	0.07125727989037337	
125	2015-12-15	29.84	29.049999	30.790001	28.24	6587100	0.027194527614269458	0.7900010000000002	0.08660217501447068	
126	2015-12-16	29.469999	30.299999	30.540001	29.049999	3868600	-0.02739274017797817	-0.8299999999999983	0.04985785677958365	
127	2015-12-17	27.809999	29.700001	29.75	27.639999	5676200	-0.06363642883379024	-1.890001999999999	0.07337857763867155	
128	2015-12-18	27.73	28.129999	28.209999	27.07	4677900	-0.014219659232835418	-0.3999990000000011	0.04081629145750609	
129	2015-12-21	29.10	29.09	29.450001	28.02	7395500	0.0003437607425232576	0.010000000000001563	0.04914937274445784	
130	2015-12-22	28.66	29.10	29.200001	28.26	3503200	-0.01512027491408939	-0.4400000000000013	0.03254851108033236	
131	2015-12-23	28.629999	28.92	28.92	28.26	3628200	-0.010027697095435691	-0.2900010000000002	0.0229365772882116	
132	2015-12-24	28.91	28.379999	29.200001	28.360001	1603600	0.01867515922040725	0.5300009999999986	0.029324489951553318	
133	2015-12-28	29.860001	30.219999	30.65	29.559999	8024900	-0.011912574848199065	-0.35999800000000093	0.036284986684420685	
134	2015-12-29	29.35	30.50	30.75	29.10	5978400	-0.03770491803278684	-1.1499999999999986	0.05513784461152877	
135	2015-12-30	29.629999	29.00	29.74	28.74	3414300	0.021724103448275914	0.6299990000000015	0.03411222981600256	
136	2015-12-31	29.59	29.09	30.00	29.00	3725700	0.017188037126160193	0.5	0.03408316291751875	
137	2016-01-04	29.76	28.65	29.99	28.120001	4567000	0.038743455497382305	1.110000000000003	0.06403009758602979	
138	2016-01-05	24.299999	30.209999	30.959999	24.030001	30670400	-0.19563059237439895	-5.91	0.25426520837516825	
139	2016-01-06	22.90	23.73	24.18	22.639999	13673000	-0.034976822587442134	-0.8300000000000018	0.06605194081063695	
140	2016-01-07	21.50	22.16	23.280001	20.25	17043600	-0.02978339350180506	-0.6600000000000001	0.1387998625744388	
141	2016-01-08	21.52	22.200001	22.59	21.360001	6441900	-0.030630674295915605	-0.6800010000000007	0.05626710758766906	
142	2016-01-11	18.85	21.43	21.620001	18.35	13868000	-0.12039197386840869	-2.5799999999999983	0.16236350546176748	
143	2016-01-12	19.629999	19.360001	19.75	18.90	5176900	0.013946176965590088	0.26999800000000107	0.04360092331367024	
144	2016-01-13	19.85	19.65	20.48	19.17	5863000	0.0101781170483462	0.20000000000000284	0.06632911392405057	
145	2016-01-14	18.870001	19.200001	19.417	17.77	7268000	-0.01718749910481785	-0.33000000000000185	0.08652481814947117	
146	2016-01-15	17.969999	17.57	18.34	17.299999	5383800	0.022766021627774677	0.3999990000000011	0.05852566287354145	
147	2016-01-19	17.66	18.32	18.790001	17.25	4529300	-0.03602620087336245	-0.6600000000000001	0.08560316842690384	
148	2016-01-20	17.790001	16.85	18.280001	15.524	7861800	0.05578640949554888	0.9400009999999988	0.15912245499069122	
149	2016-01-21	18.190001	18.58	18.620001	17.297001	5743200	-0.02099025834230353	-0.38999899999999954	0.07196083568232685	
150	2016-01-22	18.809999	18.50	19.344999	18.209999	3433700	0.01675670270270277	0.30999900000000125	0.060841599057668234	
151	2016-01-25	17.290001	18.58	18.724001	17.15	4026100	-0.0694294402583422	-1.2899989999999981	0.08776141377860584	
152	2016-01-26	16.77	17.33	17.669001	16.67	4297000	-0.03231390652048464	-0.5599999999999987	0.058592434017595306	
153	2016-01-27	16.049999	17.290001	17.290001	16.01	5306700	-0.07171786745414303	-1.2400020000000005	0.07678470305938803	
154	2016-01-28	15.69	16.26	16.645	15.60	4196600	-0.03505535055350566	-0.5700000000000021	0.065414710485133	
155	2016-01-29	16.60	15.79	16.68	15.71	4443400	0.05129829005699825	0.8100000000000023	0.05989502933004007	
156	2016-02-01	16.709999	16.50	17.049999	16.02	4275800	0.012727212121212111	0.20999899999999982	0.06202945082895066	
157	2016-02-02	16.09	16.92	17.040001	16.00	3806700	-0.049054373522458734	-0.8300000000000018	0.0630112693123296	
158	2016-02-03	16.040001	16.450001	16.573	15.60	4454500	-0.024924010642917296	-0.41000000000000014	0.059895348729126004	
159	2016-02-04	16.93	16.030001	17.25	15.98	5713000	0.05614466274830558	0.8999990000000011	0.07706310445803685	
160	2016-02-05	15.73	16.950001	16.965	15.68	6141400	-0.07197645593059256	-1.220001	0.07864136846262643	
161	2016-02-08	14.38	15.42	15.42	14.16	5787600	-0.06744487678339812	-1.0399999999999991	0.08456375838926172	
162	2016-02-09	14.30	14.03	15.58	13.99	6984300	0.01924447612259454	0.27000000000000135	0.11224849982350864	
163	2016-02-10	14.68	14.82	15.88	14.31	6349500	-0.009446693657220012	-0.14000000000000057	0.10644067796610171	
164	2016-02-11	13.78	14.00	14.184	12.90	13818900	-0.01571428571428576	-0.22000000000000064	0.09244060475161979	
165	2016-02-12	13.94	14.18	14.49	13.80	4665400	-0.016925246826516235	-0.2400000000000002	0.04907539118065431	
166	2016-02-16	14.90	14.39	15.09	13.81	5082500	0.03544127866574008	0.5099999999999998	0.08740184363263909	
167	2016-02-17	15.89	15.20	16.440001	14.80	7753800	0.04539473684210535	0.6900000000000013	0.10550022515278212	
168	2016-02-18	16.00	16.15	16.35	15.61	5240000	-0.00928792569659434	-0.14999999999999858	0.04603421461897369	
169	2016-02-19	15.60	15.80	15.96	15.55	5837800	-0.012658227848101333	-0.20000000000000107	0.026114649681528674	
170	2016-02-22	16.52	15.95	16.75	15.60	22222200	0.03573667711598748	0.5700000000000003	0.07083461656914077	
171	2016-02-23	13.08	14.03	14.30	12.97	40612200	-0.06771204561653595	-0.9499999999999993	0.09811877535964589	
172	2016-02-24	12.33	12.74	12.74	11.91	16943600	-0.03218210361067505	-0.41000000000000014	0.06621459912245713	
173	2016-02-25	12.26	12.17	12.77	12.05	13067400	0.0073952341824157644	0.08999999999999986	0.0589439214081047	
174	2016-02-26	12.15	12.41	12.55	12.14	7201700	-0.020950846091861385	-0.2599999999999998	0.03338762214983714	
175	2016-02-29	12.23	12.38	12.38	12.00	9949100	-0.012116316639741546	-0.15000000000000036	0.030881755383990312	
176	2016-03-01	12.41	12.35	12.48	12.10	9012700	0.0048582995951417405	0.0600000000000005	0.03069466882067858	
177	2016-03-02	12.87	12.47	13.05	12.36	10259300	0.03207698476343212	0.3999999999999986	0.05445935280189434	
178	2016-03-03	12.47	12.82	12.85	12.26	11315000	-0.02730109204368172	-0.34999999999999964	0.046658758402530635	
179	2016-03-04	12.86	12.53	13.18	12.47	11833800	0.0263367916999202	0.33000000000000007	0.055927530523828206	
180	2016-03-07	13.03	12.86	13.30	12.77	7295800	0.013219284603421456	0.16999999999999993	0.04094244882193906	
181	2016-03-08	13.05	13.19	13.85	12.95	18447200	-0.010614101592115148	-0.1399999999999988	0.06859756097560978	
182	2016-03-09	13.22	13.17	13.27	12.515	12095300	0.0037965072133637596	0.05000000000000071	0.0572186434255399	
183	2016-03-10	13.53	13.35	13.79	13.23	9039600	0.01348314606741571	0.17999999999999972	0.041666666666666574	
184	2016-03-11	14.51	13.65	14.61	13.57	14229700	0.06300366300366296	0.8599999999999994	0.0738636363636363	
185	2016-03-14	14.47	14.49	14.80	14.27	6662600	-0.0013802622498274378	-0.019999999999999574	0.03660220994475146	
186	2016-03-15	13.93	14.43	14.45	13.57	7378800	-0.03465003465003465	-0.5	0.06205923836389274	
187	2016-03-16	14.32	14.17	14.49	13.94	5594300	0.010585744530698684	0.15000000000000036	0.03861003861003866	
188	2016-03-17	14.47	14.23	14.79	14.11	5770500	0.016865776528461014	0.2400000000000002	0.04738675958188151	
189	2016-03-18	14.38	14.40	14.618	14.13	6594300	-0.0013888888888888592	-0.019999999999999574	0.03391243919388461	
190	2016-03-21	14.90	14.33	14.90	14.25	6453100	0.03977669225401258	0.5700000000000003	0.0444748546014369	
191	2016-03-22	15.28	14.80	15.91	14.78	11900100	0.03243243243243234	0.47999999999999865	0.07513297872340431	
192	2016-03-23	14.55	15.28	15.58	14.54	7652600	-0.047774869109947556	-0.7299999999999986	0.06972846128059007	
193	2016-03-24	14.58	14.37	14.63	14.14	5351200	0.014613778705636803	0.21000000000000085	0.03385146804835926	
194	2016-03-28	13.55	14.53	14.549	13.36	10160700	-0.06744666207845827	-0.9799999999999986	0.0846866096866097	
195	2016-03-29	14.01	13.48	14.12	13.31	6298700	0.039317507418397575	0.5299999999999994	0.0589305201891596	
196	2016-03-30	13.40	14.00	14.00	12.93	16561400	-0.04285714285714283	-0.5999999999999996	0.07810218978102192	
197	2016-03-31	15.15	14.06	15.23	13.82	21246800	0.07752489331436699	1.0899999999999999	0.09654228004108183	
198	2016-04-01	14.92	14.90	15.72	14.71	14749400	0.0013422818791946022	0.019999999999999574	0.06773977196512407	
199	2016-04-04	15.51	15.00	15.75	14.75	10429000	0.03399999999999999	0.5099999999999998	0.06555227794165848	
200	2016-04-05	15.10	15.30	15.57	15.03	6583800	-0.013071895424836671	-0.20000000000000107	0.035526315789473746	
201	2016-04-06	15.48	15.26	15.68	15.20	5292800	0.014416775884665835	0.22000000000000064	0.03122966818477556	
202	2016-04-07	14.86	15.36	15.72	14.81	6914700	-0.032552083333333336	-0.5	0.06022501654533423	
203	2016-04-08	14.50	15.11	15.22	14.40	7373800	-0.04037061548643279	-0.6099999999999994	0.055386693684566043	
204	2016-04-11	14.84	14.85	15.52	14.77	8962500	-0.000673400673400659	-0.009999999999999787	0.05052206130010105	
205	2016-04-12	15.15	14.93	15.36	14.89	4982100	0.01473543201607506	0.22000000000000064	0.031249999999999927	
206	2016-04-13	17.01	15.90	17.188	15.75	22044900	0.06981132075471705	1.1100000000000012	0.0873898511090853	
207	2016-04-14	16.33	16.969999	17.09	16.27	11613000	-0.03771355555177128	-0.6399990000000031	0.04924925072820575	
208	2016-04-15	17.200001	16.370001	17.450001	16.370001	12381500	0.05070250148427003	0.8300000000000018	0.06434315970550146	
209	2016-04-18	17.040001	17.00	17.50	16.969999	9337100	0.0023530000000000105	0.040001000000000175	0.031139893327265092	
210	2016-04-19	17.34	17.23	17.50	16.809999	7646000	0.006384213580963403	0.10999999999999943	0.03991906277118882	
211	2016-04-20	17.690001	17.42	18.190001	17.34	10621800	0.015499483352468256	0.27000099999999705	0.04841930935860691	
212	2016-04-21	17.459999	17.99	18.280001	17.111	7683100	-0.029460867148415712	-0.5300009999999986	0.0659521034119069	
213	2016-04-22	17.58	17.35	17.65	17.209999	4610300	0.013256484149855726	0.22999999999999687	0.02519330088748919	
214	2016-04-25	17.41	17.51	17.780001	16.950001	10539600	-0.005711022272986945	-0.10000000000000142	0.047537227949598984	
215	2016-04-26	17.389999	17.41	17.50	17.16	4459100	-0.0011488225157955544	-0.0200010000000006	0.019540230446558338	
216	2016-04-27	17.879999	17.25	17.950001	17.129999	8231800	0.03652168115942038	0.6299990000000015	0.04668386127765041	
217	2016-04-28	18.10	18.50	18.85	17.92	8983600	-0.021621621621621546	-0.3999999999999986	0.05081967213114753	
218	2016-04-29	18.25	18.190001	18.280001	17.75	7937900	0.003298460511354631	0.059999000000001246	0.02908896736857931	
219	2016-05-02	18.370001	18.389999	18.389999	17.719999	6859100	-0.001087438884580748	-0.01999800000000107	0.03645266594124038	
220	2016-05-03	17.18	17.945	18.00	16.950001	16133800	-0.042630259125104514	-0.7650000000000006	0.05978641992882561	
221	2016-05-04	17.10	17.02	17.48	16.440001	13740700	0.004700352526439591	0.08000000000000185	0.060961254396248624	
222	2016-05-05	13.88	14.86	15.20	13.87	31925900	-0.06594885598923275	-0.9799999999999986	0.09255393180236604	
223	2016-05-06	13.62	13.83	13.95	12.96	18637900	-0.015184381778741927	-0.21000000000000085	0.0721311475409835	
224	2016-05-09	13.90	13.77	14.12	13.60	8581900	0.009440813362382047	0.13000000000000078	0.03758583303216476	
225	2016-05-10	14.02	13.93	14.02	13.44	8518000	0.006460875807609466	0.08999999999999986	0.04150268336314849	
226	2016-05-11	13.92	13.88	14.39	13.70	7247900	0.0028818443804033964	0.03999999999999915	0.04964028776978426	
227	2016-05-12	13.52	14.02	14.09	13.34	6337200	-0.03566333808844508	-0.5	0.054466230936819175	
228	2016-05-13	13.77	13.53	13.97	13.45	5299200	0.017738359201773853	0.2400000000000002	0.038095238095238196	
229	2016-05-16	14.05	13.55	14.09	13.55	4844600	0.03690036900369004	0.5	0.03913043478260863	
230	2016-05-17	14.17	14.05	14.39	13.98	5062700	0.008540925266903858	0.11999999999999922	0.029057406094968118	
231	2016-05-18	14.13	14.25	14.43	14.04	4660300	-0.008421052631578892	-0.11999999999999922	0.027484143763213568	
232	2016-05-19	13.99	13.74	14.09	13.51	7964600	0.018195050946142648	0.25	0.04183195095564371	
233	2016-05-20	14.60	14.00	14.60	14.00	6643900	0.04285714285714283	0.5999999999999996	0.04195804195804193	
234	2016-05-23	14.57	14.52	14.73	14.423	5684400	0.003443526170798947	0.05000000000000071	0.021106909590924743	
235	2016-05-24	13.90	14.62	14.66	13.806	10732500	-0.04924760601915177	-0.7199999999999989	0.059887798036465704	
236	2016-05-25	14.06	14.14	14.15	13.60	8943200	-0.005657708628005662	-0.08000000000000007	0.03900709219858161	
237	2016-05-26	14.16	14.31	14.574	14.12	6048200	-0.010482180293501073	-0.15000000000000036	0.03189322093431687	
238	2016-05-27	14.32	14.20	14.42	14.10	4566500	0.008450704225352183	0.120000000000001	0.02244039270687239	
239	2016-05-31	14.18	14.30	14.35	14.03	6241900	-0.008391608391608461	-0.120000000000001	0.02247191011235957	
240	2016-06-01	14.51	14.00	14.51	13.91	4544200	0.036428571428571414	0.5099999999999998	0.0420904945633111	
241	2016-06-02	14.76	14.30	14.79	14.26	4775900	0.0321678321678321	0.4599999999999991	0.036476256022023354	
242	2016-06-03	14.63	14.56	14.75	14.44	3723000	0.004807692307692327	0.07000000000000028	0.021240150736553647	
243	2016-06-06	14.36	14.48	14.60	14.17	8938200	-0.008287292817679627	-0.120000000000001	0.029819694868238537	
244	2016-06-07	14.31	14.30	14.44	14.21	4925700	0.0006993006993006843	0.009999999999999787	0.01607829430269127	
245	2016-06-08	14.10	14.26	14.50	14.08	5352500	-0.011220196353436195	-0.16000000000000014	0.02961918194640338	
246	2016-06-09	14.55	14.34	14.67	14.18	8276800	0.014644351464435205	0.21000000000000085	0.03392177223952926	
247	2016-06-10	14.10	14.41	14.42	14.00	7253700	-0.02151283830673147	-0.3100000000000005	0.029463346194317782	
248	2016-06-13	13.82	14.06	14.32	13.79	4968600	-0.01706970128022761	-0.2400000000000002	0.038020086083213854	
249	2016-06-14	13.01	13.70	13.83	12.97	12948400	-0.0503649635036496	-0.6899999999999995	0.06439535754399096	
250	2016-06-15	13.24	13.10	13.57	13.08	8196300	0.010687022900763402	0.14000000000000057	0.03720577069096433	
251	2016-06-16	12.71	13.14	13.21	12.36	11439000	-0.03272450532724503	-0.4299999999999997	0.06576402321083183	
252	2016-06-17	12.83	12.73	13.00	12.66	10055500	0.007855459544383318	0.09999999999999964	0.02660406885758997	
253	2016-06-20	13.18	13.07	13.56	13.05	6962900	0.00841622035195099	0.10999999999999943	0.03885714285714284	
254	2016-06-21	13.50	13.25	13.58	13.24	6500600	0.018867924528301886	0.25	0.02542056074766354	
255	2016-06-22	12.79	13.40	13.41	12.72	11663200	-0.04552238805970158	-0.6100000000000012	0.05269186712485678	
256	2016-06-23	13.29	12.95	13.39	12.81	10273700	0.026254826254826245	0.33999999999999986	0.04420731707317074	
257	2016-06-24	12.71	12.50	13.035	12.50	13667500	0.01680000000000007	0.21000000000000085	0.04244347481158271	
258	2016-06-27	11.89	12.60	12.65	11.85	10049900	-0.05634920634920628	-0.7099999999999991	0.06533278889342595	
259	2016-06-28	12.00	12.25	12.43	11.80	10139800	-0.02040816326530612	-0.25	0.051958762886597856	
260	2016-06-29	12.13	12.20	12.235	11.65	8059500	-0.005737704918032665	-0.06999999999999851	0.04808877928483347	
261	2016-06-30	12.22	12.01	12.27	11.70	7851100	0.017485428809325635	0.21000000000000085	0.047049112670243524	
262	2016-07-01	12.48	12.15	12.60	12.13	6720000	0.027160493827160497	0.33000000000000007	0.038164839626471686	
263	2016-07-05	12.31	12.37	12.40	12.05	6515300	-0.004850444624090439	-0.05999999999999872	0.028363047001620716	
264	2016-07-06	12.51	12.20	12.54	12.06	7739100	0.025409836065573812	0.3100000000000005	0.038850667745851775	
265	2016-07-07	13.07	12.63	13.30	12.60	9390800	0.03483768804433884	0.4399999999999995	0.0544747081712063	
266	2016-07-08	13.43	13.30	13.69	13.18	9538700	0.009774436090225488	0.129999999999999	0.03815937149270481	
267	2016-07-11	13.68	13.57	13.83	13.55	5186100	0.008106116433308727	0.10999999999999943	0.020550458715596284	
268	2016-07-12	13.51	13.39	13.75	13.20	7741200	0.008961911874533175	0.11999999999999922	0.04089219330855024	
269	2016-07-13	13.56	13.51	13.80	13.42	4866900	0.003700962250185101	0.05000000000000071	0.028075360177318123	
270	2016-07-14	13.77	13.75	13.91	13.62	5328100	0.0014545454545454234	0.019999999999999574	0.021075581395348906	
271	2016-07-15	13.15	13.76	13.77	13.10	7323100	-0.04433139534883717	-0.6099999999999994	0.04979561501300631	
272	2016-07-18	13.38	13.20	13.58	13.11	6419300	0.01363636363636375	0.1800000000000015	0.035364936042136995	
273	2016-07-19	12.86	13.32	13.465	12.85	6803100	-0.034534534534534596	-0.46000000000000085	0.04698242933537053	
274	2016-07-20	12.98	13.00	13.07	12.63	10749300	-0.0015384615384615057	-0.019999999999999574	0.03387220939183984	
275	2016-07-21	12.80	12.92	13.04	12.79	5036000	-0.009287925696594366	-0.11999999999999922	0.019440124416796267	
276	2016-07-22	12.82	12.80	12.93	12.66	5817100	0.0015624999999999667	0.019999999999999574	0.021077283372365304	
277	2016-07-25	13.02	12.79	13.05	12.755	4239200	0.01798279906176704	0.23000000000000043	0.02285935683843471	
278	2016-07-26	13.23	12.98	13.39	12.95	6053900	0.01926040061633282	0.25	0.033574971384967664	
279	2016-07-27	13.32	13.45	13.50	13.23	4968800	-0.009665427509293606	-0.129999999999999	0.020171834142697017	
280	2016-07-28	13.58	13.43	13.63	13.21	7603800	0.011169024571854085	0.15000000000000036	0.031099592743428356	
281	2016-07-29	13.66	13.60	13.72	13.43	5349700	0.004411764705882389	0.0600000000000005	0.02127659574468092	
282	2016-08-01	13.69	13.70	13.87	13.48	8479400	-0.0007299270072992545	-0.009999999999999787	0.028477546549835617	
283	2016-08-02	13.16	13.78	13.975	13.03	20077500	-0.0449927431059506	-0.6199999999999992	0.07015590200445437	
284	2016-08-03	14.93	14.11	15.22	13.92	37562400	0.058114812189936235	0.8200000000000003	0.08953168044077141	
285	2016-08-04	15.43	15.21	15.73	15.13	19325700	0.014464168310322082	0.21999999999999886	0.03916449086161877	
286	2016-08-05	15.40	15.47	15.59	15.023	11092200	-0.004524886877828072	-0.07000000000000028	0.03673469387755103	
287	2016-08-08	15.69	15.40	16.040001	15.25	10758400	0.018831168831168775	0.28999999999999915	0.05082026375040207	
288	2016-08-09	15.65	15.77	15.96	15.59	6985000	-0.007609384908053216	-0.11999999999999922	0.023551877784850475	
289	2016-08-10	15.04	15.50	15.54	14.86	10303600	-0.029677419354838766	-0.46000000000000085	0.044531761624099525	
290	2016-08-11	14.90	15.04	15.18	14.89	4795200	-0.009308510638297792	-0.1399999999999988	0.019372077488309897	
291	2016-08-12	14.97	14.87	15.10	14.85	3801100	0.006724949562878374	0.10000000000000142	0.01675603217158177	
292	2016-08-15	15.65	14.99	15.88	14.98	11006800	0.04402935290193463	0.6600000000000001	0.05874673629242822	
293	2016-08-16	15.41	15.65	16.00	15.255	7574100	-0.015335463258785955	-0.2400000000000002	0.04797166773985829	
294	2016-08-17	14.78	15.31	15.34	14.70	9069200	-0.03461789679947754	-0.5300000000000011	0.04253904951811237	
295	2016-08-18	14.57	14.77	14.94	14.52	5256800	-0.013540961408259939	-0.1999999999999993	0.028629856850715743	
296	2016-08-19	14.53	14.50	14.74	14.36	4506600	0.002068965517241335	0.02999999999999936	0.02617981398553226	
297	2016-08-22	14.44	14.41	14.75	14.40	4651000	0.00208188757807074	0.02999999999999936	0.02426343154246098	
298	2016-08-23	14.88	14.82	15.13	14.80	7759700	0.004048582995951451	0.0600000000000005	0.022222222222222227	
299	2016-08-24	14.81	15.30	15.31	14.72	9091200	-0.032026143790849684	-0.4900000000000002	0.03918963799402191	
