#index	date	close	open	high	low	volume	dVolume	percent_change	dollar_change	spread	var	entropy	slope	concavity	answer
40	2015-08-14	44.650002	43.09	44.98	42.82	5351500	0.509739066524	1.10958856685	1.5600019999999972	-0.179115353501	2.54906577303	0.687379848727	1.17709647795	-0.724727754097	1.0
41	2015-08-17	44.93	44.639999	45.25	43.709999	3287800	-0.709065007728	0.287986957207	0.2900009999999966	-0.680713587105	2.11446453793	0.391928657206	-0.799989215859	-0.969444741453	0.0
42	2015-08-18	43.77	44.549999	44.889999	42.66	3472400	-0.148795523687	-0.375912935624	-0.7799989999999966	-0.136494684077	1.38465487557	0.391928657206	-0.67838632733	0.402783249616	0.0
43	2015-08-19	43.099998	43.130001	43.720001	42.790001	1954800	-0.774271959918	0.0890761553556	-0.030003000000000668	-1.11362333323	-0.304211560569	0.391928657206	0.144234555876	0.474080208025	0.0
44	2015-08-20	41.41	41.880001	42.5	41.0	3656000	0.883687003185	-0.202066170649	-0.47000100000000344	-0.625581337534	-0.276407829483	0.391928657206	-1.13987493486	-0.74717299464	0.0
45	2015-08-21	38.650002	38.549999	40.400002	37.689999	6946900	0.921567012305	0.180060599248	0.10000300000000095	0.529241782351	0.194529296615	-0.128498928717	-1.40724842658	0.0320773794266	0.0
46	2015-08-24	37.360001	32.290001	37.360001	30.51	8051100	-0.0184207107948	4.45085513808	5.07	4.80183878104	0.845508667116	-0.0631316015309	0.176465964594	0.846213593058	0.0
47	2015-08-25	36.77	40.080002	40.080002	36.529999	3220700	-0.980891564745	-2.17572829566	-3.3100019999999972	1.27845551411	1.47329029854	-0.0953328683429	-0.170016203504	-0.406621858419	1.0
48	2015-08-26	38.400002	38.16	38.5	36.25	2905200	-0.344236750101	0.282259823895	0.24000200000000405	0.143162345501	1.69781686104	0.00971481030913	1.47523398693	0.774253387937	0.0
49	2015-08-27	34.970001	39.790001	40.0	33.540001	8588700	2.26103658822	-3.24193276133	-4.819999999999993	3.99528261123	2.55510653043	0.192246553184	-3.63778534007	-2.69124318557	0.0
50	2015-08-28	33.799999	34.32	35.0	33.259998	4249200	-0.860777682237	-0.310729679153	-0.5200010000000006	-0.11662607011	2.93070639703	-0.0480866320768	1.10310916772	3.03532453283	1.0
51	2015-08-31	34.490002	34.240002	35.5	33.75	4630800	-0.106109644275	0.310249762172	0.25	-0.122114172132	2.40813557175	0.148342131945	0.701690286539	-0.738370938231	0.0
52	2015-09-01	32.889999	33.099998	34.09	32.400002	2785100	-0.725476050555	-0.0671506238958	-0.20999899999999627	-0.112118536376	2.05022565862	0.517134711317	-1.76618957739	-1.30097658285	1.0
53	2015-09-02	33.57	33.41	33.599998	32.68	1774600	-0.680141280756	0.240764057697	0.1600000000000037	-0.914312513405	1.2026813876	0.664627041566	1.51772116685	1.96316498114	0.0
54	2015-09-03	33.049999	33.599998	34.25	32.521999	2058300	-0.0172559590056	-0.344401281545	-0.5499989999999997	-0.0907312401983	0.555352715006	0.736535134051	-0.953818312187	-1.58904201397	0.0
55	2015-09-04	31.879999	32.25	32.700001	31.25	1795900	-0.381679315184	-0.208989667659	-0.37000099999999847	-0.314757787056	0.478219005301	0.824458925694	-0.528219629706	0.477824954616	1.0
56	2015-09-08	35.459999	34.73	35.889999	34.099998	6704000	3.24596917538	0.689643630419	0.7299990000000065	-0.119393568054	0.292683268844	0.853455835558	3.45670844994	1.93048013432	1.0
57	2015-09-09	35.950001	36.689999	37.389999	35.310001	4585200	-0.620822342858	-0.449495124388	-0.7399979999999999	0.0921994083688	0.208756560412	0.971951255942	-1.56400717816	-3.0424657751	0.0
58	2015-09-10	34.23	35.560001	35.990002	33.799999	3044600	-0.646115605276	-0.926097858141	-1.3300010000000029	0.277678728076	-0.264641518192	0.909788285704	-1.06442946296	0.883073460026	0.0
59	2015-09-11	32.400002	33.799999	34.0	31.280001	4948300	0.572977436825	-1.03723524684	-1.399996999999999	0.933492497067	-0.234377534708	0.78312246195	-0.472546071044	0.413676540723	0.0
60	2015-09-14	32.0	33.130001	33.200001	31.709999	2215100	-0.920503626067	-0.835009399937	-1.130001	-0.296719387064	-0.157459477118	0.586693697928	0.412337348183	0.32762508555	1.0
61	2015-09-15	33.040001	33.25	33.990002	32.41	5245900	1.51523030866	-0.0663590370755	-0.20999900000000338	-0.23204509043	-0.176911794614	0.232123247285	0.823288047401	0.00952534072473	1.0
62	2015-09-16	37.099998	34.610001	38.450001	33.849998	10125400	0.959636636807	2.09807733413	2.4899970000000025	2.49131465664	0.130785939905	-0.0726065353889	2.72784429963	0.800657400516	1.0
63	2015-09-17	39.880001	36.459999	40.898998	36.099998	18266700	0.79970461942	2.70257606822	3.4200019999999967	2.4045864153	1.00711784229	0.791292865319	0.358870004378	-1.44522154682	1.0
64	2015-09-18	40.720001	39.25	42.040001	38.599998	13693400	-0.537516392116	1.1441296585	1.4700010000000034	1.06377906414	1.84641734618	0.909788285704	-0.105556096407	0.100515842107	0.0
65	2015-09-21	38.09	41.75	41.919998	37.75	8257800	-0.723421429633	-2.31621979345	-3.6599999999999966	1.68619074358	1.64569489314	1.05357799647	-2.09435630911	-0.762248601095	1.0
66	2015-09-22	39.490002	36.990002	39.889999	36.73	5301100	-0.674086509589	1.97753170521	2.5	0.949055976535	1.95102824489	1.10016532437	2.64800456461	2.61862912662	0.0
67	2015-09-23	39.110001	39.93	40.367001	38.650002	3037100	-0.761633854781	-0.459644757792	-0.8199990000000028	-0.37469170929	2.13786550508	1.05357799647	-1.36110170479	-2.6099288218	0.0
68	2015-09-24	38.790001	38.299999	38.950001	37.0	2766400	-0.333039669136	0.46215223771	0.49000199999999694	-0.133384443716	2.05713100966	0.968248636457	0.190386258821	1.18005665839	0.0
69	2015-09-25	37.599998	39.700001	40.240002	37.299999	3207400	-0.0178318017606	-1.3546473852	-2.100003000000001	0.727181572808	1.39732798117	0.791292865319	-0.802186713683	-0.56969397548	0.0
70	2015-09-28	36.049999	36.919998	37.16	35.259998	2802100	-0.380259149217	-0.543404448626	-0.869999	-0.0831900592587	0.565307383466	0.647503154556	-0.637363975035	0.197351666589	0.0
71	2015-09-29	35.299999	36.040001	36.27	34.259998	2651300	-0.288253461287	-0.459558564297	-0.7400019999999969	0.0611662789375	0.0799634535402	0.791292865319	0.0643904257104	0.340719809536	1.0
72	2015-09-30	37.689999	35.59	37.689999	34.709999	5896100	1.33210887847	1.7402209086	2.099998999999997	0.905006945909	0.0526395819908	0.788284851077	2.13157338381	0.86965217971	1.0
73	2015-10-01	38.049999	37.240002	38.529999	36.310001	2506500	-0.949085660897	0.709873591875	0.8099970000000027	0.149731939459	-0.0258105174521	0.909788285704	-0.997035451968	-1.85641965373	0.0
74	2015-10-02	37.299999	37.150002	38.400002	37.0	2106900	-0.42218826851	0.219983162805	0.14999699999999905	-0.571858836788	-0.22988939835	1.01483596436	-0.390505834848	0.715274836755	1.0
75	2015-10-05	38.099998	37.849998	38.970001	37.32	3231600	0.456994498939	0.290989997217	0.25	-0.374579021805	-0.229699545913	1.01483596436	1.13021254433	0.769740852156	0.0
76	2015-10-06	36.400002	38.009998	38.099998	35.830002	2675900	-0.43808241785	-1.06315367389	-1.6099960000000024	0.218682193644	-0.289051617757	1.11574096671	-1.84163153317	-1.67376223329	0.0
77	2015-10-07	35.25	36.700001	36.880001	33.66	3506200	0.173510715378	-0.984397580212	-1.4500010000000003	1.18113376485	-0.275130521719	1.11574096671	0.110536561475	1.33794803047	0.0
78	2015-10-08	34.669998	34.790001	35.77	33.43	2678700	-0.519314700045	0.0129169458544	-0.12000299999999697	0.433635737948	-0.248789570614	1.14890702708	-0.0784507419826	-0.285583685307	1.0
79	2015-10-09	35.360001	35.099998	36.099998	34.650002	1829100	-0.622241042572	0.313183936725	0.26000299999999754	-0.451987276827	-0.242791793992	1.14890702708	0.733188658797	0.345674744529	1.0
80	2015-10-12	36.099998	36.02	36.48	35.75	1284300	-0.597742413428	0.169739621199	0.07999799999999624	-1.15841910131	-0.243733034485	1.18764905919	0.205764201943	-0.383630237354	1.0
81	2015-10-13	36.169998	36.32	37.880001	34.759998	3128400	1.60100523003	-0.00590795740929	-0.15000200000000063	1.06542026465	-0.278461724814	1.14890702708	-0.173676844151	-0.119762599497	0.0
82	2015-10-14	35.599998	36.25	36.313	34.950001	1241000	-0.985132345098	-0.387603357521	-0.6500020000000006	-0.560680358861	-0.30592860841	1.11574096671	-0.338497092218	0.0134816700251	1.0
83	2015-10-15	37.099998	35.5	37.110001	35.439999	1357300	-0.101151413463	1.35482319645	1.5999979999999994	-0.288245809162	-0.374583035704	1.01483596436	1.55947223372	0.95877852177	0.0
84	2015-10-16	36.900002	37.259998	37.599998	36.529999	1215700	-0.352308562693	-0.158898265783	-0.3599960000000024	-0.86750725086	-0.394582918706	0.841582812703	-0.9655337101	-1.5033216705	1.0
85	2015-10-19	37.41	36.75	38.98	36.549999	2893800	1.53059066605	0.60501124846	0.6599999999999966	0.371386199034	-0.455834376128	0.791292865319	0.78152841001	1.16321591143	1.0
86	2015-10-20	38.5	39.209999	41.110001	38.099998	6884500	1.52893535051	-0.392485106525	-0.7099990000000034	0.774478787814	-0.312506435133	0.69038786297	0.635761469438	-0.244760744007	0.0
87	2015-10-21	36.82	39.189999	39.5	35.419998	3102800	-0.916642031415	-1.5642256798	-2.369999	1.78399437337	-0.342490806546	0.69038786297	-1.78962637991	-1.19457171601	1.0
88	2015-10-22	37.09	37.599998	38.060001	35.82	2095100	-0.631882536608	-0.266816926729	-0.509997999999996	0.18382622301	-0.435588220406	0.517134711317	1.28697342023	1.86071998666	1.0
89	2015-10-23	38.470001	37.82	38.599998	37.5	2055700	-0.243851908051	0.583646729649	0.6500010000000032	-0.868156499253	-0.426325942011	0.206802482698	0.775672688868	-0.634061080223	0.0
90	2015-10-26	37.369999	38.18	38.779999	37.25	1688400	-0.446599471484	-0.4784351303	-0.8100009999999997	-0.474113184745	-0.450233961379	-0.11740029286	-1.50614154235	-1.13108265366	1.0
91	2015-10-27	37.669998	37.25	37.900002	36.889999	1042000	-0.705536153884	0.420150435859	0.41999799999999965	-0.931493816297	-0.474660326302	0.317452607295	1.05622882346	1.60456424095	1.0
92	2015-10-28	39.09	38.299999	39.41	37.82	2262700	1.26571093986	0.67878540035	0.7900010000000037	-0.454264260442	-0.498022499127	0.488356653073	0.877494507613	-0.389347360851	0.0
93	2015-10-29	37.57	38.209999	38.700001	37.0	3482800	0.463849968763	-0.354924670805	-0.6399990000000031	-0.326712874669	-0.506510811211	0.0127228245514	-1.86068205708	-1.3785474104	1.0
94	2015-10-30	40.540001	38.200001	40.779999	37.66	5732200	0.599088360921	1.80248307528	2.3399999999999963	0.834622081172	-0.33763838865	0.317452607295	3.42887379493	2.96787461882	1.0
95	2015-11-02	40.799999	41.529999	41.970001	39.93	12417100	1.25899488858	-0.377828445304	-0.7299999999999969	-0.168295963942	-0.174158964953	0.654213788353	-1.48782845004	-3.07602854327	0.0
96	2015-11-03	37.310001	38.0	39.130001	37.169998	14193400	-0.0385801297293	-0.393875360893	-0.6899990000000003	-0.0840227985793	-0.146359845397	0.527547964599	-2.46208005272	0.116367281174	1.0
97	2015-11-04	37.82	37.98	38.439999	37.5	4835400	-1.05616384717	-0.00819608497221	-0.1599999999999966	-1.00445734596	-0.201168592677	0.331119200577	2.28686613573	2.61862494536	0.0
98	2015-11-05	36.860001	37.549999	37.740002	36.599998	3092100	-0.67723072763	-0.399892903249	-0.6899980000000028	-0.807225283703	-0.183742716026	0.125166519576	-1.49808004586	-2.51320492302	1.0
99	2015-11-06	37.919998	36.860001	37.950001	36.02	4283900	0.268811824715	0.90365611521	1.0599970000000027	-0.0986653058668	-0.179910716723	0.125166519576	1.46936874298	1.81527340913	0.0
100	2015-11-09	37.459999	37.799999	38.150002	36.599998	2460200	-0.75989518643	-0.140450552337	-0.3399999999999963	-0.450884224552	-0.184260720926	0.0551674761477	-1.00655576939	-1.51575367593	0.0
101	2015-11-10	35.919998	37.080002	38.139999	35.560001	4465100	0.813511065159	-0.756898741623	-1.1600040000000007	0.545372339237	-0.0483247422597	-0.0923248541007	-0.801453384215	0.400467294253	0.0
102	2015-11-11	34.310001	36.040001	36.34	34.209999	2691800	-0.723670513598	-1.2192783175	-1.7299999999999969	0.20318485885	0.262505652206	-0.0631316015309	-0.526752164993	0.196361357394	0.0
103	2015-11-12	31.68	33.73	34.0	31.5	7115800	1.86432578003	-1.5725827646	-2.049999999999997	0.739799762615	1.14166065946	-0.778609575304	-1.47098077138	-0.494102599969	0.0
104	2015-11-13	27.860001	29.02	29.4	26.799999	30545600	3.95578698629	-0.997198183983	-1.1599989999999991	1.2457828488	2.68543277527	-2.01265506906	-1.91708345128	-0.0819124563435	1.0
105	2015-11-16	28.76	28.0	28.85	27.549999	6350900	-1.22453757748	0.859003418952	0.7600000000000016	-0.29495495059	2.95649751126	-1.43983864382	2.34693373776	2.14273266022	0.0
106	2015-11-17	28.73	29.41	30.02	28.26	10054100	0.519493522252	-0.531151030949	-0.6799999999999997	0.202817284521	3.49145801805	-1.00170339486	-0.997034792697	-2.26475111146	0.0
107	2015-11-18	28.67	28.82	28.9	27.5	6065200	-0.723159240127	-0.035631074329	-0.14999999999999858	-0.197093926588	3.50620792063	-0.943243044102	0.147166408702	0.9109131299	1.0
108	2015-11-19	29.01	29.139999	29.4	28.709999	5388600	-0.361477367773	-0.0150672814176	-0.12999899999999798	-1.04061067722	3.28722256008	-1.00170339486	0.348610570554	0.055956428708	0.0
109	2015-11-20	27.59	29.23	29.25	27.57	7429900	0.260421803677	-1.44342445511	-1.6400000000000006	0.155210280662	2.58754898118	-1.74456842656	-1.27905707345	-0.82782981142	0.0
110	2015-11-23	27.030001	27.889999	27.98	26.462	8393100	-0.0555924702931	-0.744495639382	-0.8599980000000009	0.0250399462705	1.58017058306	-1.52884161458	0.374982229249	1.04130339304	0.0
111	2015-11-24	26.870001	26.82	27.48	26.610001	3886300	-0.900990294589	0.159876742888	0.050000999999998186	-0.747536778164	0.644757166198	-1.36075085205	-0.00153626707103	-0.377464959911	1.0
112	2015-11-25	27.99	26.959999	28.559999	26.66	4834900	0.0895548253466	1.16494236611	1.0300009999999986	0.493653613606	-0.189275950162	-1.23709304254	0.95074438625	0.450645263469	0.0
113	2015-11-27	27.84	28.26	28.549999	27.629999	2070000	-0.945248577599	-0.302721656961	-0.4200000000000017	-0.734351795401	-0.510954631933	-1.1557364904	-0.670329372492	-0.916295811643	1.0
114	2015-11-30	28.719999	29.09	29.219999	28.450001	6908800	2.74456328762	-0.243458013026	-0.37000099999999847	-0.942412649147	-0.500991821231	-1.11537075636	0.998358133231	1.02996871503	1.0
115	2015-12-01	29.219999	29.190001	29.85	27.93	7264100	-0.154781258956	0.136737936043	0.029998000000002634	0.378417426959	-0.4797263038	-1.11537075636	-0.0220459049187	-0.682145063914	1.0
116	2015-12-02	29.370001	29.299999	29.809999	28.57	4883200	-0.635676261713	0.174391903887	0.07000199999999879	-0.414415971973	-0.449964487726	-1.35216525442	0.0416846085812	0.135290471184	1.0
117	2015-12-03	30.139999	29.98	30.84	29.450001	6884200	0.299678248664	0.255916528444	0.15999899999999911	-0.280299425316	-0.361563756928	-0.897594035627	0.665058168488	0.326965745014	1.0
118	2015-12-04	33.369999	30.5	33.369999	30.33	9524600	0.26641626532	2.71078586665	2.869999	1.37321932019	0.256460145795	-0.46619842913	2.27807929428	0.676325616656	1.0
119	2015-12-07	34.099998	33.990002	34.68	32.610001	9306100	-0.249095747282	0.197816800807	0.10999600000000243	0.211543322847	0.863170436541	-0.387579702917	-0.906936136616	-1.80481561111	0.0
120	2015-12-08	32.34	33.189999	33.990002	32.279999	5084200	-0.795354488934	-0.599981011329	-0.8499989999999968	-0.0793502953872	0.849968224344	-0.103008295702	-1.27099718852	0.277344741507	0.0
121	2015-12-09	31.25	32.400002	33.349998	30.77	4645000	-0.329557388979	-0.873336322185	-1.1500020000000006	0.896103002423	0.57352584359	0.0739474754356	0.179396425624	0.890225503596	0.0
122	2015-12-10	30.77	31.309999	31.85	30.6	3487600	-0.53600527299	-0.368679519513	-0.5399990000000017	-0.481960933123	0.392294193896	-0.0631316015309	-0.0374291222115	-0.313863938846	0.0
123	2015-12-11	29.5	30.690001	30.879999	29.23	4438500	0.125779518536	-0.964078413124	-1.1900009999999988	0.00970273805735	0.199534642735	-0.232411945309	-0.888621945526	-0.448105713729	0.0
124	2015-12-14	29.15	29.23	29.75	27.67	3690400	-0.433757504497	0.0326208189486	-0.08000000000000185	0.564706982862	0.153374143633	-0.761704539845	0.34714552317	0.726938348785	1.0
125	2015-12-15	29.84	29.049999	30.790001	28.24	6587100	0.775457844417	0.860432465317	0.7900010000000002	1.08302709369	0.105197003249	0.226071521925	0.597668625893	-0.0360313909789	0.0
126	2015-12-16	29.469999	30.299999	30.540001	29.049999	3868600	-0.743396139926	-0.649283518596	-0.8299999999999983	-0.158123070313	0.0966288692931	0.125166519576	-0.654947693499	-0.682696494957	0.0
127	2015-12-17	27.809999	29.700001	29.75	27.639999	5676200	0.372571394061	-1.65167250586	-1.890001999999999	0.636360211842	0.338732527162	-0.0923248541007	-0.998499986586	0.0288889163403	0.0
128	2015-12-18	27.73	28.129999	28.209999	27.07	4677900	-0.443049444241	-0.28495660383	-0.3999990000000011	-0.463529207138	0.316542378695	-0.387579702917	0.780800208208	0.966040235364	1.0
129	2015-12-21	29.1	29.09	29.450001	28.02	7395500	0.516761759661	0.117822813541	0.010000000000001563	-0.182054255287	-0.135369896537	-0.324038356507	0.950012009062	-0.185567056044	0.0
130	2015-12-22	28.66	29.1	29.200001	28.26	3503200	-0.887473189657	-0.309864864388	-0.4400000000000013	-0.742798423823	-0.334049752886	-0.324038356507	-1.02047606361	-1.04503471954	0.0
131	2015-12-23	28.629999	28.92	28.92	28.26	3628200	-0.17474997956	-0.169019820423	-0.2900010000000002	-1.06747047587	-0.440424639666	-0.494697076457	0.45043055799	1.01379421869	1.0
132	2015-12-24	28.91	28.379999	29.200001	28.360001	1603600	-0.927689900376	0.62481293063	0.5300009999999986	-0.851699460636	-0.528545997028	-0.494697076457	0.22481538512	-0.249824622804	1.0
133	2015-12-28	29.860001	30.219999	30.65	29.559999	8024900	4.85832439618	-0.221149743501	-0.35999800000000093	-0.616587691618	-0.513162330297	-0.57331580267	0.66579347577	0.194927284577	0.0
134	2015-12-29	29.35	30.5	30.75	29.1	5978400	-0.543421303999	-0.934486650498	-1.1499999999999986	0.0202244424008	-0.509621343886	-0.725970522046	-0.808778035117	-0.772153574607	1.0
135	2015-12-30	29.629999	29.0	29.74	28.74	3414300	-0.763932938413	0.709137353174	0.6299990000000015	-0.689979107574	-0.518910731137	-0.725970522046	0.674583467067	0.934791684033	0.0
136	2015-12-31	29.59	29.09	30.0	29.0	3725700	-0.104334774642	0.583683706059	0.5	-0.690960929731	-0.514917256177	-0.725970522046	-0.202246073922	-0.592248346885	1.0
137	2016-01-04	29.76	28.65	29.99	28.120001	4567000	0.0663739770432	1.17984030028	1.110000000000003	0.320587104381	-0.540437802822	-0.725970522046	0.246789118071	0.299458496236	0.0
138	2016-01-05	24.299999	30.209999	30.959999	24.030001	30670400	7.02869200164	-5.30222521787	-5.91	6.74635169325	0.00976825701483	-1.63021568248	-4.44429260661	-2.28224752385	0.0
139	2016-01-06	22.9	23.73	24.18	22.639999	13673000	-0.922842553265	-0.859035918742	-0.8300000000000018	0.388880956883	0.846260138668	-1.07101705571	1.74480204638	3.69849414453	0.0
140	2016-01-07	21.5	22.16	23.280001	20.25	17043600	0.0926325636324	-0.715401638827	-0.6600000000000001	2.84616141181	1.91087008247	-1.30856107821	-1.16185394198	-2.19708336485	1.0
141	2016-01-08	21.52	22.200001	22.59	21.360001	6441900	-1.00887652028	-0.738834820399	-0.6800010000000007	0.058368705116	2.69277598278	-1.02398967099	0.577158109017	1.04152369038	0.0
142	2016-01-11	18.85	21.43	21.620001	18.35	13868000	1.24197484476	-3.22135637134	-2.5799999999999983	3.64209451492	3.98408435012	-1.41775143323	-2.31850819265	-1.56395158793	1.0
143	2016-01-12	19.629999	19.360001	19.75	18.9	5176900	-1.01479615596	0.494023821988	0.26999800000000107	-0.369469868144	4.2465425322	-1.49637015944	2.04879725431	2.51013490665	1.0
144	2016-01-13	19.85	19.65	20.48	19.17	5863000	-0.0519239000467	0.389810870589	0.20000000000000284	0.398243314703	4.05342758863	-1.18169618904	-0.565577678735	-1.828690039	0.0
145	2016-01-14	18.870001	19.200001	19.417	17.77	7268000	0.0839115154954	-0.367037929268	-0.33000000000000185	1.08041413228	3.44487010079	-0.927227344945	-0.73991948951	0.168189233414	0.0
146	2016-01-15	17.969999	17.57	18.34	17.299999	5383800	-0.548782383301	0.737953606362	0.3999990000000011	0.134658221377	2.37557605513	-1.82318715278	-0.142182281016	0.415213571542	0.0
147	2016-01-19	17.66	18.32	18.790001	17.25	4529300	-0.421289606747	-0.888058495535	-0.6600000000000001	1.04928263334	0.524209479237	-1.04829072275	0.116402537949	0.0552983865633	1.0
148	2016-01-20	17.790001	16.85	18.280001	15.524	7861800	0.713107769438	1.65119600473	0.9400009999999988	3.53261826071	0.145170969303	-1.19208043352	0.180130121355	-0.0383435722057	1.0
149	2016-01-21	18.190001	18.58	18.620001	17.297001	5743200	-0.561761652102	-0.472210557171	-0.38999899999999954	0.588471701559	-0.144764381512	-0.0394669492225	0.258509790155	0.0140336622369	1.0
150	2016-01-22	18.809999	18.5	19.344999	18.209999	3433700	-0.72998747049	0.57175432216	0.30999900000000125	0.212885950529	-0.307413843096	-1.30856107821	0.361794531966	0.0402211736252	0.0
151	2016-01-25	17.290001	18.58	18.724001	17.15	4026100	-0.00120254364687	-1.81188938969	-1.2899989999999981	1.12218387905	-0.469795084633	-1.08960071229	-1.43581450649	-0.870520499122	0.0
152	2016-01-26	16.77	17.33	17.669001	16.67	4297000	-0.134668860878	-0.785387848181	-0.5599999999999987	0.13691361814	-0.404212548149	-1.8289886642	0.499508326823	1.21559259571	0.0
153	2016-01-27	16.049999	17.290001	17.290001	16.01	5306700	0.078000964471	-1.87518024954	-1.2400020000000005	0.751412370315	-0.352566422296	-1.45693352209	-0.487931485908	-0.706901792476	0.0
154	2016-01-28	15.69	16.26	16.645	15.6	4196600	-0.485298432112	-0.861207760828	-0.5700000000000021	0.367356580843	-0.3646144891	-0.439769476691	0.0512071235699	0.337751566761	1.0
155	2016-01-29	16.6	15.79	16.68	15.71	4443400	-0.145418837954	1.52706842099	0.8100000000000023	0.180912703259	-0.406727412358	-0.350467308876	0.860643972112	0.333458734135	1.0
156	2016-02-01	16.709999	16.5	17.049999	16.02	4275800	-0.267837803798	0.460311002427	0.20999899999999982	0.253009226496	-0.415058492502	-0.306229086853	-0.382448733506	-0.736392047362	0.0
157	2016-02-02	16.09	16.92	17.040001	16.0	3806700	-0.359138802555	-1.24837769239	-0.8300000000000018	0.286173106796	-0.397685538648	-0.306229086853	-0.374388995078	0.175123213322	0.0
158	2016-02-03	16.040001	16.450001	16.573	15.6	4454500	-0.00418491293904	-0.581006050428	-0.41000000000000014	0.180923491927	-0.398020333788	-0.350467308876	0.34201800383	0.399038745099	1.0
159	2016-02-04	16.93	16.030001	17.25	15.98	5713000	0.138298867067	1.66110418816	0.8999990000000011	0.760816217173	-0.453033539683	-0.439769476691	0.70022077076	0.0636580987775	0.0
160	2016-02-05	15.73	16.950001	16.965	15.68	6141400	-0.12490242916	-1.8823320117	-1.220001	0.814126843747	-0.575223609554	-0.575883760164	-1.38234225478	-1.0843159096	0.0
161	2016-02-08	14.38	15.42	15.42	14.16	5787600	-0.293062838352	-1.75700246605	-1.0399999999999991	1.0141734246	-0.510106450146	-0.179563263099	-0.293812853986	0.841152123986	0.0
162	2016-02-09	14.3	14.03	15.58	13.99	6984300	0.0422267761421	0.640558485626	0.27000000000000135	1.94930905978	-0.450650988775	-0.350467308876	0.500242974834	0.295498557849	1.0
163	2016-02-10	14.68	14.82	15.88	14.31	6349500	-0.335269813708	-0.152951051773	-0.14000000000000057	1.75313236098	-0.419320644613	-0.587261806939	0.197710689967	-0.312874751989	0.0
164	2016-02-11	13.78	14.0	14.184	12.9	13818900	1.27189853661	-0.326293376676	-0.22000000000000064	1.28023766594	-0.327003961819	-0.818975309345	-0.883494279681	-0.508073528791	1.0
165	2016-02-12	13.94	14.18	14.49	13.8	4665400	-1.06005649588	-0.359784837615	-0.2400000000000002	-0.184553205722	-0.309415980604	-1.21066409017	0.69436175326	0.946014315308	1.0
166	2016-02-16	14.9	14.39	15.09	13.81	5082500	-0.106619850513	1.08851224255	0.5099999999999998	1.11003831296	-0.372469181073	-1.7399566847	0.607923957584	-0.240142851501	1.0
167	2016-02-17	15.89	15.2	16.440001	14.8	7753800	0.446557506509	1.36379429113	0.6900000000000013	1.72136573094	-0.382556613437	-0.128498928717	0.377178994549	-0.156187571513	1.0
168	2016-02-18	16.0	16.15	16.35	15.61	5240000	-0.631161113906	-0.148560018157	-0.14999999999999858	-0.287278115847	-0.384665957138	0.127075568633	-0.230083146263	-0.250045833413	0.0
169	2016-02-19	15.6	15.8	15.96	15.55	5837800	-0.0753188102042	-0.241772212768	-0.20000000000000107	-0.960121496176	-0.477584279382	0.488356653073	-0.18539920104	0.139691521395	1.0
170	2016-02-22	16.52	15.95	16.75	15.6	22222200	3.33938348038	1.0966820554	0.5700000000000003	0.550430254495	-0.427270336166	0.0127228245514	1.01081198828	0.595888888148	0.0
171	2016-02-23	13.08	14.03	14.3	12.97	40612200	0.829512268413	-1.76439153449	-0.9499999999999993	1.47203500278	-0.341740266579	0.973499500611	-3.25394094755	-2.23141244777	0.0
172	2016-02-24	12.33	12.74	12.74	11.91	16943600	-0.95911324283	-0.781742584959	-0.41000000000000014	0.394375231919	-0.185055266529	0.454531684261	1.34264522083	2.83011164066	0.0
173	2016-02-25	12.26	12.17	12.77	12.05	13067400	-0.510133122672	0.312844887239	0.08999999999999986	0.14878616479	-0.042103328987	0.349484005609	-0.127529829358	-1.26895263904	0.0
174	2016-02-26	12.15	12.41	12.55	12.14	7201700	-0.789280040427	-0.471120535508	-0.2599999999999998	-0.714454916812	0.0811264739619	1.05357799647	-0.114344402899	0.0590372353776	1.0
175	2016-02-29	12.23	12.38	12.38	12.0	9949100	0.263814301194	-0.226784614997	-0.15000000000000036	-0.799098124165	0.183586327927	1.10016532437	0.158886934282	0.173691759294	1.0
176	2016-03-01	12.41	12.35	12.48	12.1	9012700	-0.339365521076	0.242681077042	0.0600000000000005	-0.805417537067	0.226651089549	1.05357799647	0.136178699824	-0.0341608277288	1.0
177	2016-03-02	12.87	12.47	13.05	12.36	10259300	-0.0445874139035	0.995466217636	0.3999999999999986	-0.00269366470415	0.113772381304	0.909788285704	0.338355238864	0.0966685666437	0.0
178	2016-03-03	12.47	12.82	12.85	12.26	11315000	-0.0895002859981	-0.646748812998	-0.34999999999999964	-0.266182266023	-0.0533721834147	0.654213788353	-0.483536343754	-0.420597188567	1.0
179	2016-03-04	12.86	12.53	13.18	12.47	11833800	-0.16185350446	0.836710127265	0.33000000000000007	0.0468984656688	-0.229301175898	0.24857900326	0.635027334194	0.663119132018	1.0
180	2016-03-07	13.03	12.86	13.3	12.77	7295800	-0.706335344216	0.473920214276	0.16999999999999993	-0.459267861682	-0.616729385658	0.480960636701	-0.0733230761374	-0.481115411363	1.0
181	2016-03-08	13.05	13.19	13.85	12.95	18447200	1.7184281677	-0.185237965743	-0.1399999999999988	0.474866955182	-0.617544959571	0.183626870329	0.0343579066121	0.123406617806	1.0
182	2016-03-09	13.22	13.17	13.27	12.515	12095300	-0.656685703574	0.213315164528	0.05000000000000071	0.0905096977365	-0.609544684949	0.468198277613	0.199908261043	0.0905067112317	1.0
183	2016-03-10	13.53	13.35	13.79	13.23	9039600	-0.540398592852	0.481217811057	0.17999999999999972	-0.434805219838	-0.597295775705	0.645154048751	0.213826211195	-0.0171056922135	1.0
184	2016-03-11	14.51	13.65	14.61	13.57	14229700	0.508146848	1.85080304538	0.8599999999999994	0.652744533145	-0.541842214105	0.586693697928	0.703884561258	0.227057828487	0.0
185	2016-03-14	14.47	14.49	14.8	14.27	6662600	-0.894417415353	0.0701416385447	-0.019999999999999574	-0.6058725193	-0.514913247652	0.625435730039	-0.441049969608	-0.623278218368	0.0
186	2016-03-15	13.93	14.43	14.45	13.57	7378800	-0.0836743300815	-0.849997969191	-0.5	0.254015390323	-0.527206145975	0.672023057938	-0.222757909341	0.273381777209	1.0
187	2016-03-16	14.32	14.17	14.49	13.94	5594300	-0.526709670778	0.401084593391	0.15000000000000036	-0.538052050805	-0.517024450207	0.586693697928	0.63356228681	0.425007433597	1.0
188	2016-03-17	14.47	14.23	14.79	14.11	5770500	-0.180057872625	0.574770968804	0.2400000000000002	-0.241591830643	-0.535494398789	0.40973792686	-0.109949260746	-0.497620381217	0.0
189	2016-03-18	14.38	14.4	14.618	14.13	6594300	-0.0389506178899	0.0699030522331	-0.019999999999999574	-0.696727638376	-0.55169112293	0.480960636701	-0.0440221284505	0.113173536497	1.0
190	2016-03-21	14.9	14.33	14.9	14.25	6453100	-0.247157703141	1.20841645201	0.5700000000000003	-0.339950203247	-0.553683746229	0.559579362914	0.535404112059	0.298909463916	1.0
191	2016-03-22	15.28	14.8	15.91	14.78	11900100	0.850488088982	1.00529680724	0.47999999999999865	0.695620399502	-0.556669265876	0.791292865319	0.0746467096816	-0.307923261033	0.0
192	2016-03-23	14.55	15.28	15.58	14.54	7652600	-0.672666631539	-1.21299053452	-0.7299999999999986	0.513066523617	-0.591736211893	0.791292865319	-0.658609506184	-0.298020279121	1.0
193	2016-03-24	14.58	14.37	14.63	14.14	5351200	-0.60139866971	0.512487633397	0.21000000000000085	-0.698787122696	-0.616494412939	0.791292865319	0.502440545911	0.694258508475	0.0
194	2016-03-28	13.55	14.53	14.549	13.36	10160700	0.91983412992	-1.75705184182	-0.9799999999999986	1.01832309767	-0.592310802157	0.791292865319	-0.904004943062	-0.823648552391	1.0
195	2016-03-29	14.01	13.48	14.12	13.31	6298700	-0.702041271884	1.19571681134	0.5299999999999994	0.148333498204	-0.587786211203	0.791292865319	0.951477569213	1.06562033018	0.0
196	2016-03-30	13.4	14.0	14.0	12.93	16561400	1.84635043857	-1.07698134724	-0.5999999999999996	0.79591445769	-0.567353693972	0.647503154556	-0.830020050152	-1.09455012425	1.0
197	2016-03-31	15.15	14.06	15.23	13.82	21246800	0.138790395116	2.25241562635	1.0899999999999999	1.41878411891	-0.551502051858	0.568884428343	1.83856376043	1.49276894999	0.0
198	2016-04-01	14.92	14.9	15.72	14.71	14749400	-0.607830636964	0.14543883796	0.019999999999999574	0.445892544384	-0.545465165558	0.310741973498	-1.12376205071	-1.77169402078	1.0
199	2016-04-04	15.51	15.0	15.75	14.75	10429000	-0.591488817805	1.04865090625	0.5099999999999998	0.372003336571	-0.519746855054	0.310741973498	0.898003339684	1.34543458576	0.0
200	2016-04-05	15.1	15.3	15.57	15.03	6583800	-0.687597205706	-0.253212986009	-0.20000000000000107	-0.642214089138	-0.515320624772	1.18764905919	-0.618320703114	-0.928290061262	1.0
201	2016-04-06	15.48	15.26	15.68	15.2	5292800	-0.468683492541	0.507039141107	0.22000000000000064	-0.787346320063	-0.506959967574	1.18764905919	0.651142855422	0.78085458364	0.0
202	2016-04-07	14.86	15.36	15.72	14.81	6914700	0.168624311601	-0.791975086486	-0.5	0.19205901665	-0.505867344432	1.11574096671	-0.706223546175	-0.798450965081	0.0
203	2016-04-08	14.5	15.11	15.22	14.4	7373800	-0.135799067031	-1.00821164566	-0.6099999999999994	0.0286300703359	-0.505377726861	0.997245546321	0.131783557671	0.57311202975	1.0
204	2016-04-11	14.84	14.85	15.52	14.77	8962500	0.0532378964867	0.0896912563128	-0.009999999999999787	-0.135687559487	-0.54185724143	0.837880193218	0.416002750234	0.0545258769509	1.0
205	2016-04-12	15.15	14.93	15.36	14.89	4982100	-0.783239184699	0.515852189907	0.22000000000000064	-0.786659551686	-0.557680195014	0.527547964599	0.0709840912207	-0.238712420781	1.0
206	2016-04-13	17.01	15.9	17.188	15.75	22044900	4.12341529571	2.0390819268	1.1100000000000012	1.10963322931	-0.531344944512	-0.761704539845	1.43787330082	0.696129071725	0.0
207	2016-04-14	16.33	16.969999	17.09	16.27	11613000	-0.820137128003	-0.934725537715	-0.6399990000000031	-0.178680575168	-0.503682644597	-0.456974757171	-1.40798124328	-1.55844981027	1.0
208	2016-04-15	17.200001	16.370001	17.450001	16.370001	12381500	-0.136076736517	1.51059074098	0.8300000000000018	0.331161721617	-0.431918610093	0.337170925937	1.37048192691	1.73803318713	0.0
209	2016-04-18	17.040001	17.0	17.5	16.969999	9337100	-0.531835144382	0.173392193457	0.040001000000000175	-0.790378736624	-0.381712801541	-0.156387650729	-0.626378976495	-1.28072694343	1.0
210	2016-04-19	17.34	17.23	17.5	16.809999	7646000	-0.449696789835	0.284883166057	0.10999999999999943	-0.493835811932	-0.338014457732	-0.0513399720774	0.499509791871	0.753346410584	1.0
211	2016-04-20	17.690001	17.42	18.190001	17.34	10621800	0.273584276651	0.536983500591	0.27000099999999705	-0.206714347911	-0.27769225856	0.0127228245514	0.153028063287	-0.274252099224	0.0
212	2016-04-21	17.459999	17.99	18.280001	17.111	7683100	-0.570875801994	-0.706481551586	-0.5300009999999986	0.385508647646	-0.30127705962	-0.177484345613	-0.272571791232	-0.18314771355	1.0
213	2016-04-22	17.58	17.35	17.65	17.209999	4610300	-0.727216412674	0.47494903935	0.22999999999999687	-0.991242830352	-0.39721153627	-0.262813705622	0.314183934836	0.361080703456	0.0
214	2016-04-25	17.41	17.51	17.780001	16.950001	10539600	1.41105042555	-0.0496338676106	-0.10000000000000142	-0.236509307732	-0.504997102313	-0.144514627875	-0.183934959432	-0.309575628582	0.0
215	2016-04-26	17.389999	17.41	17.5	17.16	4459100	-0.951661336958	0.0765425499643	-0.0200010000000006	-1.18219233335	-0.61063212585	-0.0745155844465	0.136910564245	0.211873608328	1.0
216	2016-04-27	17.879999	17.25	17.950001	17.129999	8231800	0.852995551292	1.11839285354	0.6299990000000015	-0.265334340709	-0.603191995315	-0.818975309345	0.428456165768	0.108442749998	1.0
217	2016-04-28	18.1	18.5	18.85	17.92	8983600	-0.104177375963	-0.489672124181	-0.3999999999999986	-0.125634856116	-0.623068228295	-0.387579702917	-0.0286384716435	-0.273372967506	1.0
218	2016-04-29	18.25	18.190001	18.280001	17.75	7937900	-0.36762385393	0.199540724129	0.059999000000001246	-0.859654946178	-0.613687056493	-0.0923248541007	0.128120426444	0.139030684409	1.0
219	2016-05-02	18.370001	18.389999	18.389999	17.719999	6859100	-0.392359121441	0.0782402324633	-0.01999800000000107	-0.610923819022	-0.611906375143	0.262245596611	0.100285991188	-0.0147941161689	0.0
220	2016-05-03	17.18	17.945	18.0	16.950001	16133800	1.49484911361	-1.07070644083	-0.7650000000000006	0.177244093183	-0.607718397144	0.458674360564	-0.950155254212	-0.498501911657	0.0
221	2016-05-04	17.1	17.02	17.48	16.440001	13740700	-0.408114683087	0.238312746772	0.08000000000000185	0.216927670453	-0.597836705636	0.585340184318	0.611587235316	0.917186889008	0.0
222	2016-05-05	13.88	14.86	15.2	13.87	31925900	1.45842673874	-1.7156271308	-0.9799999999999986	1.28406562885	-0.241206073388	0.791292865319	-2.67964251939	-1.77983708876	0.0
223	2016-05-06	13.62	13.83	13.95	12.96	18637900	-0.747851658556	-0.311637863151	-0.21000000000000085	0.594224498221	0.0868464213	0.909788285704	1.47816210389	2.45225798518	1.0
224	2016-05-09	13.9	13.77	14.12	13.6	8581900	-0.904263406993	0.369419317674	0.13000000000000078	-0.572647683056	0.295432504133	0.909788285704	-0.0645327918313	-1.27621482578	1.0
225	2016-05-10	14.02	13.93	14.02	13.44	8518000	-0.229445108957	0.287003407528	0.08999999999999986	-0.440344250465	0.423142680706	0.909788285704	-0.0366968915288	0.0978789310996	0.0
226	2016-05-11	13.92	13.88	14.39	13.7	7247900	-0.409103154093	0.188018402945	0.03999999999999915	-0.165472119776	0.451706731926	0.411646975848	-0.0528124127566	0.0437426299799	0.0
227	2016-05-12	13.52	14.02	14.09	13.34	6337200	-0.379353838772	-0.878022826624	-0.5	-0.00246133495359	0.400400737061	1.01069328805	-0.205177340729	-0.0493453999941	1.0
228	2016-05-13	13.77	13.53	13.97	13.45	5299200	-0.427729417371	0.598903922557	0.2400000000000002	-0.555440990757	0.190354823208	0.971951255942	0.440176032076	0.339181590359	1.0
229	2016-05-16	14.05	13.55	14.09	13.55	4844600	-0.328798058776	1.12886619493	0.5	-0.520474100636	-0.163271656166	0.716376758592	0.0870996124485	-0.264680240017	1.0
230	2016-05-17	14.17	14.05	14.39	13.98	5062700	-0.162907956343	0.344531179901	0.11999999999999922	-0.860721023379	-0.381949016773	0.568884428343	0.0380205250729	0.00908219328747	0.0
231	2016-05-18	14.13	14.25	14.43	14.04	4660300	-0.32080416224	-0.124584974613	-0.11999999999999922	-0.913862703369	-0.63650889731	0.137488821915	-0.00446584907313	0.00512100052262	0.0
232	2016-05-19	13.99	13.74	14.09	13.51	7964600	0.679204132045	0.611534611985	0.25	-0.429222244504	-0.636319553015	-0.11740029286	-0.0264415598383	0.00523103365498	1.0
233	2016-05-20	14.6	14.0	14.6	14.0	6643900	-0.430299489373	1.29361224402	0.5999999999999996	-0.424963140626	-0.628179660882	-0.11740029286	0.605726386507	0.310132843416	0.0
234	2016-05-23	14.57	14.52	14.73	14.423	5684400	-0.403155742524	0.203552794226	0.05000000000000071	-1.12927302037	-0.621058621387	-0.11740029286	-0.309195705017	-0.535911911277	0.0
235	2016-05-24	13.9	14.62	14.66	13.806	10732500	0.906253671696	-1.25372190911	-0.7199999999999989	0.18066844451	-0.620350424542	-0.471970743503	-0.386843216388	0.0869856509963	1.0
236	2016-05-25	14.06	14.14	14.15	13.6	8943200	-0.431436641331	-0.0481593761176	-0.08000000000000007	-0.524640368395	-0.620954796232	-0.623435881625	0.516358496062	0.484865457599	1.0
237	2016-05-26	14.16	14.31	14.574	14.12	6048200	-0.630536272752	-0.181589428251	-0.15000000000000036	-0.764932824767	-0.630327475465	-1.45693352209	-0.0513473653722	-0.407833345213	1.0
238	2016-05-27	14.32	14.2	14.42	14.1	4566500	-0.530692490084	0.3420359433	0.120000000000001	-1.08423060653	-0.634009170097	-1.68149633395	0.149364126283	0.14926440391	0.0
239	2016-05-31	14.18	14.3	14.35	14.03	6241900	0.245293310182	-0.123770637469	-0.120000000000001	-1.08316601111	-0.634623651079	-1.96808251686	-0.131924971511	-0.141993297439	1.0
240	2016-06-01	14.51	14.0	14.51	13.91	4544200	-0.564937547725	1.11581772467	0.5099999999999998	-0.420489154425	-0.632487038684	-1.88946379058	0.409410037005	0.30375092174	1.0
241	2016-06-02	14.76	14.3	14.79	14.26	4775900	-0.155338123887	0.997978777507	0.4599999999999991	-0.610126992899	-0.626582939292	-1.71250801944	0.0599962358381	-0.239702718972	0.0
242	2016-06-03	14.63	14.56	14.75	14.44	3723000	-0.499594641503	0.241281435077	0.07000000000000028	-1.12477239884	-0.627527201752	-1.6271786595	-0.136320113664	-0.0562774873326	0.0
243	2016-06-06	14.36	14.48	14.6	14.17	8938200	1.55652419724	-0.120885589441	-0.120000000000001	-0.834972421107	-0.629140316788	-1.88164750353	-0.0659978392157	0.0818140937755	0.0
244	2016-06-07	14.31	14.3	14.44	14.21	4925700	-0.789325022993	0.127655955543	0.009999999999999787	-1.29912966731	-0.630674743285	-2.19632147393	0.127388415518	0.0943578708642	0.0
245	2016-06-08	14.1	14.26	14.5	14.08	5352500	-0.110114112608	-0.20200068324	-0.16000000000000014	-0.841745349761	-0.634270372329	-2.66093497261	-0.13485506628	-0.157618002233	1.0
246	2016-06-09	14.55	14.34	14.67	14.18	8276800	0.472879395496	0.513333181901	0.21000000000000085	-0.696412386612	-0.635836766045	-2.76598265126	0.511230830217	0.34391301505	0.0
247	2016-06-10	14.1	14.41	14.42	14.0	7253700	-0.376767164574	-0.486663512175	-0.3100000000000005	-0.847009172266	-0.635000700325	-3.24277909175	-0.575834328968	-0.609634109956	0.0
248	2016-06-13	13.82	14.06	14.32	13.79	4968600	-0.61952282074	-0.36378000364	-0.2400000000000002	-0.557979476611	-0.627159168901	-3.85221218298	0.119330654904	0.485305590129	0.0
249	2016-06-14	13.01	13.7	13.83	12.97	12948400	1.81681334662	-1.28462458151	-0.6899999999999995	0.332924861033	-0.583779653126	-4.16793722857	-0.526755241593	-0.373392974786	1.0
250	2016-06-15	13.24	13.1	13.57	13.08	8196300	-0.685441511197	0.4038856417	0.14000000000000057	-0.585485434844	-0.564590851959	-4.47266701129	0.607923957584	0.62262693931	0.0
251	2016-06-16	12.71	13.14	13.21	12.36	11439000	0.281742426986	-0.79674374868	-0.4299999999999997	0.379155671631	-0.536529371647	-0.0953328683429	-0.615390608346	-0.742664166976	1.0
252	2016-06-17	12.83	12.73	13.0	12.66	10055500	-0.373387761849	0.325573305664	0.09999999999999964	-0.943589887487	-0.530332649253	0.127075568633	0.450431363767	0.663779330812	1.0
253	2016-06-20	13.18	13.07	13.56	13.05	6962900	-0.610046250302	0.341082225392	0.10999999999999943	-0.529705359628	-0.538457240836	0.310741973498	0.191117976737	-0.24333381234	1.0
254	2016-06-21	13.5	13.25	13.58	13.24	6500600	-0.304205060393	0.630144226337	0.25	-0.983566443191	-0.554413801001	0.369202324321	0.144236460438	-0.0156752614929	0.0
255	2016-06-22	12.79	13.4	13.41	12.72	11663200	0.787181731145	-1.15069383453	-0.6100000000000012	-0.0623958239308	-0.554879101629	0.645154048751	-0.636633795419	-0.354357242888	1.0
256	2016-06-23	13.29	12.95	13.39	12.81	10273700	-0.371091671196	0.834443215079	0.33999999999999986	-0.348987090119	-0.596879108966	0.586693697928	0.862109678768	0.850945688951	0.0
257	2016-06-24	12.71	12.5	13.035	12.5	13667500	0.198939113656	0.572951792274	0.21000000000000085	-0.408566182001	-0.61415916663	0.586693697928	-0.779475915393	-0.990018648514	0.0
258	2016-06-27	11.89	12.6	12.65	11.85	10049900	-0.555681853333	-1.45013033846	-0.7099999999999991	0.36458943202	-0.597653972489	-0.0745155844465	-0.241803525337	0.461318367275	1.0
259	2016-06-28	12.0	12.25	12.43	11.8	10139800	-0.208657420036	-0.456111597149	-0.25	-0.0871586305158	-0.577812712193	0.380055634351	0.472407074532	0.320475957858	1.0
260	2016-06-29	12.13	12.2	12.235	11.65	8059500	-0.480191895194	-0.0503718275297	-0.06999999999999851	-0.217878997984	-0.573354514692	0.69038786297	-0.0235114650696	-0.366020754918	1.0
261	2016-06-30	12.22	12.01	12.27	11.7	7851100	-0.252795248447	0.591908645605	0.21000000000000085	-0.252996873378	-0.567637847027	0.896340543972	0.0702515675285	0.0929274401435	1.0
262	2016-07-01	12.48	12.15	12.6	12.13	6720000	-0.402712875749	0.859491195411	0.33000000000000007	-0.553089989132	-0.567991672225	0.968248636457	0.230674256115	0.0861053859374	0.0
263	2016-07-05	12.31	12.37	12.4	12.05	6515300	-0.258633647067	-0.0258329359194	-0.05999999999999872	-0.884175095845	-0.576049870354	1.11574096671	-0.208839959189	-0.230790035251	1.0
264	2016-07-06	12.51	12.2	12.54	12.06	7739100	0.0182132617131	0.811073384593	0.3100000000000005	-0.52992407604	-0.604316268735	1.14890702708	0.334692620403	0.327187978932	1.0
265	2016-07-07	13.07	12.63	13.3	12.6	9390800	0.0506643583085	1.07181878186	0.4399999999999995	-0.00217499079604	-0.59692610351	1.23423638709	0.372051328704	-0.0485751680676	1.0
266	2016-07-08	13.43	13.3	13.69	13.18	9538700	-0.200028349334	0.378646296513	0.129999999999999	-0.553274691841	-0.590102058602	1.23423638709	0.080506899219	-0.163669824513	1.0
267	2016-07-11	13.68	13.57	13.83	13.55	5186100	-0.798701805023	0.3325057045	0.10999999999999943	-1.14806882686	-0.554508882985	1.23423638709	0.147166555207	0.0792833317313	0.0
268	2016-07-12	13.51	13.39	13.75	13.2	7741200	0.404826256692	0.356174375031	0.11999999999999922	-0.46096539321	-0.55034822652	1.23423638709	-0.164156013967	-0.141553164909	1.0
269	2016-07-13	13.56	13.51	13.8	13.42	4866900	-0.69088996394	0.210672684625	0.05000000000000071	-0.893892585958	-0.553076095849	1.11574096671	0.21236116381	0.231789253178	1.0
270	2016-07-14	13.77	13.75	13.91	13.62	5328100	-0.0998225325347	0.14854370327	0.019999999999999574	-1.13033122465	-0.555047680893	1.1623282946	0.166944694895	-0.0682710987595	0.0
271	2016-07-15	13.15	13.76	13.77	13.1	7323100	0.254856438903	-1.11775463818	-0.6099999999999994	-0.160225473692	-0.576163258352	1.05357799647	-0.551661047127	-0.349625818196	1.0
272	2016-07-18	13.38	13.2	13.58	13.11	6419300	-0.376522530729	0.485455337906	0.1800000000000015	-0.647665176803	-0.589048506505	1.20107032672	0.582285628358	0.660478336841	0.0
273	2016-07-19	12.86	13.32	13.465	12.85	6803100	-0.144177331766	-0.846803591132	-0.46000000000000085	-0.255249304121	-0.60947064122	1.11574096671	-0.579496947429	-0.704042537519	1.0
274	2016-07-20	12.98	13.0	13.07	12.63	10749300	0.515638943173	0.0657663326473	-0.019999999999999574	-0.698086521267	-0.624122829572	0.909788285704	0.445303697921	0.633190120017	0.0
275	2016-07-21	12.8	12.92	13.04	12.79	5036000	-0.894065179824	-0.148560018157	-0.11999999999999922	-1.18557371641	-0.618361353156	0.654213788353	-0.234478288416	-0.442493781906	1.0
276	2016-07-22	12.82	12.8	12.93	12.66	5817100	-0.0232974368796	0.151529394062	0.019999999999999574	-1.13027373525	-0.613144685578	0.841582812703	0.174269931817	0.269970750106	1.0
277	2016-07-25	13.02	12.79	13.05	12.755	4239200	-0.56400858675	0.605664377489	0.23000000000000043	-1.07007882945	-0.617905342147	0.736535134051	0.172804884433	-0.0385621530231	1.0
278	2016-07-26	13.23	12.98	13.39	12.95	6053900	0.322891410179	0.640998908159	0.25	-0.708126631377	-0.620950151423	0.791292865319	0.11786560752	-0.0360313909789	1.0
279	2016-07-27	13.32	13.45	13.5	13.23	4968800	-0.447317152979	-0.159000557566	-0.129999999999999	-1.16085801368	-0.624819004557	0.791292865319	0.042415667226	-0.0249180446109	1.0
280	2016-07-28	13.58	13.43	13.63	13.21	7603800	0.452545176398	0.417216325878	0.15000000000000036	-0.791740010383	-0.630544961842	0.853455835558	0.242394635189	0.114824033483	1.0
281	2016-07-29	13.66	13.6	13.72	13.43	5349700	-0.595957373342	0.230331294996	0.0600000000000005	-1.12354135877	-0.623145780221	0.853455835558	-0.00739594384183	-0.144193960086	1.0
282	2016-08-01	13.69	13.7	13.87	13.48	8479400	0.521934841713	0.0881279117225	-0.009999999999999787	-0.880307528289	-0.617140587916	0.791292865319	0.0695190438364	0.0719111118633	0.0
283	2016-08-02	13.16	13.78	13.975	13.03	20077500	1.51466217752	-1.13604548365	-0.6199999999999992	0.527504623166	-0.620435670458	0.791292865319	-0.382448074235	-0.215495429853	1.0
284	2016-08-03	14.93	14.11	15.22	13.92	37562400	0.884450874838	1.71559246396	0.8200000000000003	1.18197997444	-0.553144675096	-1.02907066665	1.75066091737	1.09246841447	1.0
285	2016-08-04	15.43	15.21	15.73	15.13	19325700	-0.835726855235	0.50834986988	0.21999999999999886	-0.519323753859	-0.472304497039	-1.15411278847	-0.534080478514	-1.41408634062	0.0
286	2016-08-05	15.4	15.47	15.59	15.023	11092200	-0.760312029501	-0.0168290096725	-0.07000000000000028	-0.601397474917	-0.430432358576	-0.820604947416	0.0270326696903	0.552645867131	1.0
287	2016-08-08	15.69	15.4	16.040001	15.25	10758400	-0.258166827829	0.62912767677	0.28999999999999915	-0.125614872392	-0.389652843256	-0.637827878783	0.37058628132	0.171050964117	0.0
288	2016-08-09	15.65	15.77	15.96	15.59	6998700	-0.663201531628	-0.102136741071	-0.11999999999999922	-1.04668684594	-0.375106392627	-0.0726065353889	-0.137052637357	-0.307703194768	0.0
289	2016-08-10	15.04	15.5	15.54	14.86	10312600	0.380501668752	-0.712470719768	-0.46000000000000085	-0.338027996933	-0.408660496849	0.144884838287	-0.380250503158	-0.0540768246855	0.0
290	2016-08-11	14.9	15.04	15.18	14.89	4817000	-0.895837034381	-0.149129334351	-0.1399999999999988	-1.18787220664	-0.441047387753	0.232123247285	0.242394635189	0.357557123462	1.0
291	2016-08-12	14.97	14.87	15.1	14.85	3810600	-0.484966581952	0.294306875633	0.10000000000000142	-1.27623702683	-0.477233459649	0.310741973498	0.0870996124485	-0.160698929939	1.0
292	2016-08-15	15.65	14.99	15.88	14.98	11029400	2.18250873142	1.32603196958	0.6600000000000001	0.142125642826	-0.510864066617	0.349484005609	0.539799254212	0.216494647781	0.0
293	2016-08-16	15.41	15.65	16.0	15.255	7574100	-0.617310329519	-0.315816312348	-0.2400000000000002	-0.221834793607	-0.622687856644	-0.888288970198	-0.483536343754	-0.553847311851	0.0
294	2016-08-17	14.78	15.31	15.34	14.7	9069200	0.0303394509733	-0.849109135061	-0.5300000000000011	-0.405337858048	-0.619044413385	-0.503562085069	-0.236675859492	0.27107108143	0.0
295	2016-08-18	14.57	14.77	14.94	14.52	5256800	-0.753119888556	-0.266185908841	-0.1999999999999993	-0.875162788531	-0.607342771996	-0.376896261315	0.166944694895	0.199549545398	0.0
296	2016-08-19	14.53	14.5	14.74	14.36	4506600	-0.400989888525	0.165536673004	0.02999999999999936	-0.957920375282	-0.597953426094	0.349484005609	0.0314278118434	-0.135611375762	0.0
297	2016-08-22	14.44	14.41	14.75	14.4	4651000	-0.179365997111	0.165894057474	0.02999999999999936	-1.02265197183	-0.598534027288	0.726121880839	-0.0344993204522	-0.0287692042433	1.0
298	2016-08-23	14.88	14.82	15.13	14.8	7759700	0.627666676826	0.2202868056	0.0600000000000005	-1.09159997262	-0.611556707159	0.726121880839	0.443106126845	0.246643726046	0.0
