#index	date	close	open	high	low	volume	dVolume	percent_change	dollar_change	spread	var	entropy	slope	concavity	answer
40	2015-08-14	44.650002	43.09	44.98	42.82	5351500	0.575406988725014	0.03620334184265484	1.5600019999999972	0.049236379091944775	11.6995172566	1.51948914146	2.5683370000000068	-5.5133256666666925	1
41	2015-08-17	44.93	44.639999	45.25	43.709999	3287800	-0.3856301971409885	0.006496438317572467	0.2900009999999966	0.03438653605433214	10.108877014	1.47692347866	-1.9300059999999892	-7.366683999999964	0
42	2015-08-18	43.77	44.549999	44.889999	42.66	3472400	0.05614696757710323	-0.017508395454733826	-0.7799989999999966	0.050498166332633376	7.4377741164	1.47692347866	-1.653330333333334	3.0258523333333187	0
43	2015-08-19	43.099998	43.130001	43.720001	42.790001	1954800	-0.437046423223131	-0.0006956410689626617	-0.030003000000000668	0.02157021943140709	1.25652404	1.47692347866	0.21832899999999236	3.5658181666666073	0
44	2015-08-20	41.41	41.880001	42.5	41.0	3656000	0.8702680581133619	-0.011222564201944585	-0.47000100000000344	0.0360187293070149	1.358285678	1.47692347866	-2.703327333333341	-5.683314166666624	0
45	2015-08-21	38.650002	38.549999	40.400002	37.689999	6946900	0.900136761487965	0.0025941116107422195	0.10000300000000095	0.07020733069679624	3.0819152584	1.40194545938	-3.311665999999972	0.21832016666667187	0
46	2015-08-24	37.360001	32.290001	37.360001	30.51	8051100	0.15894859577653342	0.1570145507273289	5.07	0.19669779765404732	5.4644993382	1.41136293234	0.29166316666665654	6.384161583333348	0
47	2015-08-25	36.77	40.080002	40.080002	36.529999	3220700	-0.599967706276161	-0.08258487611851908	-3.3100019999999972	0.09238784404976343	7.7621797078	1.40672369478	-0.4966666666666602	-3.1041581666666125	1
48	2015-08-26	38.400002	38.16	38.5	36.25	2905200	-0.09796007079206384	0.006289360587002203	0.24000200000000405	0.05877742793162414	8.583946783	1.42185791727	3.2466711666666677	5.83917266666657	0
49	2015-08-27	34.970001	39.790001	40.0	33.540001	8588700	1.9563197026022305	-0.12113596076562033	-4.819999999999993	0.17281965829802956	11.7216264248	1.44815527142	-8.38667116666665	-20.406683916666584	0
50	2015-08-28	33.799999	34.32	35.0	33.259998	4249200	-0.5052569073317266	-0.015151544289044307	-0.5200010000000006	0.05108637773174356	13.0963216964	1.41353046158	2.3999981666666415	22.963341666666626	1
51	2015-08-31	34.490002	34.240002	35.5	33.75	4630800	0.08980513979101949	0.00730140144267515	0.25	0.05092390217233219	11.18371281	1.44182996002	1.4866741666666694	-5.616652000000026	0
52	2015-09-01	32.889999	33.099998	34.09	32.400002	2785100	-0.398570441392416	-0.006344381047998743	-0.20999899999999627	0.05121982351355472	9.8737627568	1.49496191896	-4.128342999999984	-9.877532583333315	1
53	2015-09-02	33.57	33.41	33.599998	32.68	1774600	-0.36282359699831246	0.004788985333732527	0.1600000000000037	0.02747082711257091	6.7717512668	1.51621114379	3.343339666666656	14.843366583333315	0
54	2015-09-03	33.049999	33.599998	34.25	32.521999	2058300	0.15986701228445846	-0.016369018831489206	-0.5499989999999997	0.05185299558228034	4.402528739	1.52657094502	-2.280003999999998	-12.059189333333288	0
55	2015-09-04	31.879999	32.25	32.700001	31.25	1795900	-0.12748384589224118	-0.011472899224806155	-0.37000099999999847	0.04522067745549163	4.1202194108	1.53923812855	-1.3116651666666665	3.5941789166666496	1
56	2015-09-08	35.459999	34.73	35.889999	34.099998	6704000	2.732947268778885	0.021019262885113923	0.7299990000000065	0.051004445804309066	3.441158734	1.5434157143	7.75499966666666	14.595828666666625	1
57	2015-09-09	35.950001	36.689999	37.389999	35.310001	4585200	-0.31605011933174226	-0.020168929413162423	-0.7399979999999999	0.05726866740088115	3.1339870348	1.56048735338	-3.66832966666666	-23.06665991666667	0
58	2015-09-10	34.23	35.560001	35.990002	33.799999	3044600	-0.33599406787054	-0.03740160187284592	-1.3300010000000029	0.06275979276744809	1.4013503698	1.55153153223	-2.531670833333333	6.663318916666725	0
59	2015-09-11	32.400002	33.799999	34.0	31.280001	4948300	0.6252709715561978	-0.041420030811243486	-1.399996999999999	0.08217519513330525	1.51211653	1.53328278287	-1.1849944999999948	3.108352416666667	0
60	2015-09-14	32.0	33.130001	33.200001	31.709999	2215100	-0.5523513125719944	-0.03410808831548179	-1.130001	0.04575470527015655	1.7936365716	1.50498328443	0.8283270000000064	2.4566437499999885	1
61	2015-09-15	33.040001	33.25	33.990002	32.41	5245900	1.368245225949167	-0.0063157593984963425	-0.20999900000000338	0.04766939134606441	1.722441102	1.45390030804	1.763338166666659	0.0475228333333367	1
62	2015-09-16	37.099998	34.610001	38.450001	33.849998	10125400	0.9301549781734306	0.07194443594497447	2.4899970000000025	0.12829460505221876	2.8486146136	1.40999787831	6.0966593333333305	6.039142833333358	1
63	2015-09-17	39.880001	36.459999	40.898998	36.099998	18266700	0.8040472475161475	0.09380148364787383	3.4200019999999967	0.12572701074141995	6.055988816	1.53445989315	0.7066759999999874	-10.969968416666708	1
64	2015-09-18	40.720001	39.25	42.040001	38.599998	13693400	-0.25036268181992366	0.03745225477707015	1.4700010000000034	0.08603233605061472	9.1278244636	1.55153153223	-0.35000449999998534	0.7366372499999633	0
65	2015-09-21	38.09	41.75	41.919998	37.75	8257800	-0.39695035564578557	-0.08766467065868255	-3.6599999999999966	0.10445886773547093	8.3931804138	1.57224732055	-4.87500083333335	-5.797488916666694	1
66	2015-09-22	39.490002	36.990002	39.889999	36.73	5301100	-0.3580493593935431	0.06758583035491592	2.5	0.08263595279100683	9.510700286	1.5789591584	5.91500483333332	19.807508833333276	0
67	2015-09-23	39.110001	39.93	40.367001	38.650002	3037100	-0.42708117183226124	-0.020535912847483167	-0.8199990000000028	0.04344633042198472	10.1945245388	1.57224732055	-3.206671166666659	-19.79085149999995	0
68	2015-09-24	38.790001	38.299999	38.950001	37.0	2766400	-0.08913107898982582	0.012793786234824626	0.49000199999999694	0.05059024516798548	9.8990363372	1.55995391687	0.3233351666666617	8.912514166666663	0
69	2015-09-25	37.599998	39.700001	40.240002	37.299999	3207400	0.15941295546558704	-0.05289679967514361	-2.100003000000001	0.07606734897887896	7.4841576748	1.53445989315	-1.9350058333333375	-4.339180999999996	0
70	2015-09-28	36.049999	36.919998	37.16	35.259998	2802100	-0.12636403317328676	-0.02356443789623174	-0.869999	0.05207625265490948	4.4389628192	1.51374410483	-1.5599946666666777	1.4700210833333311	0
71	2015-09-29	35.299999	36.040001	36.27	34.259998	2651300	-0.053816780271938904	-0.02053279632261933	-0.7400019999999969	0.056349929913092234	2.662604346	1.53445989315	0.03666449999999818	2.5558163333333304	1
72	2015-09-30	37.689999	35.59	37.689999	34.709999	5896100	1.223852449741636	0.059005310480471945	2.099998999999997	0.08133187883913581	2.5625989936	1.53402652844	4.740000333333332	6.561673166666712	1
73	2015-10-01	38.049999	37.240002	38.529999	36.310001	2506500	-0.5748884856091314	0.021750723858715227	0.8099970000000027	0.05897192111871528	2.2754716798	1.55153153223	-2.378333333333335	-14.08416758333334	0
74	2015-10-02	37.299999	37.150002	38.400002	37.0	2106900	-0.15942549371633752	0.00403760408949639	0.14999699999999905	0.03760918686891625	1.5285431062	1.56666575472	-0.9983333333333396	5.392500000000031	1
75	2015-10-05	38.099998	37.849998	38.970001	37.32	3231600	0.533817456927239	0.006605020164069757	0.25	0.043449666541128015	1.529237966	1.56666575472	2.4616648333333253	5.8049970833333475	0
76	2015-10-06	36.400002	38.009998	38.099998	35.830002	2675900	-0.17195816313900236	-0.0423571713947473	-1.6099960000000024	0.06101319715092055	1.312009421	1.5812031417	-4.2999915	-12.700815916666636	0
77	2015-10-07	35.25	36.700001	36.880001	33.66	3506200	0.3102881273590194	-0.039509562956142705	-1.4500010000000003	0.08950662835988017	1.3629606236	1.5812031417	0.14165800000001147	10.108300750000003	0
78	2015-10-08	34.669998	34.790001	35.77	33.43	2678700	-0.23601049569334323	-0.003449353163283812	-0.12000299999999697	0.06737690854271401	1.4593684878	1.5859813771	-0.2883333333333364	-2.187478416666645	1
79	2015-10-09	35.360001	35.099998	36.099998	34.650002	1829100	-0.31716877589875686	0.007407493299572198	0.26000299999999754	0.04115799093326694	1.4813203464	1.5859813771	1.5583404999999857	2.593342416666663	1
80	2015-10-12	36.099998	36.02	36.48	35.75	1284300	-0.29785140232901425	0.002220932815102616	0.07999799999999624	0.02024403827631822	1.4778754068	1.59156294293	0.3583236666666683	-2.9300316666666695	1
81	2015-10-13	36.169998	36.32	37.880001	34.759998	3128400	1.4358794674141555	-0.004130011013215877	-0.15000200000000063	0.08608092388138835	1.3507684224	1.5859813771	-0.5049955000000091	-0.9316363333334152	0
82	2015-10-14	35.599998	36.25	36.313	34.950001	1241000	-0.603311596982483	-0.01793108965517243	-0.6500020000000006	0.037940126317052986	1.250239646	1.5812031417	-0.8800010000000071	0.0774860000000075	1
83	2015-10-15	37.099998	35.5	37.110001	35.439999	1357300	0.09371474617244158	0.04507036619718308	1.5999979999999994	0.046005566005662885	0.998964486002	1.56666575472	3.4383333333333232	7.236669416666667	0
84	2015-10-16	36.900002	37.259998	37.599998	36.529999	1215700	-0.10432476239593311	-0.009661728913673114	-0.3599960000000024	0.02885649946062575	0.925764927003	1.54170516751	-2.306659333333331	-11.409988333333368	1
85	2015-10-19	37.41	36.75	38.98	36.549999	2893800	1.3803569959694004	0.017959183673469294	0.6599999999999966	0.06553400755124049	0.701584632003	1.53445989315	1.66832500000001	8.784971166666656	1
86	2015-10-20	38.5	39.209999	41.110001	38.099998	6884500	1.3790517658442187	-0.018107600563825654	-0.7099990000000034	0.07746758560632583	1.2261648044	1.51992250617	1.3366703333333494	-1.8783068333332456	0
87	2015-10-21	36.82	39.189999	39.5	35.419998	3102800	-0.5493064129566417	-0.06047458689651918	-2.369999	0.10735434952446192	1.1164220242	1.51992250617	-4.181667333333347	-9.071677833333391	1
88	2015-10-22	37.09	37.599998	38.060001	35.82	2095100	-0.3247711744231017	-0.01356377731722209	-0.509997999999996	0.05998128424103049	0.775685549002	1.49496191896	2.8183333333333374	14.067501833333324	1
89	2015-10-23	38.470001	37.82	38.599998	37.5	2055700	-0.018805784926733807	0.017186700158646304	0.6500010000000032	0.028837278426566002	0.809585482002	1.45025234466	1.6550018333333203	-4.826663750000023	0
90	2015-10-26	37.369999	38.18	38.779999	37.25	1688400	-0.17867393102106338	-0.021215322158198	-0.8100009999999997	0.0405029522237319	0.722082146402	1.40354444021	-3.536671500000004	-8.59084491666666	1
91	2015-10-27	37.669998	37.25	37.900002	36.889999	1042000	-0.382847666429756	0.011275114093959723	0.41999799999999965	0.026962173704275796	0.632681666402	1.46619371172	2.2933341666666727	12.127512333333357	1
92	2015-10-28	39.09	38.299999	39.41	37.82	2262700	1.1714971209213052	0.020626658502001623	0.7900010000000037	0.04109058070927217	0.547176128801	1.49081586317	1.8866708333333289	-2.973330166666661	0
93	2015-10-29	37.57	38.209999	38.700001	37.0	3482800	0.5392230521058912	-0.016749516271905764	-0.6399990000000031	0.044866746435296215	0.516108912001	1.42229128198	-4.343336000000019	-10.465013416666702	1
94	2015-10-30	40.540001	38.200001	40.779999	37.66	5732200	0.6458596531526358	0.06125654289904328	2.3399999999999963	0.07924813108335964	1.1341818706	1.46619371172	7.691669166666673	22.452511333333362	1
95	2015-11-02	40.799999	41.529999	41.970001	39.93	12417100	1.1662014584278289	-0.01757765513069232	-0.7299999999999969	0.049556687709381556	1.7325164568	1.51471090606	-3.495004833333335	-23.320846749999927	0
96	2015-11-03	37.310001	38.0	39.130001	37.169998	14193400	0.14305272567668778	-0.018157868421052638	-0.6899990000000003	0.052051599361949294	1.8342612166	1.4964621567	-5.711660333333339	0.8566877499999729	1
97	2015-11-04	37.82	37.98	38.439999	37.5	4835400	-0.6593205292600787	-0.0042127435492363505	-0.1599999999999966	0.024802084432717687	1.6336612366	1.46816265826	5.093328500000001	19.807477166666747	0
98	2015-11-05	36.860001	37.549999	37.740002	36.599998	3092100	-0.3605286015634694	-0.01837544656126363	-0.6899980000000028	0.03064115038301297	1.697439934	1.43849104879	-3.5183296666666735	-19.05831533333338	1
99	2015-11-06	37.919998	36.860001	37.950001	36.02	4283900	0.3854338475469746	0.028757378492746184	1.0599970000000027	0.051618107135839815	1.711465049	1.43849104879	3.2333263333333377	13.723313250000075	0
100	2015-11-09	37.459999	37.799999	38.150002	36.599998	2460200	-0.4257102173253344	-0.008994709232664167	-0.3399999999999963	0.04119064685598321	1.6955440364	1.42840628432	-2.399994333333337	-11.50414183333335	0
101	2015-11-10	35.919998	37.080002	38.139999	35.560001	4465100	0.8149337452239656	-0.03128381708285778	-1.1600040000000007	0.07068487671232886	2.1930696314	1.40715705949	-1.9333373333333317	3.008312499999988	0
102	2015-11-11	34.310001	36.040001	36.34	34.209999	2691800	-0.3971467604308974	-0.048002218423911724	-1.7299999999999969	0.06055439770989631	3.3307086764	1.41136293234	-1.3083263333333381	1.4625210000000237	0
103	2015-11-12	31.68	33.73	34.0	31.5	7115800	1.6435099190132996	-0.06077675659650155	-2.049999999999997	0.07644091117566122	6.5484154408	1.30828399732	-3.456672333333328	-3.766691500000069	0
104	2015-11-13	27.860001	29.02	29.4	26.799999	30545600	3.2926445375080804	-0.03997239834596827	-1.1599989999999991	0.09142056801299982	12.1986203976	1.13049502278	-4.471662666666667	-0.644979166666649	1
105	2015-11-16	28.76	28.0	28.85	27.549999	6350900	-0.7920846210256142	0.027142857142857198	0.7600000000000016	0.045806941508104354	13.190717158	1.21302070385	5.229996666666665	16.203318166666637	0
106	2015-11-17	28.73	29.41	30.02	28.26	10054100	0.5830984584861988	-0.023121387283236986	-0.6799999999999997	0.06054351565187471	15.1486722708	1.27614286346	-2.3783318333333363	-17.176656249999983	0
107	2015-11-18	28.67	28.82	28.9	27.5	6065200	-0.3967436170318577	-0.005204718945176911	-0.14999999999999858	0.04870412245607927	15.2026569048	1.2845652481	0.22499966666667484	6.874162000000031	1
108	2015-11-19	29.01	29.139999	29.4	28.709999	5388600	-0.11155444173316625	-0.004461187524405817	-0.12999899999999798	0.023731763090829933	14.4011706252	1.27614286346	0.6833333333333241	0.39916758333330904	0
109	2015-11-20	27.59	29.23	29.25	27.57	7429900	0.37881824592658575	-0.056106739651043465	-1.6400000000000006	0.05913410770855332	11.8403657738	1.16911827411	-3.0200000000000045	-6.294166666666655	0
110	2015-11-23	27.030001	27.889999	27.98	26.462	8393100	0.1296383531406883	-0.03083535427878649	-0.8599980000000009	0.05528040786598691	8.1533614808	1.20019804295	0.7433351666666729	7.861669583333352	0
111	2015-11-24	26.870001	26.82	27.48	26.610001	3886300	-0.5369648878245226	0.0018643176733780084	0.050000999999998186	0.03240823184190293	4.7297489732	1.22441488459	-0.11333450000000174	-2.883339083333349	1
112	2015-11-25	27.99	26.959999	28.559999	26.66	4834900	0.24408820729228314	0.03820478628356027	1.0300009999999986	0.06915374102190616	1.6771883006	1.24223026924	2.0533318333333326	3.3883341666667	0
113	2015-11-27	27.84	28.26	28.549999	27.629999	2070000	-0.571862913400484	-0.014861995753715558	-0.4200000000000017	0.032798573975044494	0.499844531	1.25395131036	-1.6349988333333318	-6.96416183333334	1
114	2015-11-30	28.719999	29.09	29.219999	28.450001	6908800	2.337584541062802	-0.012719181849432742	-0.37000099999999847	0.026638921062773276	0.5363084118	1.25976680298	2.161664499999997	7.775826666666641	1
115	2015-12-01	29.219999	29.190001	29.85	27.93	7264100	0.05142716535433071	0.0010276806773662883	0.029998000000002634	0.06574216743708275	0.614140192	1.25976680298	-0.15999883333334827	-5.1908266666667044	1
116	2015-12-02	29.370001	29.299999	29.809999	28.57	4883200	-0.3277625583348247	0.0023891468392199873	0.07000199999999879	0.04227029146071249	0.7230684198	1.22565181192	-0.014996666666679204	1.00000208333329	1
117	2015-12-03	30.139999	29.98	30.84	29.450001	6884200	0.40977228047182174	0.005336857905270151	0.15999899999999911	0.04624081913241547	1.046615038	1.29114190224	1.4033273333333511	2.4516502500000192	1
118	2015-12-04	33.369999	30.5	33.369999	30.33	9524600	0.3835449289677813	0.09409832786885246	2.869999	0.09519333169239604	3.3085821268	1.35329308134	5.073336333333326	5.097518999999996	1
119	2015-12-07	34.099998	33.990002	34.68	32.610001	9306100	-0.022940595930537766	0.003236128082605068	0.10999600000000243	0.06080185049199597	5.529141403	1.36461968379	-2.1733358333333386	-13.693345583333306	0
120	2015-12-08	32.34	33.189999	33.990002	32.279999	5084200	-0.4536701733271725	-0.025610094173247694	-0.8499989999999968	0.05218992907355302	5.4808213148	1.40561789571	-3.0016618333333382	2.0758467499999775	0
121	2015-12-09	31.25	32.400002	33.349998	30.77	4645000	-0.08638527201919673	-0.03549388669790825	-1.1500020000000006	0.08106827710704549	4.469042378	1.43111191943	0.29833066666665076	6.717484749999936	0
122	2015-12-10	30.77	31.309999	31.85	30.6	3487600	-0.24917115177610333	-0.017246854591084517	-0.5399990000000017	0.04027061920539013	3.805734656	1.41136293234	-0.1949993333333282	-2.401658249999992	0
123	2015-12-11	29.5	30.690001	30.879999	29.23	4438500	0.27265168023855946	-0.038774876546924804	-1.1900009999999988	0.054826348981120675	3.100234822	1.38697470769	-2.13166666666667	-3.4183351666666795	0
124	2015-12-14	29.15	29.23	29.75	27.67	3690400	-0.1685479328602005	-0.002736914129319256	-0.08000000000000185	0.07125727989037337	2.9312874248	1.31071950633	0.6799999999999974	5.480833333333313	1
125	2015-12-15	29.84	29.049999	30.790001	28.24	6587100	0.7849284630392369	0.027194527614269458	0.7900010000000002	0.08660217501447068	2.7549591218	1.45302843577	1.250000000000013	-0.29749999999997573	0
126	2015-12-16	29.469999	30.299999	30.540001	29.049999	3868600	-0.4127005814394802	-0.02739274017797817	-0.8299999999999983	0.04985785677958365	2.723599757	1.43849104879	-1.600001833333342	-5.195002916666667	0
127	2015-12-17	27.809999	29.700001	29.75	27.639999	5676200	0.4672491340536628	-0.06363642883379024	-1.890001999999999	0.07337857763867155	3.60969899	1.40715705949	-2.3816655000000133	0.19417241666661766	0
128	2015-12-18	27.73	28.129999	28.209999	27.07	4677900	-0.17587470490821325	-0.014219659232835418	-0.3999990000000011	0.04081629145750609	3.5284830608	1.36461968379	1.6666681666666736	7.291665833333345	1
129	2015-12-21	29.1	29.09	29.450001	28.02	7395500	0.5809444408815921	0.0003437607425232576	0.010000000000001563	0.04914937274445784	1.8744844224	1.37377408764	2.051665500000008	-1.430004833333328	0
130	2015-12-22	28.66	29.1	29.200001	28.26	3503200	-0.5263065377594484	-0.01512027491408939	-0.4400000000000013	0.03254851108033236	1.1473162752	1.37377408764	-2.431666333333348	-7.939162916666665	0
131	2015-12-23	28.629999	28.92	28.92	28.26	3628200	0.03568166248001827	-0.010027697095435691	-0.2900010000000002	0.0229365772882116	0.7579842576	1.34918728029	0.9149981666666788	7.653329500000022	1
132	2015-12-24	28.91	28.379999	29.200001	28.360001	1603600	-0.5580177498484097	0.01867515922040725	0.5300009999999986	0.029324489951553318	0.435460146	1.34918728029	0.40166966666665144	-1.916658000000017	1
133	2015-12-28	29.860001	30.219999	30.65	29.559999	8024900	4.00430281865802	-0.011912574848199065	-0.35999800000000093	0.036284986684420685	0.4917643564	1.33786067784	1.4050003333333418	1.451660083333356	0
134	2015-12-29	29.35	30.5	30.75	29.1	5978400	-0.2550187541277773	-0.03770491803278684	-1.1499999999999986	0.05513784461152877	0.5047243644	1.31586770744	-1.9500026666666592	-5.872504000000011	1
135	2015-12-30	29.629999	29.0	29.74	28.74	3414300	-0.42889401846647934	0.021724103448275914	0.6299990000000015	0.03411222981600256	0.470725213	1.31586770744	1.4249996666666587	7.055005666666664	0
136	2015-12-31	29.59	29.09	30.0	29.0	3725700	0.0912046393111326	0.017188037126160193	0.5	0.03408316291751875	0.4853413288	1.31586770744	-0.5699973333333391	-4.509996000000001	1
137	2016-01-04	29.76	28.65	29.99	28.120001	4567000	0.22580991491531793	0.038743455497382305	1.110000000000003	0.06403009758602979	0.3919361444	1.31586770744	0.45166516666667417	2.2433247500000086	0
138	2016-01-05	24.299999	30.209999	30.959999	24.030001	30670400	5.715655791548063	-0.19563059237439895	-5.91	0.25426520837516825	2.4056899716	1.18559307768	-10.22166816666668	-17.309164916666692	0
139	2016-01-06	22.9	23.73	24.18	22.639999	13673000	-0.5541955761907246	-0.034976822587442134	-0.8300000000000018	0.06605194081063695	5.4672497236	1.26615684208	3.8600029999999976	27.98584108333336	0
140	2016-01-07	21.5	22.16	23.280001	20.25	17043600	0.2465150296204198	-0.02978339350180506	-0.6600000000000001	0.1387998625744388	9.3637214372	1.23193386701	-2.75333483333333	-16.66417616666668	1
141	2016-01-08	21.52	22.200001	22.59	21.360001	6441900	-0.6220340773076111	-0.030630674295915605	-0.6800010000000007	0.05626710758766906	12.2254965324	1.27293207893	1.2033336666666656	7.863337999999989	0
142	2016-01-11	18.85	21.43	21.620001	18.35	13868000	1.1527810118132849	-0.12039197386840869	-2.5799999999999983	0.16236350546176748	16.9516843312	1.216202809	-5.384999999999998	-11.869167583333317	1
143	2016-01-12	19.629999	19.360001	19.75	18.9	5176900	-0.6267017594462071	0.013946176965590088	0.26999800000000107	0.04360092331367024	17.9122811098	1.20487620655	4.551664833333334	18.985830416666648	1
144	2016-01-13	19.85	19.65	20.48	19.17	5863000	0.13253105140141783	0.0101781170483462	0.20000000000000284	0.06632911392405057	17.2054805398	1.25021129573	-1.3966636666666652	-13.874158000000003	0
145	2016-01-14	18.870001	19.200001	19.417	17.77	7268000	0.23963841037011768	-0.01718749910481785	-0.33000000000000185	0.08652481814947117	14.9781605234	1.2868726304	-1.7933330000000016	1.2491600833333198	0
146	2016-01-15	17.969999	17.57	18.34	17.299999	5383800	-0.2592460099064392	0.022766021627774677	0.3999990000000011	0.05852566287354145	11.064545	1.15779167166	-0.4333378333333269	3.1199930833333553	0
147	2016-01-19	17.66	18.32	18.790001	17.25	4529300	-0.1587168914149857	-0.03602620087336245	-0.6600000000000001	0.08560316842690384	4.288544516	1.26943102561	0.15500449999999213	0.3941839166666365	1
148	2016-01-20	17.790001	16.85	18.280001	15.524	7861800	0.7357649084847548	0.05578640949554888	0.9400009999999988	0.15912245499069122	2.901263812	1.24871523729	0.3000000000000031	-0.31501125000000724	1
149	2016-01-21	18.190001	18.58	18.620001	17.297001	5743200	-0.2694802716935053	-0.02099025834230353	-0.38999899999999954	0.07196083568232685	1.8401006134	1.41477229957	0.4783324999999981	0.08166649999999957	1
150	2016-01-22	18.809999	18.5	19.344999	18.209999	3433700	-0.4021277336676417	0.01675670270270277	0.30999900000000125	0.060841599057668234	1.244803688	1.23193386701	0.7133300000000075	0.2799970000000016	0
151	2016-01-25	17.290001	18.58	18.724001	17.15	4026100	0.17252526429216297	-0.0694294402583422	-1.2899989999999981	0.08776141377860584	0.650488447801	1.26347949407	-3.3766606666666745	-6.617483583333343	0
152	2016-01-26	16.77	17.33	17.669001	16.67	4297000	0.06728595911676312	-0.03231390652048464	-0.5599999999999987	0.058592434017595306	0.890520489401	1.15695584772	1.026661833333339	9.181644750000002	0
153	2016-01-27	16.049999	17.290001	17.290001	16.01	5306700	0.23497789155224574	-0.07171786745414303	-1.2400020000000005	0.07678470305938803	1.079545277	1.21055784418	-1.220000000000007	-5.378321166666659	0
154	2016-01-28	15.69	16.26	16.645	15.6	4196600	-0.20918838449507227	-0.03505535055350566	-0.5700000000000021	0.065414710485133	1.0354493602	1.35710070138	0.0066693333333311955	2.533336416666669	1
155	2016-01-29	16.6	15.79	16.68	15.71	4443400	0.05880951246246962	0.05129829005699825	0.8100000000000023	0.05989502933004007	0.881316088001	1.36996646761	1.8483318333333365	2.5008247499999903	1
156	2016-02-01	16.709999	16.5	17.049999	16.02	4275800	-0.03771886393302426	0.012727212121212111	0.20999899999999982	0.06202945082895066	0.850824340001	1.3763398697	-0.9800015000000002	-5.601664916666695	0
157	2016-02-02	16.09	16.92	17.040001	16.0	3806700	-0.10971046353898685	-0.049054373522458734	-0.8300000000000018	0.0630112693123296	0.914409340001	1.3763398697	-0.961663666666667	1.3016744166666854	0
158	2016-02-03	16.040001	16.450001	16.573	15.6	4454500	0.17017364121154807	-0.024924010642917296	-0.41000000000000014	0.059895348729126004	0.913183990001	1.36996646761	0.6683336666666667	2.997493416666645	1
159	2016-02-04	16.93	16.030001	17.25	15.98	5713000	0.2825232910539903	0.05614466274830558	0.8999990000000011	0.07706310445803685	0.7118356916	1.35710070138	1.4833306666666684	0.4574959999999919	0
160	2016-02-05	15.73	16.950001	16.965	15.68	6141400	0.07498687204621039	-0.07197645593059256	-1.220001	0.07864136846262643	0.264620114	1.33749071212	-3.254998500000003	-8.236658083333326	0
161	2016-02-08	14.38	15.42	15.42	14.16	5787600	-0.05760901423128277	-0.06744487678339812	-1.0399999999999991	0.08456375838926172	0.5029488758	1.39458861906	-0.7783336666666626	6.345828666666658	0
162	2016-02-09	14.3	14.03	15.58	13.99	6984300	0.20676964544889073	0.01924447612259454	0.27000000000000135	0.11224849982350864	0.7205558264	1.36996646761	1.0283333333333289	2.2133342500000097	1
163	2016-02-10	14.68	14.82	15.88	14.31	6349500	-0.09088956659937288	-0.009446693657220012	-0.14000000000000057	0.10644067796610171	0.835224866	1.33585147655	0.33999999999999514	-2.3941666666666612	0
164	2016-02-11	13.78	14.0	14.184	12.9	13818900	1.176376092605717	-0.01571428571428576	-0.22000000000000064	0.09244060475161979	1.173103866	1.3024685047	-2.1200000000000014	-3.8725000000000094	1
165	2016-02-12	13.94	14.18	14.49	13.8	4665400	-0.6623899152609831	-0.016925246826516235	-0.2400000000000002	0.04907539118065431	1.237475866	1.24603788927	1.4700000000000024	7.140000000000001	1
166	2016-02-16	14.9	14.39	15.09	13.81	5082500	0.08940283791314785	0.03544127866574008	0.5099999999999998	0.08740184363263909	1.0067011926	1.16978268791	1.2733333333333359	-1.8433333333333384	1
167	2016-02-17	15.89	15.2	16.440001	14.8	7753800	0.5255878012788981	0.04539473684210535	0.6900000000000013	0.10550022515278212	0.9697811966	1.40194545938	0.7483333333333378	-1.207500000000022	1
168	2016-02-18	16.0	16.15	16.35	15.61	5240000	-0.3242023266011504	-0.00928792569659434	-0.14999999999999858	0.04603421461897369	0.962061	1.43876608555	-0.6333333333333311	-1.9183333333333177	0
169	2016-02-19	15.6	15.8	15.96	15.55	5837800	0.11408396946564886	-0.012658227848101333	-0.20000000000000107	0.026114649681528674	0.62198	1.49081586317	-0.5316666666666693	1.0333333333333385	1
170	2016-02-22	16.52	15.95	16.75	15.6	22222200	2.8066052279968483	0.03573667711598748	0.5700000000000003	0.07083461656914077	0.806129	1.42229128198	2.1899999999999977	4.488333333333347	0
171	2016-02-23	13.08	14.03	14.3	12.97	40612200	0.8275508275508275	-0.06771204561653595	-0.9499999999999993	0.09811877535964589	1.119169	1.56071040904	-7.513333333333335	-16.924166666666675	0
172	2016-02-24	12.33	12.74	12.74	11.91	16943600	-0.5827953176631653	-0.03218210361067505	-0.41000000000000014	0.06621459912245713	1.692636	1.48594269881	2.9450000000000007	21.409166666666664	0
173	2016-02-25	12.26	12.17	12.77	12.05	13067400	-0.228770745296159	0.0073952341824157644	0.08999999999999986	0.0589439214081047	2.21584	1.47080847632	-0.40000000000000213	-9.634999999999993	0
174	2016-02-26	12.15	12.41	12.55	12.14	7201700	-0.4488804199764299	-0.020950846091861385	-0.2599999999999998	0.03338762214983714	2.666861	1.57224732055	-0.3700000000000004	0.42250000000001126	1
175	2016-02-29	12.23	12.38	12.38	12.0	9949100	0.38149325853617894	-0.012116316639741546	-0.15000000000000036	0.030881755383990312	3.041864	1.5789591584	0.25166666666666454	1.2908333333333057	1
176	2016-03-01	12.41	12.35	12.48	12.1	9012700	-0.09411906604617504	0.0048582995951417405	0.0600000000000005	0.03069466882067858	3.199481	1.57224732055	0.1999999999999975	-0.28333333333332195	1
177	2016-03-02	12.87	12.47	13.05	12.36	10259300	0.1383159319626749	0.03207698476343212	0.3999999999999986	0.05445935280189434	2.786345	1.55153153223	0.6600000000000007	0.7074999999999984	0
178	2016-03-03	12.47	12.82	12.85	12.26	11315000	0.10290175742984414	-0.02730109204368172	-0.34999999999999964	0.046658758402530635	2.174596	1.51471090606	-1.2099999999999973	-3.209999999999996	1
179	2016-03-04	12.86	12.53	13.18	12.47	11833800	0.04585064074237737	0.0263367916999202	0.33000000000000007	0.055927530523828206	1.530696	1.45627108934	1.3349999999999949	4.997499999999967	1
180	2016-03-07	13.03	12.86	13.3	12.77	7295800	-0.3834778346769423	0.013219284603421456	0.16999999999999993	0.04094244882193906	0.112709	1.48975031885	-0.27666666666666667	-3.6683333333333223	1
181	2016-03-08	13.05	13.19	13.85	12.95	18447200	1.5284684338934729	-0.010614101592115148	-0.1399999999999988	0.06859756097560978	0.109724	1.44691343343	-0.03166666666666451	0.9100000000000014	1
182	2016-03-09	13.22	13.17	13.27	12.515	12095300	-0.34432867860705146	0.0037965072133637596	0.05000000000000071	0.0572186434255399	0.139005	1.48791164536	0.34500000000000125	0.6608333333333244	1
183	2016-03-10	13.53	13.35	13.79	13.23	9039600	-0.25263532115780507	0.01348314606741571	0.17999999999999972	0.041666666666666574	0.183836	1.51340566908	0.3766666666666634	-0.1541666666666733	1
184	2016-03-11	14.51	13.65	14.61	13.57	14229700	0.574151511128811	0.06300366300366296	0.8599999999999994	0.0738636363636363	0.386796	1.50498328443	1.491666666666666	1.6950000000000074	0
185	2016-03-14	14.47	14.49	14.8	14.27	6662600	-0.5317821176834368	-0.0013802622498274378	-0.019999999999999574	0.03660220994475146	0.485356	1.51056485026	-1.1133333333333326	-4.745000000000009	0
186	2016-03-15	13.93	14.43	14.45	13.57	7378800	0.10749557229910245	-0.03465003465003465	-0.5	0.06205923836389274	0.440364	1.51727668811	-0.6166666666666737	2.045833333333315	1
187	2016-03-16	14.32	14.17	14.49	13.94	5594300	-0.24184149184149184	0.010585744530698684	0.15000000000000036	0.03861003861003866	0.477629	1.50498328443	1.3316666666666699	3.194166666666684	1
188	2016-03-17	14.47	14.23	14.79	14.11	5770500	0.03149634449350232	0.016865776528461014	0.2400000000000002	0.04738675958188151	0.410029	1.47948926072	-0.35999999999999527	-3.7933333333333343	0
189	2016-03-18	14.38	14.4	14.618	14.13	6594300	0.1427605926696127	-0.0013888888888888592	-0.019999999999999574	0.03391243919388461	0.350749	1.48975031885	-0.2100000000000056	0.832499999999996	1
190	2016-03-21	14.9	14.33	14.9	14.25	6453100	-0.02141243194880427	0.03977669225401258	0.5700000000000003	0.0444748546014369	0.343456	1.5010769213	1.1083333333333318	2.2391666666666743	1
191	2016-03-22	15.28	14.8	15.91	14.78	11900100	0.8440904371542359	0.03243243243243234	0.47999999999999865	0.07513297872340431	0.332529	1.53445989315	0.060000000000001684	-2.3566666666666714	0
192	2016-03-23	14.55	15.28	15.58	14.54	7652600	-0.35692977369938067	-0.047774869109947556	-0.7299999999999986	0.06972846128059007	0.204184	1.53445989315	-1.6083333333333265	-2.281666666666652	1
193	2016-03-24	14.58	14.37	14.63	14.14	5351200	-0.3007343909259598	0.014613778705636803	0.21000000000000085	0.03385146804835926	0.113569	1.53445989315	1.0333333333333237	5.233333333333316	0
194	2016-03-28	13.55	14.53	14.549	13.36	10160700	0.898770369262969	-0.06744666207845827	-0.9799999999999986	0.0846866096866097	0.202081	1.53445989315	-2.166666666666661	-6.262499999999986	1
195	2016-03-29	14.01	13.48	14.12	13.31	6298700	-0.38009192280059445	0.039317507418397575	0.5299999999999994	0.0589305201891596	0.218641	1.53445989315	2.054999999999996	8.045833333333325	0
196	2016-03-30	13.4	14.0	14.0	12.93	16561400	1.6293362122342705	-0.04285714285714283	-0.5999999999999996	0.07810218978102192	0.293424	1.51374410483	-1.998333333333333	-8.31416666666666	1
197	2016-03-31	15.15	14.06	15.23	13.82	21246800	0.28291086502348833	0.07752489331436699	1.0899999999999999	0.09654228004108183	0.351441	1.50241750238	4.0733333333333315	11.280833333333305	0
198	2016-04-01	14.92	14.9	15.72	14.71	14749400	-0.30580605079353124	0.0013422818791946022	0.019999999999999574	0.06773977196512407	0.373536	1.46522691049	-2.6666666666666625	-13.44249999999999	1
199	2016-04-04	15.51	15.0	15.75	14.75	10429000	-0.29292038998196535	0.03399999999999999	0.5099999999999998	0.06555227794165848	0.467665	1.46522691049	1.9333333333333294	10.165000000000008	0
200	2016-04-05	15.1	15.3	15.57	15.03	6583800	-0.3687026560552306	-0.013071895424836671	-0.20000000000000107	0.035526315789473746	0.483865	1.59156294293	-1.5166666666666686	-7.055000000000004	1
201	2016-04-06	15.48	15.26	15.68	15.2	5292800	-0.19608736595886875	0.014416775884665835	0.22000000000000064	0.03122966818477556	0.514465	1.59156294293	1.3716666666666655	5.889166666666665	0
202	2016-04-07	14.86	15.36	15.72	14.81	6914700	0.30643515719467956	-0.032552083333333336	-0.5	0.06022501654533423	0.518464	1.5812031417	-1.7166666666666668	-6.071666666666687	0
203	2016-04-08	14.5	15.11	15.22	14.4	7373800	0.06639478213082274	-0.04037061548643279	-0.6099999999999994	0.055386693684566043	0.520256	1.56413150262	0.18999999999999595	4.315833333333328	1
204	2016-04-11	14.84	14.85	15.52	14.77	8962500	0.21545200575008816	-0.000673400673400659	-0.009999999999999787	0.05052206130010105	0.386741	1.541171731	0.8366666666666696	0.3883333333333283	1
205	2016-04-12	15.15	14.93	15.36	14.89	4982100	-0.4441171548117155	0.01473543201607506	0.22000000000000064	0.031249999999999927	0.328829	1.4964621567	0.05166666666666705	-1.832499999999989	1
206	2016-04-13	17.01	15.9	17.188	15.75	22044900	3.424820858674053	0.06981132075471705	1.1100000000000012	0.0873898511090853	0.425216	1.31071950633	3.161666666666671	5.247499999999988	0
207	2016-04-14	16.33	16.969999	17.09	16.27	11613000	-0.473211491093178	-0.03771355555177128	-0.6399990000000031	0.04924925072820575	0.52646	1.35462193606	-3.313333333333336	-11.827500000000006	1
208	2016-04-15	17.200001	16.370001	17.450001	16.370001	12381500	0.06617583742357702	0.05070250148427003	0.8300000000000018	0.06434315970550146	0.7891163204	1.46903453053	3.0083351666666798	13.138336250000037	0
209	2016-04-18	17.040001	17.0	17.5	16.969999	9337100	-0.24588297056091749	0.0023530000000000105	0.040001000000000175	0.031139893327265092	0.9728695476	1.39792753029	-1.5350011666666685	-9.724172416666663	1
210	2016-04-19	17.34	17.23	17.5	16.809999	7646000	-0.18111619239378393	0.006384213580963403	0.10999999999999943	0.03991906277118882	1.132805458	1.41306175278	1.02666516666667	5.680834166666689	1
211	2016-04-20	17.690001	17.42	18.190001	17.34	10621800	0.389196965733717	0.015499483352468256	0.27000099999999705	0.04841930935860691	1.3535846684	1.42229128198	0.2383363333333269	-2.10165891666666	0
212	2016-04-21	17.459999	17.99	18.280001	17.111	7683100	-0.2766668549586699	-0.029460867148415712	-0.5300009999999986	0.0659521034119069	1.2672643116	1.39488812877	-0.7300051666666612	-1.4116820000000037	1
213	2016-04-22	17.58	17.35	17.65	17.209999	4610300	-0.3999427314495451	0.013256484149855726	0.22999999999999687	0.02519330088748919	0.9161441884	1.38259472509	0.6050044999999938	2.7100190833333193	0
214	2016-04-25	17.41	17.51	17.780001	16.950001	10539600	1.2860985185345857	-0.005711022272986945	-0.10000000000000142	0.047537227949598984	0.5216490856	1.39963807708	-0.5283351666666564	-2.369180833333322	0
215	2016-04-26	17.389999	17.41	17.5	17.16	4459100	-0.576919427682265	-0.0011488225157955544	-0.0200010000000006	0.019540230446558338	0.135024967	1.40972284155	0.20166516666666112	1.5800026666666322	1
216	2016-04-27	17.879999	17.25	17.950001	17.129999	8231800	0.8460675921150008	0.03652168115942038	0.6299990000000015	0.04668386127765041	0.162255840001	1.3024685047	0.8650011666666728	0.7966715000000045	1
217	2016-04-28	18.1	18.5	18.85	17.92	8983600	0.09132874948370952	-0.021621621621621546	-0.3999999999999986	0.05081967213114753	0.0895088400006	1.36461968379	-0.17499850000000214	-2.095000833333368	1
218	2016-04-29	18.25	18.190001	18.280001	17.75	7937900	-0.11640099737299078	0.003298460511354631	0.059999000000001246	0.02908896736857931	0.1238439228	1.40715705949	0.18166549999999995	1.0283285000000149	1
219	2016-05-02	18.370001	18.389999	18.389999	17.719999	6859100	-0.1359049622696179	-0.001087438884580748	-0.01999800000000107	0.03645266594124038	0.1303612154	1.45824003589	0.11833549999999941	-0.13666000000001569	0
220	2016-05-03	17.18	17.945	18.0	16.950001	16133800	1.352174483532825	-0.042630259125104514	-0.7650000000000006	0.05978641992882561	0.1456892122	1.48653953432	-2.2716696666666656	-3.8000095833333276	0
221	2016-05-04	17.1	17.02	17.48	16.440001	13740700	-0.14832835413851667	0.004700352526439591	0.08000000000000185	0.060961254396248624	0.1818561968	1.50478828368	1.2816681666666672	6.921676166666647	0
222	2016-05-05	13.88	14.86	15.2	13.87	31925900	1.3234551369289773	-0.06594885598923275	-0.9799999999999986	0.09255393180236604	1.4871240828	1.53445989315	-6.2066669999999995	-13.504171333333337	0
223	2016-05-06	13.62	13.83	13.95	12.96	18637900	-0.41621379506920714	-0.015184381778741927	-0.21000000000000085	0.0721311475409835	2.6877960036	1.55153153223	3.2533333333333325	18.547500916666685	1
224	2016-05-09	13.9	13.77	14.12	13.6	8581900	-0.5395457642760182	0.009440813362382047	0.13000000000000078	0.03758583303216476	3.4512209334	1.55153153223	-0.2566666666666653	-9.69	1
225	2016-05-10	14.02	13.93	14.02	13.44	8518000	-0.007445903587783591	0.006460875807609466	0.08999999999999986	0.04150268336314849	3.918640098	1.55153153223	-0.1933333333333369	0.7166666666666401	0
226	2016-05-11	13.92	13.88	14.39	13.7	7247900	-0.14910777177741255	0.0028818443804033964	0.03999999999999915	0.04964028776978426	4.0231845072	1.47976429747	-0.2299999999999951	0.3066666666666957	0
227	2016-05-12	13.52	14.02	14.09	13.34	6337200	-0.12565018833041294	-0.03566333808844508	-0.5	0.054466230936819175	3.8354045988	1.56606891921	-0.5766666666666685	-0.3983333333333358	1
228	2016-05-13	13.77	13.53	13.97	13.45	5299200	-0.16379473584548382	0.017738359201773853	0.2400000000000002	0.038095238095238196	3.0666366884	1.56048735338	0.8916666666666693	2.544166666666667	1
229	2016-05-16	14.05	13.55	14.09	13.55	4844600	-0.08578653381642512	0.03690036900369004	0.5	0.03913043478260863	1.772364	1.52366672721	0.08833333333333648	-2.0291666666666615	1
230	2016-05-17	14.17	14.05	14.39	13.98	5062700	0.04501919663130083	0.008540925266903858	0.11999999999999922	0.029057406094968118	0.972005	1.50241750238	-0.02333333333333461	0.04416666666666439	0
231	2016-05-18	14.13	14.25	14.43	14.04	4660300	-0.07948327967290181	-0.008421052631578892	-0.11999999999999922	0.027484143763213568	0.040316	1.44026632329	-0.11999999999999862	0.014166666666660888	0
232	2016-05-19	13.99	13.74	14.09	13.51	7964600	0.7090316074072485	0.018195050946142648	0.25	0.04183195095564371	0.041009	1.40354444021	-0.16999999999999815	0.014999999999993463	1
233	2016-05-20	14.6	14.0	14.6	14.0	6643900	-0.1658212590713909	0.04285714285714283	0.5999999999999996	0.04195804195804193	0.070801	1.40354444021	1.2683333333333338	2.3241666666666796	0
234	2016-05-23	14.57	14.52	14.73	14.423	5684400	-0.14441818811240387	0.003443526170798947	0.05000000000000071	0.021106909590924743	0.096864	1.40354444021	-0.8133333333333344	-4.083333333333314	0
235	2016-05-24	13.9	14.62	14.66	13.806	10732500	0.8880620645978468	-0.04924760601915177	-0.7199999999999989	0.059887798036465704	0.099456	1.35246146382	-0.9899999999999967	0.6341666666666536	1
236	2016-05-25	14.06	14.14	14.15	13.6	8943200	-0.1667179128814349	-0.005657708628005662	-0.08000000000000007	0.03900709219858161	0.097244	1.33063987643	1.064999999999996	3.6474999999999915	1
237	2016-05-26	14.16	14.31	14.574	14.12	6048200	-0.3237096341354325	-0.010482180293501073	-0.15000000000000036	0.03189322093431687	0.06294	1.21055784418	-0.22666666666666893	-3.1133333333333275	1
238	2016-05-27	14.32	14.2	14.42	14.1	4566500	-0.2449819781091895	0.008450704225352183	0.120000000000001	0.02244039270687239	0.049465	1.17820507255	0.2300000000000034	1.1058333333333437	0
239	2016-05-31	14.18	14.3	14.35	14.03	6241900	0.36688930252928936	-0.008391608391608461	-0.120000000000001	0.02247191011235957	0.047216	1.13691659183	-0.41000000000000075	-1.1000000000000014	1
240	2016-06-01	14.51	14.0	14.51	13.91	4544200	-0.27198449190150437	0.036428571428571414	0.5099999999999998	0.0420904945633111	0.055036	1.14824319429	0.8216666666666619	2.275833333333322	1
241	2016-06-02	14.76	14.3	14.79	14.26	4775900	0.050988072708067426	0.0321678321678321	0.4599999999999991	0.036476256022023354	0.076645	1.17373721801	0.02666666666666373	-1.8400000000000034	0
242	2016-06-03	14.63	14.56	14.75	14.44	3723000	-0.22046106493017023	0.004807692307692327	0.07000000000000028	0.021240150736553647	0.073189	1.18603062168	-0.4199999999999993	-0.4508333333333283	0
243	2016-06-06	14.36	14.48	14.6	14.17	8938200	1.4008058017727638	-0.008287292817679627	-0.120000000000001	0.029819694868238537	0.067285	1.14936928702	-0.26000000000000806	0.594999999999987	0
244	2016-06-07	14.31	14.3	14.44	14.21	4925700	-0.448915889105189	0.0006993006993006843	0.009999999999999787	0.01607829430269127	0.061669	1.10403419784	0.17999999999999913	0.6900000000000143	0
245	2016-06-08	14.1	14.26	14.5	14.08	5352500	0.08664758308463771	-0.011220196353436195	-0.16000000000000014	0.02961918194640338	0.048509	1.03709731593	-0.4166666666666637	-1.2183333333333455	1
246	2016-06-09	14.55	14.34	14.67	14.18	8276800	0.5463428304530593	0.014644351464435205	0.21000000000000085	0.03392177223952926	0.042776	1.02196309344	1.053333333333337	2.5800000000000267	0
247	2016-06-10	14.1	14.41	14.42	14.0	7253700	-0.12361057413493137	-0.02151283830673147	-0.3100000000000005	0.029463346194317782	0.045836	0.953271014706	-1.4200000000000081	-4.641666666666684	0
248	2016-06-13	13.82	14.06	14.32	13.79	4968600	-0.3150254352950908	-0.01706970128022761	-0.2400000000000002	0.038020086083213854	0.074536	0.865469969373	0.16166666666667417	3.6508333333333503	0
249	2016-06-14	13.01	13.7	13.83	12.97	12948400	1.6060459686833313	-0.0503649635036496	-0.6899999999999995	0.06439535754399096	0.233305	0.819983451756	-1.308333333333336	-2.8525000000000227	1
250	2016-06-15	13.24	13.1	13.57	13.08	8196300	-0.36700287294183065	0.010687022900763402	0.14000000000000057	0.03720577069096433	0.303536	0.77608102202	1.273333333333334	4.6908333333333445	0
251	2016-06-16	12.71	13.14	13.21	12.36	11439000	0.39562973536839796	-0.03272450532724503	-0.4299999999999997	0.06576402321083183	0.406241	1.40672369478	-1.509999999999998	-5.649166666666685	1
252	2016-06-17	12.83	12.73	13.0	12.66	10055500	-0.12094588687822362	0.007855459544383318	0.09999999999999964	0.02660406885758997	0.428921	1.43876608555	0.9149999999999938	5.0025	1
253	2016-06-20	13.18	13.07	13.56	13.05	6962900	-0.3075530804037591	0.00841622035195099	0.10999999999999943	0.03885714285714284	0.399185	1.46522691049	0.32500000000000107	-1.8674999999999997	1
254	2016-06-21	13.5	13.25	13.58	13.24	6500600	-0.06639474931422253	0.018867924528301886	0.25	0.02542056074766354	0.340784	1.47364929514	0.21833333333333135	-0.14333333333332376	0
255	2016-06-22	12.79	13.4	13.41	12.72	11663200	0.7941728455834846	-0.04552238805970158	-0.6100000000000012	0.05269186712485678	0.339081	1.51340566908	-1.558333333333333	-2.708333333333338	1
256	2016-06-23	13.29	12.95	13.39	12.81	10273700	-0.11913540023321216	0.026254826254826245	0.33999999999999986	0.04420731707317074	0.185361	1.50498328443	1.8516666666666712	6.420000000000016	0
257	2016-06-24	12.71	12.5	13.035	12.5	13667500	0.33033863165169314	0.01680000000000007	0.21000000000000085	0.04244347481158271	0.122116	1.50498328443	-1.8833333333333304	-7.522499999999991	0
258	2016-06-27	11.89	12.6	12.65	11.85	10049900	-0.2646862996158771	-0.05634920634920628	-0.7099999999999991	0.06533278889342595	0.182525	1.40972284155	-0.6600000000000037	3.469166666666657	1
259	2016-06-28	12.0	12.25	12.43	11.8	10139800	0.008945362640424283	-0.02040816326530612	-0.25	0.051958762886597856	0.255144	1.47521293187	0.9650000000000011	2.4025000000000083	1
260	2016-06-29	12.13	12.2	12.235	11.65	8059500	-0.205161837511588	-0.005737704918032665	-0.06999999999999851	0.04808877928483347	0.271461	1.51992250617	-0.16333333333333164	-2.796666666666667	1
261	2016-06-30	12.22	12.01	12.27	11.7	7851100	-0.025857683479124014	0.017485428809325635	0.21000000000000085	0.047049112670243524	0.292384	1.54959411564	0.0500000000000019	0.6791666666666695	1
262	2016-07-01	12.48	12.15	12.6	12.13	6720000	-0.1440689839640305	0.027160493827160497	0.33000000000000007	0.038164839626471686	0.291089	1.55995391687	0.41499999999999915	0.6275000000000025	0
263	2016-07-05	12.31	12.37	12.4	12.05	6515300	-0.030461309523809522	-0.004850444624090439	-0.05999999999999872	0.028363047001620716	0.261596	1.5812031417	-0.5850000000000026	-1.7724999999999984	1
264	2016-07-06	12.51	12.2	12.54	12.06	7739100	0.18783478888155572	0.025409836065573812	0.3100000000000005	0.038850667745851775	0.158141	1.5859813771	0.6516666666666632	2.453333333333324	1
265	2016-07-07	13.07	12.63	13.3	12.6	9390800	0.2134227494153067	0.03483768804433884	0.4399999999999995	0.0544747081712063	0.185189	1.59827478078	0.7366666666666681	-0.39249999999997937	1
266	2016-07-08	13.43	13.3	13.69	13.18	9538700	0.015749456915278782	0.009774436090225488	0.129999999999999	0.03815937149270481	0.210165	1.59827478078	0.07333333333333354	-1.2641666666666798	1
267	2016-07-11	13.68	13.57	13.83	13.55	5186100	-0.45630956000293543	0.008106116433308727	0.10999999999999943	0.020550458715596284	0.340436	1.59827478078	0.2249999999999961	0.5758333333333331	0
268	2016-07-12	13.51	13.39	13.75	13.2	7741200	0.4926823624689073	0.008961911874533175	0.11999999999999922	0.04089219330855024	0.355664	1.59827478078	-0.48333333333333667	-1.0966666666666853	1
269	2016-07-13	13.56	13.51	13.8	13.42	4866900	-0.3712990234072237	0.003700962250185101	0.05000000000000071	0.028075360177318123	0.34568	1.5812031417	0.37333333333333246	1.7308333333333437	1
270	2016-07-14	13.77	13.75	13.91	13.62	5328100	0.0947625798763073	0.0014545454545454234	0.019999999999999574	0.021075581395348906	0.338464	1.58791497955	0.2699999999999984	-0.5416666666666691	0
271	2016-07-15	13.15	13.76	13.77	13.1	7323100	0.37442990934854825	-0.04433139534883717	-0.6099999999999994	0.04979561501300631	0.261181	1.57224732055	-1.3649999999999956	-2.672499999999978	1
272	2016-07-18	13.38	13.2	13.58	13.11	6419300	-0.12341767830563559	0.01363636363636375	0.1800000000000015	0.035364936042136995	0.214021	1.59349654538	1.214999999999997	4.9774999999999805	0
273	2016-07-19	12.86	13.32	13.465	12.85	6803100	0.059788450454099355	-0.034534534534534596	-0.46000000000000085	0.04698242933537053	0.139276	1.5812031417	-1.4283333333333357	-5.356666666666662	1
274	2016-07-20	12.98	13.0	13.07	12.63	10749300	0.5800590907086475	-0.0015384615384615057	-0.019999999999999574	0.03387220939183984	0.085649	1.55153153223	0.9033333333333354	4.77083333333334	0
275	2016-07-21	12.8	12.92	13.04	12.79	5036000	-0.531504377029202	-0.009287925696594366	-0.11999999999999922	0.019440124416796267	0.106736	1.51471090606	-0.643333333333335	-3.375833333333349	1
276	2016-07-22	12.82	12.8	12.93	12.66	5817100	0.1551032565528197	0.0015624999999999667	0.019999999999999574	0.021077283372365304	0.125829	1.54170516751	0.28666666666666885	2.0200000000000053	1
277	2016-07-25	13.02	12.79	13.05	12.755	4239200	-0.27125199841845593	0.01798279906176704	0.23000000000000043	0.02285935683843471	0.108405	1.52657094502	0.283333333333335	-0.31666666666665816	1
278	2016-07-26	13.23	12.98	13.39	12.95	6053900	0.4280760520852991	0.01926040061633282	0.25	0.033574971384967664	0.097261	1.53445989315	0.158333333333335	-0.2975000000000018	1
279	2016-07-27	13.32	13.45	13.5	13.23	4968800	-0.17923982887064538	-0.009665427509293606	-0.129999999999999	0.020171834142697017	0.083101	1.53445989315	-0.013333333333335418	-0.213333333333343	1
280	2016-07-28	13.58	13.43	13.63	13.21	7603800	0.53030912896474	0.011169024571854085	0.15000000000000036	0.031099592743428356	0.062144	1.5434157143	0.4416666666666688	0.8450000000000012	1
281	2016-07-29	13.66	13.6	13.72	13.43	5349700	-0.2964438833214971	0.004411764705882389	0.0600000000000005	0.02127659574468092	0.089225	1.5434157143	-0.1266666666666687	-1.1166666666666576	1
282	2016-08-01	13.69	13.7	13.87	13.48	8479400	0.5850234592593977	-0.0007299270072992545	-0.009999999999999787	0.028477546549835617	0.111204	1.53445989315	0.04833333333333437	0.5199999999999937	0
283	2016-08-02	13.16	13.78	13.975	13.03	20077500	1.3677972498054107	-0.0449927431059506	-0.6199999999999992	0.07015590200445437	0.099144	1.53445989315	-0.9799999999999999	-1.6566666666666638	1
284	2016-08-03	14.93	14.11	15.22	13.92	37562400	0.870870377288009	0.058114812189936235	0.8200000000000003	0.08953168044077141	0.345429	1.27220005972	3.8733333333333313	8.249166666666639	1
285	2016-08-04	15.43	15.21	15.73	15.13	19325700	-0.48550412114241903	0.014464168310322082	0.21999999999999886	0.03916449086161877	0.641304	1.25418523715	-1.3250000000000035	-10.734166666666672	0
286	2016-08-05	15.4	15.47	15.59	15.023	11092200	-0.4260389015663081	-0.004524886877828072	-0.07000000000000028	0.03673469387755103	0.794556	1.30223372269	-0.048333333333333194	4.1608333333333265	1
287	2016-08-08	15.69	15.4	16.040001	15.25	10758400	-0.03009321865815618	0.018831168831168775	0.28999999999999915	0.05082026375040207	0.943809	1.32856642093	0.7333333333333366	1.2708333333333144	0
288	2016-08-09	15.65	15.77	15.96	15.59	6985000	-0.35073988697204045	-0.007609384908053216	-0.11999999999999922	0.023551877784850475	0.997049	1.40999787831	-0.42166666666666924	-2.3549999999999827	0
289	2016-08-10	15.04	15.5	15.54	14.86	10303600	0.47510379384395135	-0.029677419354838766	-0.46000000000000085	0.044531761624099525	0.874241	1.44133186761	-0.9749999999999973	-0.4341666666667005	0
290	2016-08-11	14.9	15.04	15.18	14.89	4795200	-0.5346092627819403	-0.009308510638297792	-0.1399999999999988	0.019372077488309897	0.755705	1.45390030804	0.44166666666667176	2.6833333333333584	1
291	2016-08-12	14.97	14.87	15.1	14.85	3801100	-0.2073114781448115	0.006724949562878374	0.10000000000000142	0.01675603217158177	0.623264	1.46522691049	0.0883333333333353	-1.2416666666666767	1
292	2016-08-15	15.65	14.99	15.88	14.98	11006800	1.895688090289653	0.04402935290193463	0.6600000000000001	0.05874673629242822	0.500176	1.47080847632	1.1183333333333276	1.615000000000002	0
293	2016-08-16	15.41	15.65	16.0	15.255	7574100	-0.31187084347857685	-0.015335463258785955	-0.2400000000000002	0.04797166773985829	0.090901	1.29248248332	-1.2099999999999966	-4.219166666666652	0
294	2016-08-17	14.78	15.31	15.34	14.7	9069200	0.19739639033020426	-0.03461789679947754	-0.5300000000000011	0.04253904951811237	0.104236	1.34791009821	-0.6483333333333364	2.028333333333329	0
295	2016-08-18	14.57	14.77	14.94	14.52	5256800	-0.42036783839809466	-0.013540961408259939	-0.1999999999999993	0.028629856850715743	0.147064	1.36615884757	0.2700000000000073	1.4866666666666835	0
296	2016-08-19	14.53	14.5	14.74	14.36	4506600	-0.14271039415614062	0.002068965517241335	0.02999999999999936	0.02617981398553226	0.181429	1.47080847632	-0.03833333333333755	-1.0516666666666836	0
297	2016-08-22	14.44	14.41	14.75	14.4	4651000	0.03204189411085963	0.00208188757807074	0.02999999999999936	0.02426343154246098	0.179304	1.52507070729	-0.18833333333332725	-0.24249999999998786	1
298	2016-08-23	14.88	14.82	15.13	14.8	7759700	0.6683938937862826	0.004048582995951451	0.0600000000000005	0.022222222222222227	0.131641	1.52507070729	0.8983333333333287	1.8433333333333195	0
