#index	date	close	open	high	low	volume	percent_change	dollar_change	spread
0	2014-06-26	31.34	28.65	33.00	28.65	45837300	0.09389179755671907	2.6900000000000013	0.14502417069511592	
1	2014-06-27	35.759998	32.970001	40.470001	29.497999	45727200	0.08462229042698541	2.7899969999999996	0.31927839835993604	
2	2014-06-30	40.549999	39.439999	41.189999	37.830002	24928700	0.028144016940771205	1.1099999999999994	0.08401042840381119	
3	2014-07-01	48.799999	45.00	49.900002	44.400002	41795200	0.08444442222222222	3.7999989999999997	0.1172707901628016	
4	2014-07-02	42.040001	46.900002	46.98	41.529999	29324100	-0.10362475037847554	-4.860001000000004	0.12255454949782273	
5	2014-07-03	41.580002	43.970001	45.240002	40.740002	15536600	-0.05435521823163031	-2.389999000000003	0.10520163278077266	
6	2014-07-07	43.959999	42.98	44.439999	41.759998	17032400	0.0228012796649606	0.9799990000000065	0.06165173753912735	
7	2014-07-08	42.200001	43.884998	44.990002	41.529999	10883900	-0.03839574061277165	-1.6849970000000027	0.0803857359631264	
8	2014-07-09	43.299999	43.009998	43.700001	41.75	5873700	0.00674264155976005	0.2900009999999966	0.04518598233759642	
9	2014-07-10	41.939999	41.73	42.75	40.599998	4988100	0.005032326863168066	0.20999900000000338	0.051392423226872534	
10	2014-07-11	38.84	42.450001	42.880001	38.73	9330300	-0.08504124652435219	-3.610000999999997	0.10210360312334116	
11	2014-07-14	36.84	38.869999	39.099998	36.099998	10712400	-0.05222534222344581	-2.0299989999999966	0.07924976990159516	
12	2014-07-15	41.630001	39.09	42.099998	38.23	19809200	0.06497828089025318	2.5400009999999966	0.09588696610645489	
13	2014-07-16	40.900002	43.799999	44.439999	40.799999	11337200	-0.0662099786805931	-2.899996999999999	0.08595041220837767	
14	2014-07-17	40.34	40.50	42.130001	40.00	4755000	-0.003950617283950533	-0.1599999999999966	0.052696709549727855	
15	2014-07-18	41.43	41.07	42.549999	40.400002	5215800	0.008765522279035778	0.35999999999999943	0.05212113939393937	
16	2014-07-21	41.580002	43.200001	43.799999	41.50	9189100	-0.037499975983796854	-1.619999	0.05425805422535783	
17	2014-07-22	43.099998	42.849998	43.25	42.200001	5829200	0.005834305989932602	0.25	0.024432787640851075	
18	2014-07-23	41.740002	43.830002	44.830002	40.82	10362900	-0.04768423236667896	-2.0900000000000034	0.09372447849832986	
19	2014-07-24	42.189999	42.299999	42.400002	41.32	3373500	-0.0026004728747156575	-0.10999999999999943	0.025565203587766695	
20	2014-07-25	41.98	41.82	42.400002	41.060001	2837900	0.003825920612147216	0.1599999999999966	0.03198093078758952	
21	2014-07-28	43.25	42.299999	43.700001	41.23	5882900	0.022458653013206934	0.9500010000000003	0.05774403340437218	
22	2014-07-29	44.07	43.68	44.75	43.290001	5903600	0.008928571428571442	0.39000000000000057	0.03327633048433056	
23	2014-07-30	46.316002	44.720001	46.34	44.25	6482100	0.035688751438086815	1.596000999999994	0.045915899888530995	
24	2014-07-31	47.970001	45.099998	48.400002	44.619999	14662000	0.0636364329772255	2.870003000000004	0.08122924767625711	
25	2014-08-01	40.970001	41.970001	44.790001	40.52	13311300	-0.023826542200940142	-1.0	0.1029660211486369	
26	2014-08-04	38.529999	41.439999	41.799999	38.349998	6683600	-0.07022200941655438	-2.9100000000000037	0.0862823830507036	
27	2014-08-05	38.869999	38.639999	40.139999	38.349998	4010500	0.0059523811064280015	0.22999999999999687	0.04618761569313945	
28	2014-08-06	38.720001	39.360001	40.130001	38.529999	2257700	-0.016260162188511975	-0.6399999999999935	0.04098365673709904	
29	2014-08-07	38.700001	39.849998	39.849998	38.27	2043300	-0.02885814448472492	-1.149996999999999	0.04022910299464157	
30	2014-08-08	37.650002	39.16	39.16	37.240002	2423600	-0.0385597037793666	-1.509997999999996	0.04999343705263801	
31	2014-08-11	38.200001	38.639999	38.77	38.099998	1562000	-0.011387112095939825	-0.4399980000000028	0.017438885996876725	
32	2014-08-12	38.040001	38.650002	38.692001	37.700001	1317700	-0.01578268999830851	-0.610001000000004	0.025870386261426993	
33	2014-08-13	38.189999	38.490002	39.040001	38.009998	2163000	-0.007794309805439779	-0.3000029999999967	0.026864970958985605	
34	2014-08-14	39.490002	38.25	39.82	38.049999	2892000	0.03241835294117639	1.240001999999997	0.045536427951211024	
35	2014-08-15	39.790001	39.509998	40.25	38.900002	2821800	0.0070868897538287285	0.28000299999999356	0.034047869281814226	
36	2014-08-18	41.849998	40.50	42.599998	40.040001	3901200	0.03333328395061727	1.3499979999999994	0.06217357770913371	
37	2014-08-19	43.360001	42.34	43.50	42.049999	4056800	0.024090717997165646	1.0200009999999935	0.03383899610456248	
38	2014-08-20	43.889999	42.904999	44.599998	42.759998	3426300	0.0229576977731664	0.9850000000000065	0.04239875666567782	
39	2014-08-21	43.169998	44.599998	44.860001	43.026001	2688700	-0.032062781706851194	-1.4299999999999997	0.041791046680690204	
40	2014-08-22	43.290001	43.00	43.830002	42.700001	1683000	0.0067442093023255024	0.2900009999999966	0.026190774989097523	
41	2014-08-25	43.849998	43.849998	44.349998	43.300999	1847800	0.0	0.0	0.02392244122793351	
42	2014-08-26	45.290001	44.799999	45.799999	44.57	3774100	0.010937544886998702	0.49000199999999694	0.02730600510600509	
43	2014-08-27	45.50	45.869999	46.00	45.290001	1906300	-0.008066252628433673	-0.36999899999999997	0.015541184366216385	
44	2014-08-28	48.900002	45.50	49.860001	44.630001	10589100	0.0747253186813187	3.4000020000000006	0.11080508239819734	
45	2014-08-29	51.799999	49.470001	52.130001	49.450001	10254400	0.04709921069134396	2.3299979999999962	0.05292781672755998	
46	2014-09-02	53.939999	53.00	55.349998	52.52	9075600	0.01773583018867925	0.9399990000000003	0.052926837973880966	
47	2014-09-03	56.860001	55.950001	57.450001	55.43	9221200	0.016264521603851206	0.9099999999999966	0.03581244507025185	
48	2014-09-04	53.080002	54.299999	55.879002	52.299999	8197700	-0.02246771680419367	-1.2199969999999993	0.06666051344141821	
49	2014-09-05	58.75	54.25	59.240002	53.509998	7628400	0.08294930875576037	4.5	0.1014159999999999	
50	2014-09-08	63.52	58.150002	63.720001	57.040001	12161700	0.09234733990206917	5.3699980000000025	0.10980520901117444	
51	2014-09-09	64.190002	63.470001	68.290001	63.259998	13437600	0.011343957596597539	0.7200010000000034	0.07880311580440744	
52	2014-09-10	68.470001	67.110001	69.300003	64.75	12362300	0.0202652358774365	1.3599999999999994	0.0671190873710122	
53	2014-09-11	68.279999	70.644997	70.900002	66.260002	15041100	-0.0334772184929104	-2.364998	0.06679863427888816	
54	2014-09-12	69.18	68.739998	70.169998	67.650002	8381800	0.006400960325893622	0.4400020000000069	0.03654286595914837	
55	2014-09-15	67.199997	69.550003	71.419998	66.169998	10120900	-0.03378872607669057	-2.3500060000000076	0.07678244972577697	
56	2014-09-16	65.230003	65.400002	66.690002	63.419998	8574000	-0.0025993730091935507	-0.16999900000000423	0.05006512860502467	
57	2014-09-17	67.220001	67.00	68.209999	66.309998	5890600	0.0032835970149253184	0.22000099999999634	0.028311741705321598	
58	2014-09-18	66.330002	68.099998	68.669998	66.010002	5871800	-0.025991131453484126	-1.7699960000000061	0.039574440229115625	
59	2014-09-19	67.199997	66.050003	67.300003	64.099998	5928500	0.01741096060207586	1.1499939999999924	0.04803009380863046	
60	2014-09-22	68.269997	67.050003	68.900002	66.50	4185500	0.018195286285072942	1.2199939999999998	0.035471504581732205	
61	2014-09-23	72.879997	68.849998	73.419998	68.339996	8066500	0.05853303002274603	4.029999000000004	0.07168563013072861	
62	2014-09-24	78.459999	74.50	78.839996	73.849998	12110400	0.05315434899328854	3.9599989999999963	0.06524579017550858	
63	2014-09-25	81.309998	81.50	81.639999	76.208	14393300	-0.0023313128834356674	-0.1900020000000069	0.06672807649073252	
64	2014-09-26	82.099998	79.00	82.400002	77.510002	13003700	0.03924048101265822	3.0999979999999994	0.060707635762975	
65	2014-09-29	90.940002	81.989998	91.769997	80.00	26687400	0.10915970506548868	8.950004000000007	0.1361244087202915	
66	2014-09-30	93.699997	94.775002	96.449997	88.529999	31756100	-0.011342706170557553	-1.0750050000000044	0.08404295574502157	
67	2014-10-01	91.800003	92.309998	93.959999	88.870003	12921800	-0.005524807832841567	-0.5099949999999893	0.05529298758735001	
68	2014-10-02	85.459999	87.419998	88.949997	79.129997	27451200	-0.022420487815614114	-1.9599990000000105	0.11360481455815843	
69	2014-10-03	86.970001	88.50	89.800003	86.529999	12098400	-0.017288124293785352	-1.5299990000000037	0.03727137381164089	
70	2014-10-06	93.790001	89.480003	94.314003	88.50	13048900	0.048167164232214066	4.309998000000007	0.06344740408255788	
71	2014-10-07	93.849998	92.349998	98.470001	91.220001	20856600	0.016242555847158762	1.5	0.07787325623787876	
72	2014-10-08	89.93	91.00	92.769997	87.160004	13035800	-0.011758241758241684	-1.0699999999999932	0.062012855800585895	
73	2014-10-09	89.18	91.300003	92.379997	87.300003	8016500	-0.02322018543635751	-2.120002999999997	0.0562942588160307	
74	2014-10-10	85.050003	87.910004	89.889999	83.57	7150000	-0.032533282560196414	-2.860000999999997	0.0730804665150136	
75	2014-10-13	76.669998	82.349998	83.400002	73.279999	13263500	-0.06897389359985161	-5.679999999999993	0.12727962840597729	
76	2014-10-14	75.029999	78.599998	80.931	74.440002	6766800	-0.04541983576131892	-3.5699989999999957	0.08450170053703757	
77	2014-10-15	72.870003	71.029999	74.849998	68.339996	8720400	0.025904604053281672	1.8400039999999933	0.09047952619208442	
78	2014-10-16	72.690002	69.099998	74.879997	68.599998	6142800	0.05195374969475408	3.5900040000000075	0.08858169123351439	
79	2014-10-17	74.629997	75.800003	76.75	72.790001	4706900	-0.015435434745299426	-1.1700060000000008	0.05264905936315889	
80	2014-10-20	76.00	75.029999	77.589996	74.801003	3641600	0.012928175568814766	0.9700009999999963	0.03693296720474725	
81	2014-10-21	80.919998	77.959999	82.790001	77.110001	7325200	0.03796817647470738	2.9599990000000105	0.07150050487475786	
82	2014-10-22	80.089996	84.00	84.949997	79.68	8232300	-0.046547666666666675	-3.9100040000000007	0.06423300784284242	
83	2014-10-23	79.150002	82.419998	82.809998	77.879997	7535900	-0.03967478863564163	-3.269996000000006	0.061026192981370186	
84	2014-10-24	71.910004	75.629997	76.50	70.290001	12231200	-0.04918674001798522	-3.7199930000000023	0.08418054707753453	
85	2014-10-27	64.910004	66.959999	69.849998	64.75	9277500	-0.030615218497837726	-2.0499949999999956	0.0773488721312913	
86	2014-10-28	69.300003	66.599998	70.900002	66.599998	7810700	0.04054061683305162	2.7000050000000044	0.06328188327239234	
87	2014-10-29	67.889999	69.300003	69.300003	66.550003	3096400	-0.020346377185582527	-1.4100040000000007	0.04009038501216729	
88	2014-10-30	68.25	68.790001	69.739998	64.140999	10835400	-0.00784999261738641	-0.5400010000000037	0.08171335316905033	
89	2014-10-31	77.099998	80.699997	81.129997	76.00	17868900	-0.044609654694287	-3.599998999999997	0.06501897544420078	
90	2014-11-03	84.32	77.639999	85.400002	76.50	15492600	0.08603813866612736	6.68000099999999	0.10990370529700981	
91	2014-11-04	82.269997	84.889999	87.50	81.669998	13886500	-0.03086349429689591	-2.6200019999999995	0.06975355515083875	
92	2014-11-05	75.889999	84.50	85.50	75.50	11808000	-0.10189350295857985	-8.610000999999997	0.12469605414736615	
93	2014-11-06	78.760002	77.800003	79.50	76.629997	5230300	0.012339318290257601	0.9599989999999963	0.03666329724504029	
94	2014-11-07	79.059998	79.790001	80.400002	77.769997	4447300	-0.009149053651472077	-0.7300030000000106	0.03311306284616341	
95	2014-11-10	75.75	75.800003	78.099998	75.00	9283100	-0.0006596701585883023	-0.050003000000003794	0.040910563360397945	
96	2014-11-11	75.00	75.75	77.264999	74.010002	4419700	-0.009900990099009901	-0.75	0.04318403980099506	
97	2014-11-12	76.849998	74.099998	78.440002	74.080002	4312800	0.037112011797895056	2.75	0.05776747420384183	
98	2014-11-13	76.470001	77.849998	79.650002	75.919998	4917200	-0.017726358836900716	-1.379997000000003	0.04834116153668448	
99	2014-11-14	79.150002	77.989998	79.489998	76.75	4457500	0.014873753426689416	1.1600040000000007	0.034873335878834164	
100	2014-11-17	81.50	79.739998	83.440002	78.800003	8809100	0.022071758767789284	1.760002	0.05755394514455405	
101	2014-11-18	84.099998	83.699997	85.779999	82.199997	10270600	0.004778984639629117	0.40000100000000316	0.04266987016298788	
102	2014-11-19	79.089996	85.220001	86.00	79.050003	8276700	-0.07193152931317141	-6.130004999999997	0.08459615515664572	
103	2014-11-20	71.739998	72.845001	75.099998	71.580002	24117500	-0.015169235840905492	-1.1050029999999964	0.04869102637680976	
104	2014-11-21	70.720001	73.599998	73.599998	70.550003	10846300	-0.03913039508506513	-2.879997000000003	0.04226711503788184	
105	2014-11-24	72.540001	71.010002	73.089996	69.800003	6378800	0.021546246400612742	1.5299990000000037	0.04583758873206008	
106	2014-11-25	74.709999	73.839996	75.709	73.269997	8443200	0.011782273119299694	0.870002999999997	0.032837469970968355	
107	2014-11-26	79.050003	76.050003	79.349998	74.849998	13850000	0.03944773019930058	3.0	0.05802707705891384	
108	2014-11-28	77.970001	80.379997	80.610001	75.919998	8840800	-0.02998253408742982	-2.4099960000000067	0.05923590854734321	
109	2014-12-01	73.50	77.00	77.00	73.389999	6306300	-0.045454545454545456	-3.5	0.047973435215946804	
110	2014-12-02	73.889999	74.599998	75.419998	73.550003	3765600	-0.009517413123791186	-0.7099989999999963	0.0251868144357226	
111	2014-12-03	73.650002	74.120003	75.300003	72.449997	4223300	-0.006341081772487197	-0.47000099999999634	0.03857353865556149	
112	2014-12-04	71.980003	73.010002	74.50	71.279999	3955500	-0.014107642402201326	-1.0299990000000037	0.044416868597252565	
113	2014-12-05	72.18	72.25	73.75	71.00	5558700	-0.0009688581314877949	-0.06999999999999318	0.03808073115003808	
114	2014-12-08	67.650002	72.25	72.330002	66.300003	9027200	-0.06366779238754325	-4.599997999999999	0.08620441620865724	
115	2014-12-09	67.900002	65.00	68.75	64.360001	6157300	0.044615415384615394	2.9000020000000006	0.06606469426539216	
116	2014-12-10	62.759998	66.849998	68.50	62.599998	6554600	-0.061181752017404646	-4.089999999999996	0.09104239151430883	
117	2014-12-11	60.049999	64.00	64.440002	57.919998	14233100	-0.061718765625000005	-3.9500010000000003	0.10511896900539286	
118	2014-12-12	60.52	62.560001	63.27	60.52	7530500	-0.0326087111155896	-2.0400009999999966	0.0446863824773612	
119	2014-12-15	57.00	61.610001	61.849998	56.860001	5383500	-0.07482553035504734	-4.610000999999997	0.0841412521360657	
120	2014-12-16	58.27	55.91	60.200001	55.549999	4913500	0.04221069576104466	2.3600000000000065	0.08145037659835348	
121	2014-12-17	59.50	60.00	60.439999	57.900002	2415600	-0.008333333333333333	-0.5	0.042510410041840994	
122	2014-12-18	57.09	60.91	61.029999	56.50	4942500	-0.06271548185847961	-3.819999999999993	0.07677964406779655	
123	2014-12-19	53.900002	57.200001	57.50	53.77	6385800	-0.05769228920118375	-3.2999989999999997	0.06714671285832453	
124	2014-12-22	58.00	54.189999	58.00	53.639999	6400300	0.0703081946910536	3.8100009999999997	0.07772530597847668	
125	2014-12-23	61.540001	59.709999	61.990002	58.299999	13412700	0.030648166649609107	1.8300019999999932	0.06086602886597934	
126	2014-12-24	66.410004	63.50	66.699997	62.669998	11264400	0.0458268346456693	2.9100040000000007	0.06204293550787661	
127	2014-12-26	69.230003	68.059998	69.75	67.449997	14035200	0.017190788045571254	1.1700050000000033	0.033505761282644375	
128	2014-12-29	64.739998	67.830002	68.800003	64.669998	8152300	-0.045555121758657675	-3.0900039999999933	0.06230678132307456	
129	2014-12-30	65.400002	66.269997	67.400002	64.760002	6389000	-0.013128037413371287	-0.869995000000003	0.040100250931117576	
130	2014-12-31	63.220001	65.059998	65.779999	62.810001	4843100	-0.02828154098621383	-1.8399969999999897	0.04630492708376158	
131	2015-01-02	66.870003	64.900002	66.900002	64.080002	5431400	0.030354405844240134	1.9700009999999963	0.04280185008720319	
132	2015-01-05	66.190002	67.599998	68.50	65.629997	5382100	-0.02085792961118124	-1.4099959999999925	0.04290310187607439	
133	2015-01-06	64.849998	66.849998	67.25	63.310001	3777800	-0.029917727147875158	-2.0	0.05983294031383266	
134	2015-01-07	62.450001	65.589996	66.449997	60.25	6662000	-0.0478730780834321	-3.139994999999999	0.09684469142872593	
135	2015-01-08	60.09	61.43	61.939999	59.50	6881400	-0.021813446198925546	-1.3399999999999963	0.040157982225148124	
136	2015-01-09	60.84	60.049999	61.700001	58.799999	4212300	0.013155720452218553	0.7900010000000037	0.04797753369160009	
137	2015-01-12	56.779999	59.860001	60.00	56.345001	5025600	-0.05145342379797155	-3.0800020000000004	0.0626714506172839	
138	2015-01-13	49.869999	57.060001	57.200001	48.23	15263400	-0.12600774402369885	-7.190002	0.16777332834564673	
139	2015-01-14	52.34	50.849998	52.700001	49.75	7189800	0.0293019087237723	1.490002000000004	0.05717610344366903	
140	2015-01-15	48.580002	52.990002	53.00	48.41	4720700	-0.08322324652865642	-4.409999999999997	0.09038101445777247	
141	2015-01-16	47.509998	47.849998	48.470001	45.360001	10652500	-0.007105538437013024	-0.3399999999999963	0.06522651280312568	
142	2015-01-20	47.34	47.099998	48.93	46.119999	4575000	0.005095584080491979	0.24000200000000405	0.05950870519925254	
143	2015-01-21	50.290001	47.790001	50.669998	47.52	5059900	0.05231219811022812	2.5	0.06423323686310685	
144	2015-01-22	48.349998	50.799999	51.299999	47.66	5123700	-0.04822836709110959	-2.4500010000000003	0.07342408694172735	
145	2015-01-23	52.509998	48.799999	52.509998	48.439999	7275300	0.07602457123001177	3.7099990000000034	0.08034743106349125	
146	2015-01-26	50.41	52.310001	53.175999	49.799999	5178000	-0.03632194539625421	-1.9000010000000032	0.06573208658749911	
147	2015-01-27	51.419998	49.240002	51.959999	49.049999	3430700	0.044272865789079435	2.1799960000000027	0.05781839856944176	
148	2015-01-28	51.459999	51.389999	54.130001	51.099998	4830100	0.0013621327371498933	0.07000000000000028	0.05892081786914572	
149	2015-01-29	50.84	51.919998	51.919998	49.667999	2729800	-0.020801194946116836	-1.0799979999999962	0.043830265547494425	
150	2015-01-30	49.75	50.93	51.189999	48.799999	2415300	-0.02316905556646377	-1.1799999999999997	0.0474771553436631	
151	2015-02-02	52.139999	50.049999	52.240002	49.009998	4097400	0.041758242592572346	2.0900000000000034	0.06321565834652416	
152	2015-02-03	54.57	52.650002	55.169998	52.599998	5703800	0.03646719709526316	1.9199979999999996	0.0479388164906022	
153	2015-02-04	51.869999	54.75	54.75	51.34	6080600	-0.05260275799086758	-2.880001	0.06396548549958242	
154	2015-02-05	54.369999	52.77	54.689999	50.50	20340100	0.030320238772029502	1.5999989999999968	0.0782154011407075	
155	2015-02-06	47.119999	47.959999	49.75	47.00	23203200	-0.01751459586143868	-0.8400000000000034	0.05784602561729124	
156	2015-02-09	44.48	46.34	46.900002	44.200001	12099500	-0.0401381096245146	-1.8600000000000065	0.059458291125302806	
157	2015-02-10	43.799999	44.610001	45.299999	42.650002	9369400	-0.01815740824574286	-0.8100019999999972	0.059947901821060946	
158	2015-02-11	44.77	43.240002	45.650002	43.02	7070100	0.03538385590268951	1.5299980000000062	0.059765979780343544	
159	2015-02-12	45.290001	45.00	46.490002	44.807999	4546200	0.006444466666666592	0.2900009999999966	0.037257791147881254	
160	2015-02-13	45.27	45.16	46.150002	44.299999	5362600	0.0024357838795395605	0.11000000000000654	0.0409156916952339	
161	2015-02-17	50.919998	46.119999	50.950001	46.00	15844300	0.10407630321067439	4.799999	0.10201980941940879	
162	2015-02-18	45.209999	49.650002	49.990002	45.200001	24479700	-0.0894260386938151	-4.440002999999997	0.10099095402708241	
163	2015-02-19	45.16	45.849998	46.43	44.900002	8406100	-0.015049030100284907	-0.6899980000000028	0.033622635614166244	
164	2015-02-20	45.07	45.200001	45.82	44.50	6538800	-0.0028761282549529155	-0.13000100000000003	0.0292455962197231	
165	2015-02-23	43.950001	44.099998	44.889999	43.130001	7077000	-0.0034012926712604172	-0.14999699999999905	0.03997724065845822	
166	2015-02-24	43.880001	43.98	44.77	43.52	4607000	-0.0022737380627557264	-0.09999899999999684	0.02845435888397042	
167	2015-02-25	45.049999	43.75	45.169998	43.650002	4671600	0.02971426285714285	1.2999989999999997	0.034234144529663765	
168	2015-02-26	44.66	45.049999	45.68	44.32	4852200	-0.00865702571935691	-0.3899990000000031	0.030319920079365948	
169	2015-02-27	41.98	43.860001	44.099998	41.66	8275000	-0.04286367891327682	-1.880001	0.05684990614107758	
170	2015-03-02	39.93	40.200001	41.580002	39.700001	9161700	-0.00671644261899398	-0.2700010000000006	0.0469237732818698	
171	2015-03-03	40.299999	39.799999	40.98	39.580002	4385700	0.012562814386000362	0.5	0.034956255554463224	
172	2015-03-04	43.009998	41.049999	43.900002	41.00	10075100	0.047746627228906956	1.9599990000000034	0.06899838457048721	
173	2015-03-05	41.080002	43.43	43.830002	40.849998	7004100	-0.05411001611789085	-2.3499979999999994	0.07052429131406247	
174	2015-03-06	40.130001	41.009998	41.50	40.00	4248300	-0.021458108825072437	-0.879997000000003	0.03697313331246159	
175	2015-03-09	37.950001	40.169998	40.349998	37.799999	7995800	-0.055265051295247745	-2.2199969999999993	0.06528415342145612	
176	2015-03-10	38.73	37.52	39.470001	37.130001	4786400	0.032249466950959316	1.2099999999999937	0.06137704918032796	
177	2015-03-11	38.169998	38.73	38.939999	37.799999	3038600	-0.014459127291505223	-0.5600019999999972	0.029648895439503147	
178	2015-03-12	39.700001	38.130001	39.799999	37.630001	3968700	0.04117492679845459	1.5700000000000003	0.05576250659739157	
179	2015-03-13	40.130001	39.360001	40.400002	38.419998	6719300	0.01956300763305375	0.7700000000000031	0.049817686506033826	
180	2015-03-16	39.369999	40.150002	40.299999	38.709999	4371200	-0.019427221946340143	-0.7800030000000007	0.03998993913493527	
181	2015-03-17	40.25	39.16	41.279999	38.880001	7358000	0.02783452502553635	1.0900000000000034	0.060445737312680936	
182	2015-03-18	40.669998	40.080002	41.43	39.41	4531800	0.0147204583472825	0.5899959999999993	0.05003095975232206	
183	2015-03-19	39.529999	40.669998	41.34	39.25	4221400	-0.028030466094441486	-1.139999000000003	0.052119702697744574	
184	2015-03-20	40.400002	39.75	40.630001	39.299999	5023000	0.01635225157232706	0.6500020000000006	0.03318782200404687	
185	2015-03-23	42.080002	40.299999	42.77	39.812	6452500	0.04416881002900275	1.7800030000000007	0.07181354610568665	
186	2015-03-24	41.830002	42.279999	42.650002	41.104	4587700	-0.010643259475952122	-0.4499969999999962	0.036761431021740246	
187	2015-03-25	42.299999	43.400002	44.34	41.68	8662300	-0.0253456900762355	-1.100003000000001	0.062077012111120135	
188	2015-03-26	43.23	43.139999	44.099998	42.200001	6655400	0.0020862541049199786	0.09000099999999378	0.04399668917444352	
189	2015-03-27	42.700001	43.639999	43.970001	42.299999	4658300	-0.021539826341425962	-0.9399980000000028	0.03868431781329636	
190	2015-03-30	43.580002	43.75	43.900002	42.650002	4620100	-0.0038856685714285634	-0.16999799999999965	0.028627046178242386	
191	2015-03-31	43.41	43.599998	44.450001	42.889999	4639600	-0.004357752493474949	-0.18999800000000278	0.03585799415832643	
192	2015-04-01	40.889999	43.049999	43.34	40.369999	6865200	-0.05017421719336153	-2.1599999999999966	0.07076485753549823	
193	2015-04-02	41.959999	40.950001	42.279999	40.720001	3775400	0.02466417522187614	1.009998000000003	0.03763111807984545	
194	2015-04-06	43.549999	41.700001	43.93	41.68	4376000	0.044364459367758756	1.8499979999999994	0.05278592375366569	
195	2015-04-07	43.57	43.599998	44.099998	42.759998	4415800	-0.0006880275544966557	-0.02999799999999908	0.030744522903396108	
196	2015-04-08	43.330002	43.540001	44.380001	43.130001	3997000	-0.004823128047240888	-0.20999899999999627	0.028778633747716113	
197	2015-04-09	43.700001	43.439999	44.900002	43.41	5450900	0.0059853132132899	0.26000200000000007	0.03419788845535929	
198	2015-04-10	45.25	44.630001	45.630001	44.349998	6098400	0.013891978178535106	0.619999	0.028482487444565132	
199	2015-04-13	44.220001	45.700001	45.950001	44.080002	5473500	-0.03238511964146339	-1.4799999999999969	0.0415925035232984	
200	2015-04-14	44.48	44.259998	44.91	42.869999	4511200	0.004970673518783119	0.2200019999999938	0.04597703506822248	
201	2015-04-15	45.669998	45.869999	46.950001	45.599998	7650100	-0.004360170140836505	-0.20000100000000032	0.02949536911171192	
202	2015-04-16	45.459999	45.880001	46.360001	45.209999	3531800	-0.009154358998379198	-0.42000199999999666	0.025180687541055256	
203	2015-04-17	44.619999	44.939999	45.57	44.240002	3408600	-0.0071206054098933175	-0.3200000000000003	0.02970071526799282	
204	2015-04-20	44.880001	45.029999	45.50	44.50	2622500	-0.003331068250745387	-0.14999799999999652	0.022244466688911134	
205	2015-04-21	44.310001	44.75	45.450001	43.619999	3379700	-0.009832379888268163	-0.43999900000000025	0.041095934863059354	
206	2015-04-22	46.25	44.119999	46.279999	44.049999	4397400	0.04827744896367745	2.130001	0.04935266182751638	
207	2015-04-23	46.080002	46.00	46.73	45.650002	3745300	0.001739173913043486	0.08000200000000035	0.023457818778066408	
208	2015-04-24	44.73	46.209999	46.439999	44.599998	4017200	-0.03202767868486659	-1.4799990000000065	0.04046626391539769	
209	2015-04-27	45.189999	45.09	46.049999	44.75	3671300	0.002217764471057814	0.09999899999999684	0.02879926926007165	
210	2015-04-28	47.02	45.869999	47.099998	45.389999	12508000	0.025070874756286853	1.1500010000000032	0.03681772028009164	
211	2015-04-29	52.959999	52.009998	54.060001	51.150002	30817700	0.018265738060593662	0.9500010000000003	0.05544439522085533	
212	2015-04-30	50.080002	52.095001	52.57	49.43	10703400	-0.0386793158905977	-2.014999000000003	0.06146317411901618	
213	2015-05-01	49.98	49.709999	51.209999	49.52	4560500	0.005431522941692143	0.2700009999999935	0.0339050861059794	
214	2015-05-04	49.740002	50.009998	50.75	49.555	3805800	-0.005398840447864167	-0.2699960000000061	0.023959899749373438	
215	2015-05-05	47.740002	49.599998	50.349998	47.66	4994100	-0.037499920866932344	-1.8599960000000024	0.0552701458804192	
216	2015-05-06	48.189999	47.98	48.290001	46.50	4238000	0.004376802834514451	0.20999900000000338	0.03722576725824853	
217	2015-05-07	49.549999	48.00	49.93	47.580002	3609600	0.03229164583333333	1.5499989999999997	0.04818037978657487	
218	2015-05-08	50.209999	50.00	50.720001	49.700001	3467800	0.0041999800000000675	0.20999900000000338	0.020357249978617462	
219	2015-05-11	48.849998	50.040001	50.23	48.669998	2839500	-0.023781034696621954	-1.1900029999999973	0.031550248069069094	
220	2015-05-12	49.57	48.52	49.689999	47.73	3601800	0.021640560593569603	1.0499999999999972	0.039963278621674043	
221	2015-05-13	49.849998	49.32	50.27	49.029999	2748900	0.010746107055961051	0.5299979999999991	0.025007583442726432	
222	2015-05-14	50.619999	49.959999	50.790001	49.540001	3415200	0.013210568719186655	0.6599999999999966	0.024855836644578178	
223	2015-05-15	50.09	50.619999	50.619999	50.00	1990100	-0.010470150345123408	-0.5299989999999966	0.012312560940448424	
224	2015-05-18	51.130001	50.560001	52.189999	50.41	4452400	0.011273733954237863	0.5700000000000003	0.035008338381191176	
225	2015-05-19	51.849998	51.50	52.59	51.25	4515500	0.006796077669902901	0.34999799999999937	0.02593130190481481	
226	2015-05-20	53.880001	52.700001	54.490002	52.119999	6493700	0.022390891415732604	1.1799999999999997	0.04447369028947845	
227	2015-05-21	53.50	54.259998	54.259998	52.93	4226000	-0.014006598378422407	-0.7599980000000031	0.024684447377216978	
228	2015-05-22	54.439999	53.509998	54.98	53.509998	4252700	0.01737994832292831	0.9300009999999972	0.027234868751316293	
229	2015-05-26	53.41	54.490002	54.529999	52.220001	4414700	-0.01982018646283038	-1.0800020000000004	0.042817385675303195	
230	2015-05-27	53.279999	53.27	53.939999	51.91	4447500	0.00018770414867643007	0.00999899999999343	0.038104158030071944	
231	2015-05-28	56.810001	55.040001	57.84	55.029999	15833500	0.0321584296482844	1.7700000000000031	0.05024588198040456	
232	2015-05-29	55.459999	56.50	56.700001	55.081001	5235400	-0.018407097345132684	-1.0400009999999966	0.028921043488040754	
233	2015-06-01	58.52	56.900002	59.599998	56.330002	11411800	0.028470965607347475	1.6199980000000025	0.056662553168210804	
234	2015-06-02	58.400002	58.389999	59.919998	58.150002	8587900	0.0001713135840265649	0.010002999999997542	0.030310745523497322	
235	2015-06-03	59.029999	59.990002	60.43	58.700001	10890800	-0.01600271658600712	-0.9600030000000004	0.029070727364554457	
236	2015-06-04	58.880001	58.77	58.919998	57.779999	4464700	0.0018717202654414992	0.1100009999999969	0.019379498347815622	
237	2015-06-05	59.41	58.240002	59.700001	58.240002	3586900	0.020089250683748255	1.1699979999999996	0.02481936209401855	
238	2015-06-08	59.400002	59.77	61.189999	58.630001	7096700	-0.006190363058390538	-0.3699980000000025	0.04296379889294623	
239	2015-06-09	58.68	59.23	59.66	57.75	4306900	-0.009285834880972432	-0.5499999999999972	0.03239759138325836	
240	2015-06-10	57.91	56.419998	58.43	55.150002	9230400	0.026409111180755392	1.490001999999997	0.0573777321329088	
241	2015-06-11	55.990002	57.810001	58.41	55.709999	6431500	-0.031482424641369626	-1.8199990000000028	0.04745168591955122	
242	2015-06-12	57.450001	55.43	58.290001	55.349998	6062600	0.03644237777376873	2.0200010000000006	0.05209076849671533	
243	2015-06-15	58.52	56.619999	58.529999	56.50	4325600	0.033557065234141085	1.9000010000000032	0.03526140381501995	
244	2015-06-16	58.189999	58.169998	59.049999	57.835999	4108100	0.0003438370412184061	0.0200010000000006	0.020866277609133982	
245	2015-06-17	59.00	58.259998	59.25	57.820999	3679900	0.01270171687956455	0.7400019999999969	0.024373205259648728	
246	2015-06-18	58.279999	59.049999	59.73	57.830002	3843000	-0.013039797003214228	-0.7700000000000031	0.03238725018984483	
247	2015-06-19	57.970001	58.209999	58.650002	57.560001	5088800	-0.004122968632931946	-0.23999799999999993	0.01876400413152007	
248	2015-06-22	54.919998	57.709999	57.900002	54.50	8434400	-0.04834519231234095	-2.7900010000000037	0.06037471527234437	
249	2015-06-23	56.759998	55.400002	57.400002	55.389999	6402900	0.024548663373694508	1.3599960000000024	0.03584170827389439	
250	2015-06-24	57.049999	56.669998	57.599998	56.200001	3447700	0.006705505795147549	0.38000100000000003	0.02462182618594334	
251	2015-06-25	56.91	57.07	57.599998	56.209999	3361800	-0.002803574557560955	-0.1600000000000037	0.024390226355500897	
252	2015-06-26	54.130001	57.00	57.049999	53.57	11049900	-0.05035085964912281	-2.869999	0.06262933444947957	
253	2015-06-29	53.209999	52.810001	53.709999	52.110001	3234800	0.007574285029837504	0.39999800000000363	0.030182946613846563	
254	2015-06-30	52.720001	53.810001	54.110001	51.950001	4639900	-0.02025645753100797	-1.0899999999999963	0.0405519564338316	
255	2015-07-01	51.950001	53.16	53.34	51.189999	3843900	-0.02276145598194124	-1.2099989999999963	0.04090954199496208	
256	2015-07-02	51.75	52.00	52.290001	51.299999	2262000	-0.004807692307692308	-0.25	0.0190843759036144	
257	2015-07-06	50.939999	50.619999	51.150002	49.400002	6593600	0.006321612135946512	0.3200000000000003	0.034462387445104124	
258	2015-07-07	52.25	51.77	52.830002	50.349998	5204100	0.0092717790225999	0.4799999999999969	0.04768321476639109	
259	2015-07-08	51.25	51.759998	52.700001	51.130001	2675500	-0.009853130210708336	-0.5099980000000031	0.030482478021211113	
260	2015-07-09	52.040001	51.889999	52.689999	51.860001	1928100	0.002890768989993496	0.15000199999999353	0.015972250553257062	
261	2015-07-10	52.509998	52.25	53.290001	52.139999	2588500	0.004976038277512021	0.25999800000000306	0.021954983237017504	
262	2015-07-13	52.110001	52.93	53.200001	51.119999	3750600	-0.0154921405630078	-0.8199990000000028	0.039603998099733466	
263	2015-07-14	54.970001	54.34	55.900002	53.82	9245800	0.011593687891056312	0.630001	0.03805693863272402	
264	2015-07-15	54.50	55.75	56.189999	53.830002	4204400	-0.02242152466367713	-1.25	0.04281173696145125	
265	2015-07-16	55.240002	55.150002	55.369999	54.259998	2912400	0.0016319129054609338	0.0899999999999963	0.020110534645872407	
266	2015-07-17	56.639999	55.619999	56.720001	55.299999	5496500	0.018338727406305835	1.0200000000000031	0.025298450477435494	
267	2015-07-20	60.799999	58.650002	61.200001	57.91	14818600	0.03665808911651868	2.149996999999999	0.055085826244572464	
268	2015-07-21	62.040001	61.200001	62.25	59.060001	23962800	0.013725489971805659	0.8399999999999963	0.051768889130657435	
269	2015-07-22	61.68	62.389999	63.25	60.049999	22582200	-0.011380013004969007	-0.7099990000000034	0.051583799883805924	
270	2015-07-23	63.950001	61.50	65.25	61.48	18438900	0.03983741463414635	2.4500010000000003	0.060103626463900994	
271	2015-07-24	62.169998	65.00	65.019997	61.299999	9639400	-0.043538492307692314	-2.8300020000000004	0.05850433370298558	
272	2015-07-27	61.27	60.98	62.669998	59.380001	6450000	0.0047556575926534315	0.29000000000000625	0.05382408179959099	
273	2015-07-28	62.419998	62.040001	63.335999	61.110001	6493200	0.006125032138539183	0.379997000000003	0.035770496832480354	
274	2015-07-29	61.869999	61.630001	62.299999	61.25	3787100	0.003894174851627861	0.23999799999999993	0.01700403238866396	
275	2015-07-30	61.689999	61.759998	62.292	60.560001	3307300	-0.0011334035341128543	-0.06999900000000281	0.028059927777884058	
276	2015-07-31	62.099998	64.050003	64.629997	62.029999	9919600	-0.030445041509209677	-1.9500050000000044	0.041220736890838494	
277	2015-08-03	62.259998	63.00	63.400002	61.18	5518500	-0.011746063492063443	-0.7400019999999969	0.035446304254291953	
278	2015-08-04	62.080002	62.259998	62.470001	60.509998	4741000	-0.0028910376771936726	-0.1799960000000027	0.031526507962039575	
279	2015-08-05	62.669998	62.599998	63.650002	61.57	4987200	0.0011182108983454006	0.07000000000000028	0.03320830312790942	
280	2015-08-06	62.880001	62.43	64.459999	61.700001	6543300	0.007208089059746922	0.4500010000000003	0.044050721857387835	
281	2015-08-07	63.060001	62.34	63.290001	61.66	4061900	0.011549582932306646	0.7200009999999963	0.02599682594898863	
282	2015-08-10	64.739998	63.50	65.489998	62.799999	8286800	0.019527527559055118	1.239998	0.04195257395434457	
283	2015-08-11	59.130001	64.00	64.099998	58.259998	10618100	-0.076093734375	-4.869999	0.09485909124616992	
284	2015-08-12	56.91	57.75	57.75	54.02	13894500	-0.014545454545454604	-0.8400000000000034	0.0650619222047793	
285	2015-08-13	59.50	58.57	60.869999	58.169998	9238400	0.01587843605941608	0.9299999999999997	0.04573559752689083	
286	2015-08-14	58.849998	59.279999	59.939999	58.610001	3410200	-0.007253728192539228	-0.4300009999999972	0.022517532104906483	
287	2015-08-17	58.549999	58.799999	59.669998	57.93	4428100	-0.004251700752579945	-0.25	0.029654844987726373	
288	2015-08-18	57.490002	58.09	58.720001	56.84	3999900	-0.010328765708383654	-0.5999980000000065	0.032531596599210996	
289	2015-08-19	54.669998	56.759998	56.959999	54.355	6931600	-0.036821706723809314	-2.0900000000000034	0.04675579455284206	
290	2015-08-20	50.599998	53.220001	53.700001	50.529999	8839700	-0.04922966837223479	-2.620003000000004	0.061067270863680204	
291	2015-08-21	48.389999	48.450001	50.84	48.049999	8724500	-0.0012384313469879437	-0.060001999999997224	0.05762083849648913	
292	2015-08-24	47.860001	43.299999	47.860001	42.75	12340900	0.10531182691251326	4.560001999999997	0.11211059675296176	
293	2015-08-25	47.029999	51.41	51.650002	46.970001	8670000	-0.08519745185761525	-4.380001	0.09508332075460499	
294	2015-08-26	46.279999	48.279999	48.950001	43.880001	11537200	-0.04142502157052655	-2.0	0.10723350480612322	
295	2015-08-27	47.759998	47.849998	49.459999	46.849998	8483900	-0.0018808778215622143	-0.0899999999999963	0.054596822700421495	
296	2015-08-28	48.18	47.209999	49.490002	47.060001	5337500	0.020546516003950695	0.9700009999999963	0.05094875826552838	
297	2015-08-31	46.59	47.57	48.380001	46.347	5200800	-0.02060121925583344	-0.9799999999999969	0.043181839422259956	
298	2015-09-01	43.689999	43.599998	44.049999	42.09	15897800	0.002064243213956131	0.09000100000000089	0.044907757300071766	
299	2015-09-02	41.279999	40.669998	41.369999	39.040001	19379900	0.014998795918308059	0.6100009999999969	0.056863894699105445	
300	2015-09-03	38.650002	40.880001	41.740002	38.610001	11260900	-0.054549876356412015	-2.2299989999999994	0.0787124577374906	
301	2015-09-04	36.830002	38.130001	39.310001	36.75	14255800	-0.03409386220577334	-1.2999989999999997	0.06830311893130527	
302	2015-09-08	37.50	37.82	38.09	36.380001	11942600	-0.00846113167636172	-0.3200000000000003	0.04540624004248549	
303	2015-09-09	33.650002	38.040001	38.150002	33.34	19289900	-0.11540480769177677	-4.389998999999996	0.13418891892081516	
304	2015-09-10	33.880001	33.860001	34.93	33.75	13764900	0.0005906674367789632	0.020000000000003126	0.034839089612072924	
305	2015-09-11	32.419998	33.50	33.950001	31.322001	16583800	-0.0322388656716418	-1.0800020000000004	0.07973301212782198	
306	2015-09-14	32.880001	32.900002	34.580002	32.619999	17324800	-0.0006079330937426874	-0.0200010000000006	0.05959266982702936	
307	2015-09-15	33.57	33.68	34.099998	32.740002	10278900	-0.0032660332541567527	-0.10999999999999943	0.040445977695167355	
308	2015-09-16	35.73	33.950001	35.82	33.535	14501300	0.05243001318321011	1.7799989999999966	0.06558553292787707	
309	2015-09-17	36.32	35.32	37.25	35.23	13632700	0.028312570781426953	1.0	0.056393076493579095	
310	2015-09-18	35.150002	35.73	35.889999	34.389999	13075200	-0.01623280156731028	-0.5799979999999962	0.04232505523913502	
311	2015-09-21	32.27	33.68	33.98	32.00	14611700	-0.0418646080760094	-1.4099999999999966	0.06004548900682325	
312	2015-09-22	33.310001	31.379999	33.75	30.549999	14515400	0.06150420846093711	1.9300019999999982	0.0989334054722523	
313	2015-09-23	32.639999	33.450001	33.650002	32.220001	8442800	-0.024215305703578223	-0.8100019999999972	0.043274353154788836	
314	2015-09-24	33.919998	32.52	34.02	32.259998	7620500	0.04305036900368993	1.3999979999999965	0.05298019424985533	
315	2015-09-25	32.310001	34.689999	35.00	32.139999	8292000	-0.06860761224005801	-2.3799980000000005	0.08537316417910439	
316	2015-09-28	29.67	32.00	32.150002	29.620001	9772000	-0.07281249999999995	-2.3299999999999983	0.08204965137019628	
317	2015-09-29	29.860001	29.85	30.969999	28.90	8871200	0.00033504187604686895	0.010000999999999038	0.06933508508901223	
318	2015-09-30	31.219999	30.299999	31.50	29.90	6619200	0.03036303730571086	0.9200000000000017	0.05201560637241898	
319	2015-10-01	30.07	31.02	31.49	29.75	6885400	-0.030625402965828476	-0.9499999999999993	0.056965133409723305	
320	2015-10-02	30.440001	29.40	30.60	28.91	10697100	0.035374183673469395	1.0400010000000002	0.056483956275335	
321	2015-10-05	30.26	30.559999	30.93	29.48	8285100	-0.00981672152541627	-0.2999989999999997	0.047681684440672195	
322	2015-10-06	30.65	30.450001	31.950001	29.780001	8715000	0.006568111442754904	0.19999899999999826	0.07103109540047313	
323	2015-10-07	29.33	29.99	30.75	27.52	18629600	-0.02200733577859287	-0.6600000000000001	0.10890087660148351	
324	2015-10-08	27.60	28.959999	29.01	27.065001	18023200	-0.046961293058055645	-1.3599989999999984	0.06877648636450658	
325	2015-10-09	29.08	28.23	30.200001	27.950001	18093200	0.03010981225646468	0.8499999999999979	0.07852032804048159	
326	2015-10-12	28.459999	29.10	29.299999	27.860001	7137500	-0.021993161512027546	-0.6400010000000016	0.050034677728191035	
327	2015-10-13	27.969999	27.940001	28.690001	27.90	4659000	0.0010736577997975962	0.029998000000002634	0.028259738866034705	
328	2015-10-14	28.09	27.290001	28.455	26.68	8027400	0.029314729596382195	0.7999989999999997	0.06410256294506021	
329	2015-10-15	28.540001	28.030001	29.280001	28.01	6737500	0.018194790645922616	0.5100000000000016	0.044900157507507144	
330	2015-10-16	28.52	28.27	28.780001	27.83	5170900	0.008843296781039971	0.25	0.03345662968832542	
331	2015-10-19	29.639999	28.50	30.299999	28.076	8393800	0.03999996491228069	1.1399989999999995	0.07650495487624619	
332	2015-10-20	30.309999	30.139999	31.33	29.870001	9052500	0.005640345243541704	0.1700000000000017	0.04830435230121926	
333	2015-10-21	29.059999	30.52	30.60	28.83	6156500	-0.04783751638269981	-1.4600009999999983	0.059415912376903635	
334	2015-10-22	28.719999	29.25	30.08	28.50	5843500	-0.01811969230769226	-0.5300009999999986	0.05451095488202435	
335	2015-10-23	29.15	29.65	29.700001	28.809999	5692100	-0.016863406408094434	-0.5	0.03027217687074827	
336	2015-10-26	28.790001	29.110001	29.42	28.58	4799100	-0.010992785606568694	-0.3200000000000003	0.029015543039186888	
337	2015-10-27	28.23	29.040001	29.049999	27.99	6386600	-0.02789259545824395	-0.8100009999999997	0.037017600191765365	
338	2015-10-28	30.209999	28.620001	30.67	28.42	24816500	0.05555548373321166	1.5899980000000014	0.0764915859255482	
339	2015-10-29	25.620001	25.02	26.35	24.950001	41419100	0.023980855315747358	0.6000009999999989	0.0552922184973891	
340	2015-10-30	25.00	25.940001	25.940001	24.99	10112400	-0.03623750824065114	-0.9400009999999988	0.03729882141148762	
341	2015-11-02	25.549999	25.120001	25.93	24.299999	8777200	0.017117754095630856	0.4299980000000012	0.06433791197947504	
342	2015-11-03	25.02	25.75	25.75	24.84	9473400	-0.028349514563106814	-0.7300000000000004	0.03584794169785307	
343	2015-11-04	25.379999	25.07	25.809999	25.07	6024800	0.01236533705624257	0.30999900000000125	0.029335937152347648	
344	2015-11-05	24.809999	25.40	25.549999	24.620001	6355700	-0.02322838582677155	-0.5900009999999973	0.03704433453583623	
345	2015-11-06	25.129999	24.809999	25.24	24.50	4358700	0.012898025509795477	0.3200000000000003	0.029635563862056957	
346	2015-11-09	25.92	25.15	26.120001	25.129999	6693200	0.030616302186878854	0.7700000000000031	0.03877039357744261	
347	2015-11-10	25.02	25.90	25.99	24.82	4741400	-0.03397683397683394	-0.879999999999999	0.0459544383346425	
348	2015-11-11	25.10	25.02	25.379999	24.76	3518600	0.0031974420463629838	0.08000000000000185	0.02474058260175578	
349	2015-11-12	23.15	24.879999	24.898001	23.10	9106900	-0.06953372465971573	-1.729999000000003	0.07486991619550103	
350	2015-11-13	21.16	22.870001	22.950001	20.76	11115300	-0.07477048208261987	-1.7100009999999983	0.09947767205365264	
351	2015-11-16	21.620001	21.09	21.790001	20.85	4709800	0.025130440967283008	0.5300009999999986	0.044017840224353955	
352	2015-11-17	20.870001	21.75	21.889999	20.77	4838900	-0.040459724137931107	-0.8799990000000015	0.05255743658945479	
353	2015-11-18	19.809999	19.870001	19.98	18.860001	17129700	-0.00301972808154349	-0.060001999999997224	0.0564515625	
354	2015-11-19	19.93	19.950001	20.33	19.450001	5075300	-0.0010025563407240231	-0.0200010000000006	0.044132345934494735	
355	2015-11-20	20.450001	20.00	20.540001	19.709999	5561500	0.022500050000000014	0.4500010000000003	0.041038416785206026	
356	2015-11-23	18.99	20.200001	20.24	18.799999	11300500	-0.05990103663856264	-1.2100010000000019	0.07348818388649692	
357	2015-11-24	19.32	18.799999	19.50	18.75	7775900	0.027659629130831368	0.5200010000000006	0.03934942390738258	
358	2015-11-25	20.00	19.299999	20.469999	19.209999	5734600	0.03626948374453285	0.7000010000000003	0.06412213903618683	
359	2015-11-27	20.280001	20.15	20.940001	19.85	4470800	0.006451662531017372	0.13000100000000003	0.053920404305703454	
360	2015-11-30	20.40	20.379999	20.83	20.23	4654100	0.0009814033847595895	0.02000099999999705	0.02942619003006831	
361	2015-12-01	20.129999	20.459999	20.60	19.639999	5590300	-0.01612903304638472	-0.3299999999999983	0.04730234280868907	
362	2015-12-02	20.09	20.129999	20.389999	19.85	3375800	-0.0019870343759083977	-0.03999900000000167	0.026852263223576815	
363	2015-12-03	18.93	19.719999	20.10	18.879999	7235900	-0.040060803248519516	-0.7899990000000017	0.06313071314697834	
364	2015-12-04	18.00	17.959999	18.639999	17.549999	11394200	0.002227227295502643	0.040001000000000175	0.060622916035120024	
365	2015-12-07	17.51	17.77	18.09	17.24	6039500	-0.014631401238041531	-0.259999999999998	0.04818594104308398	
366	2015-12-08	17.58	17.26	18.110001	17.25	4939000	0.018539976825028778	0.31999999999999673	0.04936859931113664	
367	2015-12-09	16.889999	17.67	17.950001	16.77	8189000	-0.044142671194114434	-0.7800010000000022	0.06828709688330724	
368	2015-12-10	18.83	17.25	19.639999	17.17	18708000	0.09159420289855062	1.5799999999999983	0.13691790465631917	
369	2015-12-11	19.15	18.73	19.469999	17.90	13078600	0.022423918846769787	0.41999999999999815	0.0828932946145725	
370	2015-12-14	17.309999	17.92	17.98	15.90	21047500	-0.03404023437500002	-0.6100010000000005	0.11808118416353061	
371	2015-12-15	17.91	17.26	18.09	16.705	8491600	0.03765932792584001	0.6499999999999986	0.07876030707989773	
372	2015-12-16	18.82	18.10	19.200001	17.879999	7061700	0.03977900552486181	0.7199999999999989	0.07150606717226429	
373	2015-12-17	17.950001	19.00	19.889999	17.91	8159800	-0.05526310526315788	-1.0499989999999997	0.10717179682890939	
374	2015-12-18	19.50	17.940001	19.700001	17.76	7903800	0.08695646115069901	1.5599990000000012	0.10363252928331915	
375	2015-12-21	18.10	19.139999	19.50	18.00	8183100	-0.05433641872186086	-1.0399989999999981	0.08055854136838189	
376	2015-12-22	18.34	18.33	18.950001	18.10	6303000	0.000545553737043184	0.010000000000001563	0.04635947641123528	
377	2015-12-23	18.27	18.42	18.85	18.200001	4376200	-0.008143322475570147	-0.15000000000000213	0.03543194330880355	
378	2015-12-24	18.219999	18.290001	18.440001	18.139999	1976300	-0.003827337133551758	-0.07000199999999879	0.016433963297726603	
379	2015-12-28	17.92	18.360001	18.98	17.84	6027100	-0.02396519477313747	-0.44000099999999875	0.06284454071542063	
380	2015-12-29	18.280001	18.219999	18.440001	17.60	5118700	0.003293194472732804	0.060001999999997224	0.046027452054794374	
381	2015-12-30	18.40	18.120001	18.58	18.01	4382500	0.0154524825909226	0.2799990000000001	0.031215771324869176	
382	2015-12-31	18.01	18.27	18.549999	17.860001	5155800	-0.01423097974822102	-0.259999999999998	0.03803737596471881	
383	2016-01-04	18.690001	17.57	19.65	17.50	10436100	0.06374507683551499	1.1200009999999985	0.11858797246034265	
384	2016-01-05	18.49	20.049999	20.50	18.25	16303300	-0.07780544028954821	-1.5599990000000012	0.11676180894555811	
385	2016-01-06	18.41	18.18	19.00	18.049999	6513500	0.012651265126512675	0.23000000000000043	0.051926810603990174	
386	2016-01-07	17.00	17.889999	18.200001	16.75	10116700	-0.04974840971204077	-0.8899989999999995	0.08311843173168335	
387	2016-01-08	16.190001	17.59	17.66	16.131001	7661900	-0.07959061967026726	-1.399999000000001	0.090526877130643	
388	2016-01-11	15.26	16.43	16.440001	14.57	12620600	-0.07121119902617164	-1.17	0.11801836541495732	
389	2016-01-12	14.60	15.69	15.70	14.36	7416700	-0.06947100063734862	-1.0899999999999999	0.08847804555959062	
390	2016-01-13	14.61	14.73	14.98	14.324	9743800	-0.008146639511201696	-0.120000000000001	0.04471710974778464	
391	2016-01-14	12.48	11.48	12.82	11.26	31587600	0.08710801393728222	1.0	0.13021702838063443	
392	2016-01-15	11.46	11.73	12.32	11.23	10678500	-0.023017902813299195	-0.2699999999999996	0.0940060370849504	
393	2016-01-19	10.57	11.68	11.77	10.26	11886800	-0.09503424657534242	-1.1099999999999994	0.13573033707865167	
394	2016-01-20	11.00	10.18	11.08	9.90	10318100	0.08055009823182714	0.8200000000000003	0.1114258734655335	
395	2016-01-21	10.68	11.00	11.39	10.32	6733200	-0.029090909090909115	-0.3200000000000003	0.09870848708487087	
396	2016-01-22	10.83	11.03	11.27	10.69	4864500	-0.018132366273798668	-0.1999999999999993	0.05306495882891126	
397	2016-01-25	10.59	10.74	11.33	10.58	4193800	-0.013966480446927406	-0.15000000000000036	0.07032348804500704	
398	2016-01-26	10.88	10.64	10.96	10.38	5801200	0.02255639097744363	0.2400000000000002	0.05390334572490706	
399	2016-01-27	10.61	11.03	11.10	10.50	4863600	-0.03807796917497733	-0.41999999999999993	0.055452865064694976	
400	2016-01-28	10.57	10.80	11.00	10.48	4013100	-0.021296296296296334	-0.23000000000000043	0.04866635470285443	
401	2016-01-29	11.45	10.56	11.75	10.56	6614500	0.08428030303030291	0.8899999999999988	0.10813266696955925	
402	2016-02-01	11.06	11.13	11.18	10.52	7319000	-0.006289308176100654	-0.07000000000000028	0.05948625506985129	
403	2016-02-02	10.24	10.90	10.91	10.18	6305200	-0.06055045871559634	-0.6600000000000001	0.06906338694418168	
404	2016-02-03	10.71	10.28	10.80	10.03	13551400	0.041828793774319216	0.4300000000000015	0.07336827060505015	
405	2016-02-04	9.78	9.13	10.20	9.01	21150300	0.0711938663745891	0.6499999999999986	0.12585933368588043	
406	2016-02-05	9.96	9.74	10.68	9.60	8990600	0.0225872689938399	0.22000000000000064	0.10964467005076141	
407	2016-02-08	10.99	10.32	11.69	10.01	15246800	0.06492248062015503	0.6699999999999999	0.15767245424683243	
408	2016-02-09	11.39	10.65	11.65	10.54	10144900	0.0694835680751174	0.7400000000000002	0.10072595281306726	
409	2016-02-10	10.59	11.50	11.63	10.54	8913900	-0.07913043478260871	-0.9100000000000001	0.09868718877320069	
410	2016-02-11	10.17	10.37	10.71	9.95	4499800	-0.019286403085824428	-0.1999999999999993	0.07400194741966909	
411	2016-02-12	10.31	10.30	10.56	10.12	4000000	0.0009708737864077462	0.009999999999999787	0.04269771955361488	
412	2016-02-16	11.59	10.52	11.70	10.32	8913100	0.10171102661596962	1.0700000000000003	0.12483039348710982	
413	2016-02-17	12.99	11.38	13.05	11.30	11718500	0.14147627416520206	1.6099999999999994	0.14361920393926958	
414	2016-02-18	12.39	13.17	13.42	12.13	7987600	-0.05922551252847376	-0.7799999999999994	0.10093896713615017	
415	2016-02-19	12.38	12.32	12.72	12.04	4965600	0.004870129870129911	0.0600000000000005	0.055060728744939384	
416	2016-02-22	12.86	12.74	12.953	12.38	6261600	0.009419152276295072	0.11999999999999922	0.04476562499999989	
417	2016-02-23	12.11	12.80	12.83	12.00	5490200	-0.0539062500000001	-0.6900000000000013	0.06663990365315135	
418	2016-02-24	11.75	11.77	11.86	11.26	5020400	-0.001699235344095121	-0.019999999999999574	0.05102040816326528	
419	2016-02-25	11.34	11.69	12.00	11.01	7064100	-0.029940119760479014	-0.34999999999999964	0.08597481545809815	
420	2016-02-26	12.30	11.47	12.75	11.34	9529900	0.07236268526591108	0.8300000000000001	0.11863693731594446	
421	2016-02-29	11.88	12.33	12.45	11.76	5826400	-0.036496350364963445	-0.4499999999999993	0.05700123915737294	
422	2016-03-01	11.89	12.06	12.32	11.65	7732000	-0.014096185737976776	-0.16999999999999993	0.05594989561586638	
423	2016-03-02	13.02	12.03	13.24	11.95	8861100	0.08229426433915214	0.9900000000000002	0.10299401197604799	
424	2016-03-03	13.58	13.10	14.10	12.76	10986000	0.03664122137404584	0.4800000000000004	0.10044977511244377	
425	2016-03-04	13.36	13.34	14.84	13.10	14102400	0.0014992503748125618	0.019999999999999574	0.13033707865168542	
426	2016-03-07	13.88	13.50	14.075	13.23	9565100	0.028148148148148207	0.3800000000000008	0.06172388604821028	
427	2016-03-08	12.41	13.70	13.70	12.375	10756600	-0.09416058394160579	-1.2899999999999991	0.10149368058215238	
428	2016-03-09	12.28	12.70	12.70	12.10	4907100	-0.03307086614173228	-0.41999999999999993	0.048038430744595656	
429	2016-03-10	12.18	12.42	12.62	11.90	5813500	-0.019323671497584557	-0.2400000000000002	0.058536585365853565	
430	2016-03-11	12.60	12.32	12.98	12.13	6948200	0.022727272727272676	0.27999999999999936	0.06821829855537717	
431	2016-03-14	12.27	12.52	12.60	12.14	5480000	-0.019968051118210862	-0.25	0.03711173860427584	
432	2016-03-15	11.70	12.21	12.24	11.55	6310700	-0.04176904176904189	-0.5100000000000016	0.05771643663739017	
433	2016-03-16	12.31	11.71	12.47	11.66	6304800	0.05123825789923139	0.5999999999999996	0.06744379683597006	
434	2016-03-17	12.95	12.30	13.19	12.24	6603100	0.05284552845528443	0.6499999999999986	0.07524752475247519	
435	2016-03-18	12.88	13.14	13.61	12.72	6224300	-0.019786910197869084	-0.2599999999999998	0.06840891621829352	
436	2016-03-21	13.07	12.75	13.19	12.63	3356800	0.025098039215686298	0.3200000000000003	0.04337722695584808	
437	2016-03-22	12.97	12.99	13.17	12.79	3339300	-0.0015396458814472343	-0.019999999999999574	0.029275808936825944	
438	2016-03-23	12.27	12.97	13.11	12.23	4407500	-0.053970701619121125	-0.7000000000000011	0.06973058637083986	
439	2016-03-24	12.42	12.20	12.48	11.92	2834000	0.018032786885245955	0.22000000000000064	0.04549147034930955	
440	2016-03-28	11.50	12.43	12.50	11.49	6918800	-0.07481898632341108	-0.9299999999999997	0.08441287087338067	
441	2016-03-29	11.65	11.46	11.76	11.08	7289900	0.01657940663176261	0.1899999999999995	0.05884898312418864	
442	2016-03-30	12.16	11.79	12.37	11.70	6099000	0.03138252756573376	0.370000000000001	0.055949895615866385	
443	2016-03-31	11.96	12.20	12.213	11.84	4372200	-0.019672131147540857	-0.23999999999999844	0.030877483443708553	
444	2016-04-01	11.74	11.81	11.99	11.61	3899000	-0.005927180355630845	-0.07000000000000028	0.032271762208068	
445	2016-04-04	12.03	11.77	12.37	11.67	5288200	0.022090059473237025	0.2599999999999998	0.058823529411764656	
446	2016-04-05	11.65	11.93	12.04	11.621	4048000	-0.023470243084660468	-0.27999999999999936	0.03553859202714154	
447	2016-04-06	12.12	11.79	12.16	11.63	5983800	0.02798982188295166	0.33000000000000007	0.044332915098285186	
448	2016-04-07	12.29	11.90	12.49	11.90	5312900	0.032773109243697376	0.3899999999999988	0.048780487804878044	
449	2016-04-08	12.32	12.37	12.75	12.25	4660000	-0.0040420371867420325	-0.049999999999998934	0.04050222762251924	
450	2016-04-11	11.77	12.35	12.53	11.74	5344900	-0.046963562753036446	-0.5800000000000001	0.0655058043117744	
451	2016-04-12	11.68	11.93	12.06	11.58	4851800	-0.020955574182732608	-0.25	0.040660736975857724	
452	2016-04-13	13.90	12.00	14.04	11.85	21039600	0.15833333333333335	1.9000000000000004	0.16911196911196907	
453	2016-04-14	13.80	14.17	14.35	13.11	17303400	-0.026111503175723305	-0.3699999999999992	0.08866642831605294	
454	2016-04-15	13.77	13.59	14.34	13.41	9264100	0.01324503311258276	0.17999999999999972	0.06798245614035085	
455	2016-04-18	13.13	13.68	13.68	13.04	7017100	-0.04020467836257302	-0.5499999999999989	0.04774337933606867	
456	2016-04-19	12.95	13.21	13.38	12.82	5428600	-0.019682059046177255	-0.26000000000000156	0.042813455657492394	
457	2016-04-20	13.44	13.09	13.77	12.90	8377700	0.026737967914438474	0.34999999999999964	0.0655861289106671	
458	2016-04-21	13.56	13.52	13.82	13.32	5355000	0.002958579881656873	0.040000000000000924	0.03692762186115214	
459	2016-04-22	13.98	13.53	14.179	13.50	6612300	0.03325942350332602	0.45000000000000107	0.049363867684478396	
460	2016-04-25	12.82	13.71	13.80	12.67	11089500	-0.06491611962071485	-0.8900000000000006	0.08518658122879764	
461	2016-04-26	13.18	12.86	13.24	12.53	5310100	0.024883359253499247	0.3200000000000003	0.05453149001536105	
462	2016-04-27	13.30	12.94	13.43	12.80	4672800	0.027820710973724978	0.3600000000000012	0.04801829268292675	
463	2016-04-28	12.94	13.24	13.35	12.91	5111800	-0.022658610271903377	-0.3000000000000007	0.033613445378151224	
464	2016-04-29	12.64	13.02	13.14	12.41	5395400	-0.02918586789554524	-0.379999999999999	0.056897895557287644	
465	2016-05-02	12.23	12.56	12.64	12.00	6276300	-0.026273885350318476	-0.33000000000000007	0.05163372327551437	
466	2016-05-03	11.65	12.10	12.12	11.45	6227600	-0.037190082644628045	-0.4499999999999993	0.05642105263157894	
467	2016-05-04	11.40	11.54	11.79	11.17	6156800	-0.012131715771230399	-0.1399999999999988	0.054054054054053995	
468	2016-05-05	10.71	11.39	11.55	10.67	12398000	-0.059701492537313404	-0.6799999999999997	0.07963800904977382	
469	2016-05-06	10.46	9.93	10.65	9.81	14540100	0.053373615307150166	0.5300000000000011	0.08239333006375672	
470	2016-05-09	9.78	10.45	10.60	9.75	10693300	-0.06411483253588517	-0.6699999999999999	0.08403361344537813	
471	2016-05-10	9.82	9.87	9.99	9.43	6623100	-0.0050658561296858095	-0.049999999999998934	0.05688166582021336	
472	2016-05-11	9.46	9.83	9.85	9.41	7687800	-0.037639877924720164	-0.3699999999999992	0.04561949196474852	
473	2016-05-12	8.82	9.51	9.55	8.79	10039000	-0.07255520504731856	-0.6899999999999995	0.08292416803055119	
474	2016-05-13	8.88	8.89	9.42	8.76	7739100	-0.001124859392575904	-0.009999999999999787	0.0742824985931345	
475	2016-05-16	8.93	9.05	9.26	8.80	5758100	-0.013259668508287402	-0.120000000000001	0.051167964404894226	
476	2016-05-17	8.99	8.98	9.23	8.85	4361400	0.0011135857461024262	0.009999999999999787	0.042292710072342886	
477	2016-05-18	8.80	8.94	9.12	8.77	4798800	-0.01565995525727056	-0.1399999999999988	0.03945885005636974	
478	2016-05-19	8.85	8.75	8.90	8.62	5955700	0.011428571428571389	0.09999999999999964	0.03181818181818195	
479	2016-05-20	9.15	8.92	9.20	8.75	5928200	0.025784753363228746	0.23000000000000043	0.049806308799114477	
480	2016-05-23	9.26	9.20	9.60	9.20	5698400	0.006521739130434837	0.0600000000000005	0.043336944745395484	
481	2016-05-24	9.71	9.91	10.08	9.63	9519200	-0.020181634712411634	-0.1999999999999993	0.04587155963302745	
482	2016-05-25	10.08	9.82	10.18	9.71	6070200	0.02647657841140527	0.2599999999999998	0.0472361809045225	
483	2016-05-26	9.98	10.20	10.24	9.77	6191600	-0.02156862745098028	-0.21999999999999886	0.04658077304261651	
484	2016-05-27	10.20	9.99	10.22	9.72	5138300	0.02102102102102093	0.20999999999999908	0.049529470034670633	
485	2016-05-31	10.27	10.27	10.51	10.10	5931000	0.0	0.0	0.039922103213242466	
486	2016-06-01	10.32	10.16	10.32	9.92	4875700	0.015748031496063006	0.16000000000000014	0.039062500000000035	
487	2016-06-02	10.72	10.28	10.75	10.23	5079800	0.04280155642023359	0.4400000000000013	0.049523809523809484	
488	2016-06-03	10.72	11.00	11.00	10.66	5973100	-0.025454545454545396	-0.27999999999999936	0.03130755064456721	
489	2016-06-06	10.92	10.70	11.00	10.39	4564200	0.020560747663551465	0.22000000000000064	0.056429232192414386	
490	2016-06-07	11.07	10.94	11.10	10.75	3850200	0.011882998171846506	0.13000000000000078	0.03180372557928211	
491	2016-06-08	11.06	11.15	11.29	10.91	3941400	-0.008071748878923753	-0.08999999999999986	0.034218820351193065	
492	2016-06-09	10.90	10.89	10.96	10.77	3198800	0.0009182736455463532	0.009999999999999787	0.01743919229004142	
493	2016-06-10	10.26	10.79	10.79	10.24	3959500	-0.049119555143651475	-0.5299999999999994	0.05225653206650822	
494	2016-06-13	9.97	9.91	10.30	9.85	4395200	0.0060544904137235615	0.0600000000000005	0.045271629778672134	
495	2016-06-14	9.71	9.84	10.07	9.53	4451800	-0.013211382113821037	-0.129999999999999	0.055242966751918254	
496	2016-06-15	9.82	9.80	10.23	9.64	4891900	0.0020408163265305686	0.019999999999999574	0.06014271151885829	
497	2016-06-16	9.84	9.66	9.895	9.51	4415300	0.018633540372670777	0.17999999999999972	0.03948717948717947	
498	2016-06-17	10.65	9.88	10.83	9.87	8843200	0.07793522267206472	0.7699999999999996	0.09352167559668785	
499	2016-06-20	10.85	10.89	11.47	10.80	8239600	-0.003673094582185576	-0.040000000000000924	0.06163753449862004	
500	2016-06-21	11.20	11.01	11.26	10.95	5898400	0.017257039055404134	0.1899999999999995	0.02791535344439446	
501	2016-06-22	11.10	11.20	11.46	11.03	4121800	-0.008928571428571397	-0.09999999999999964	0.038565022421524806	
502	2016-06-23	11.32	11.26	11.40	11.15	4479400	0.005328596802841963	0.0600000000000005	0.022143489813994686	
503	2016-06-24	10.78	10.52	11.065	10.50	15050700	0.024714828897338385	0.2599999999999998	0.05305164319248822	
504	2016-06-27	10.21	10.61	10.87	10.01	6833400	-0.037700282752120506	-0.3999999999999986	0.08261287223823241	
505	2016-06-28	10.48	10.52	10.899	10.30	5261700	-0.003802281368821212	-0.03999999999999915	0.057047619047618896	
506	2016-06-29	10.81	10.60	10.90	10.431	5284200	0.019811320754717063	0.21000000000000085	0.043811303129378906	
507	2016-06-30	10.81	10.70	10.88	10.32	5661200	0.010280373831775814	0.11000000000000121	0.05206880520688057	
508	2016-07-01	11.05	10.86	11.14	10.77	4190800	0.01749539594843474	0.19000000000000128	0.03377453217708818	
509	2016-07-05	10.65	10.92	10.96	10.60	3083700	-0.024725274725274686	-0.2699999999999996	0.0333796940194716	
510	2016-07-06	10.59	10.38	10.66	10.25	2966500	0.02023121387283228	0.20999999999999908	0.03910348116356702	
511	2016-07-07	10.77	10.55	11.13	10.52	5765300	0.02085308056872027	0.21999999999999886	0.057223264540337826	
512	2016-07-08	10.97	10.96	11.22	10.85	4454300	0.000912408759124068	0.009999999999999787	0.03374373005015969	
513	2016-07-11	12.43	11.11	12.49	11.10	13488000	0.11881188118811885	1.3200000000000003	0.11809685641461348	
514	2016-07-12	12.46	12.53	12.65	12.19	7082600	-0.005586592178770831	-0.06999999999999851	0.036814725890356205	
515	2016-07-13	12.43	12.80	13.40	12.14	9434900	-0.028906250000000078	-0.370000000000001	0.09988109393579071	
516	2016-07-14	12.28	12.60	12.72	12.24	5361400	-0.02539682539682542	-0.3200000000000003	0.03858520900321547	
517	2016-07-15	11.90	12.31	12.47	11.85	5174800	-0.03330625507717304	-0.41000000000000014	0.051218504750103346	
518	2016-07-18	11.85	11.95	12.00	11.65	4384500	-0.008368200836820055	-0.09999999999999964	0.029411764705882328	
519	2016-07-19	11.01	11.98	11.98	10.985	9468700	-0.0809682804674458	-0.9700000000000006	0.08655937364071344	
520	2016-07-20	10.90	11.09	11.13	10.88	6044700	-0.017132551848512128	-0.1899999999999995	0.022737608003638016	
521	2016-07-21	11.23	11.09	11.49	11.03	7211500	0.012623985572587969	0.14000000000000057	0.04121863799283162	
522	2016-07-22	11.08	11.32	11.52	11.06	4989900	-0.021201413427561856	-0.2400000000000002	0.041071428571428495	
523	2016-07-25	11.41	11.11	11.50	11.057	4933200	0.027002700270027068	0.3000000000000007	0.03934280639431613	
524	2016-07-26	11.32	11.41	11.54	11.25	4094000	-0.007887817703768611	-0.08999999999999986	0.02551693796744383	
525	2016-07-27	11.57	11.47	11.83	11.42	10651700	0.008718395815169977	0.09999999999999964	0.03559027777777779	
526	2016-07-28	13.02	12.15	13.28	11.754	24145000	0.07160493827160487	0.8699999999999992	0.12125546285260227	
527	2016-07-29	12.64	12.88	12.89	12.23	11407200	-0.018633540372670822	-0.2400000000000002	0.05172413793103449	
528	2016-08-01	12.94	12.58	13.30	12.47	7627200	0.028616852146263867	0.35999999999999943	0.06504702194357367	
529	2016-08-02	12.55	12.90	13.32	12.53	6741900	-0.027131782945736406	-0.34999999999999964	0.062082514734774136	
530	2016-08-03	13.30	12.73	13.50	12.61	7598100	0.04477611940298509	0.5700000000000003	0.0683826354206685	
531	2016-08-04	13.53	13.50	13.828	13.191	7028900	0.002222222222222175	0.02999999999999936	0.04713281539030697	
532	2016-08-05	13.77	13.59	14.14	13.59	7028200	0.01324503311258276	0.17999999999999972	0.04020467836257315	
533	2016-08-08	14.29	14.00	14.80	13.961	10105600	0.020714285714285654	0.28999999999999915	0.05931424531636624	
534	2016-08-09	14.54	14.68	14.87	14.39	7253300	-0.009536784741144453	-0.14000000000000057	0.03285420944558513	
535	2016-08-10	14.14	14.67	14.68	13.93	6777700	-0.036128152692569825	-0.5299999999999994	0.05206525511975008	
536	2016-08-11	13.97	14.35	14.36	13.96	5197900	-0.02648083623693373	-0.379999999999999	0.028248587570621368	
537	2016-08-12	14.30	14.03	14.33	13.828	4973400	0.01924447612259454	0.27000000000000135	0.0354394634662902	
538	2016-08-15	15.61	14.30	16.25	14.30	17228000	0.09160839160839152	1.3099999999999987	0.13039117352056165	
539	2016-08-16	15.39	15.70	16.00	15.25	8848700	-0.019745222929936225	-0.3099999999999987	0.04824702476680605	
540	2016-08-17	15.41	15.51	15.62	15.19	5288200	-0.006447453255963871	-0.09999999999999964	0.02781371280724448	
541	2016-08-18	15.12	15.43	15.49	14.90	5685400	-0.020090732339598218	-0.3100000000000005	0.03862520458265139	
542	2016-08-19	15.12	15.01	15.21	14.60	6248000	0.007328447701532274	0.10999999999999943	0.04049120477928982	
543	2016-08-22	15.20	14.98	15.90	14.90	6696900	0.014686248331108067	0.21999999999999886	0.06626905235255136	
544	2016-08-23	15.51	15.61	15.99	15.47	8013700	-0.006406149903907729	-0.09999999999999964	0.03341902313624676	
545	2016-08-24	15.00	15.79	15.80	14.91	6468800	-0.05003166561114624	-0.7899999999999991	0.057810977590126704	
