#index	date	close	open	high	low	volume	dVolume	percent_change	dollar_change	spread	var	entropy	slope	concavity	answer
40	2014-08-22	43.290001	43.0	43.830002	42.700001	1683000	-0.779657482197	0.222544398384	0.2900009999999966	-1.13942605296	-0.170495783432	-0.511848393457	0.320882720439	0.385724403324	1.0
41	2014-08-25	43.849998	43.849998	44.349998	43.300999	1847800	-0.0598640483177	0.0458305324339	0.0	-1.22489603205	-0.18613768712	0.302926895062	0.174055791372	-0.170455250327	1.0
42	2014-08-26	45.290001	44.799999	45.799999	44.57	3774100	1.38068048173	0.332419479239	0.49000199999999694	-1.09740459368	-0.206752928833	0.534975225063	0.517477376065	0.158024750247	1.0
43	2014-08-27	45.5	45.869999	46.0	45.290001	1906300	-0.963968639476	-0.16552392319	-0.36999899999999997	-1.54069869785	-0.28764829174	0.646870617697	-0.262680011029	-0.430885404944	1.0
44	2014-08-28	48.900002	45.5	49.860001	44.630001	10589100	6.73727383138	2.00380653179	3.4000020000000006	2.04880982686	-0.178006476148	0.149604664582	1.62279723469	1.03035582007	1.0
45	2014-08-29	51.799999	49.470001	52.130001	49.450001	10254400	-0.257406665423	1.27993867342	2.3299979999999962	-0.131984186436	0.0572620535021	-0.41609957551	0.366502196341	-0.881740301623	1.0
46	2014-09-02	53.939999	53.0	55.349998	52.52	9075600	-0.38451933207	0.510550261314	0.9399990000000003	-0.132021065514	0.4564628724	-1.12621942189	0.429547958252	0.160614199656	1.0
47	2014-09-03	56.860001	55.950001	57.450001	55.43	9221200	-0.184734535513	0.471998576991	0.9099999999999966	-0.776885074775	1.09172643997	-1.3351365844	0.96458096404	0.3005563287	0.0
48	2014-09-04	53.080002	54.299999	55.879002	52.299999	8197700	-0.378477985445	-0.54287555861	-1.2199969999999993	0.385458758267	1.14364530962	-0.870175874667	-2.38165959323	-1.70238915816	1.0
49	2014-09-05	58.75	54.25	59.240002	53.509998	7628400	-0.315113593983	2.21929407294	4.5	1.69503266674	1.52073574232	-0.635945845847	3.93961370389	3.58271607534	1.0
50	2014-09-08	63.52	58.150002	63.720001	57.040001	12161700	0.697108780801	2.46554420276	5.3699980000000025	2.0111349666	2.20905063373	-1.07328641432	0.229635888298	-2.6950784178	1.0
51	2014-09-09	64.190002	63.470001	68.290001	63.259998	13437600	-0.0492022242897	0.343068431231	0.7200010000000034	0.842987534587	2.46969759241	-0.635945845847	-0.595725598009	-0.0569812998872	1.0
52	2014-09-10	68.470001	67.110001	69.300003	64.75	12362300	-0.331242082134	0.576826534451	1.3599999999999994	0.402737654717	3.00464839148	-1.05991813666	2.1669527255	1.61603539625	0.0
53	2014-09-11	68.279999	70.644997	70.900002	66.260002	15041100	0.121272141811	-0.831349939874	-2.364998	0.390663100455	2.7482829196	-0.871361628789	-1.26057835634	-2.04931182586	1.0
54	2014-09-12	69.18	68.739998	70.169998	67.650002	8381800	-0.884421044797	0.213550482139	0.4400020000000069	-0.749363085212	2.51913997035	-1.6575272413	0.833933568782	1.45170475418	0.0
55	2014-09-15	67.199997	69.550003	71.419998	66.169998	10120900	0.107232447972	-0.839512158295	-2.3500060000000076	0.766849582386	2.03918379764	-1.32383329103	-1.16725994961	-1.18209957659	0.0
56	2014-09-16	65.230003	65.400002	66.690002	63.419998	8574000	-0.442299881972	-0.0222790461559	-0.16999900000000423	-0.239849218539	1.47564283084	-1.05991813666	-0.236130451972	0.696195710427	1.0
57	2014-09-17	67.220001	67.0	68.209999	66.309998	5890600	-0.686508702603	0.131868360846	0.22000099999999634	-1.05950880975	1.17188452343	-0.859736631024	1.32873189856	0.672938278504	0.0
58	2014-09-18	66.330002	68.099998	68.669998	66.010002	5871800	-0.214068975561	-0.635197163132	-1.7699960000000061	-0.635134485395	0.0844394092264	-0.719269849498	-1.1340762255	-1.48725638707	1.0
59	2014-09-19	67.199997	66.050003	67.300003	64.099998	5928500	-0.194474827928	0.502037927546	1.1499939999999924	-0.316528578723	-0.332017456336	-0.635945845847	0.833515122909	1.28263076013	1.0
60	2014-09-22	68.269997	67.050003	68.900002	66.5	4185500	-0.657583965676	0.522589072594	1.2199939999999998	-0.789731586572	-0.405038816061	-0.608325704494	0.174889157704	-0.534432915729	1.0
61	2014-09-23	72.879997	68.849998	73.419998	68.339996	8066500	1.20493788681	1.57953115729	4.029999000000004	0.574803300812	-0.282010431201	0.467113999986	1.87786942111	0.861723855178	1.0
62	2014-09-24	78.459999	74.5	78.839996	73.849998	12110400	0.555357779267	1.43859728709	3.9599989999999963	0.332152507652	0.458433900988	-0.711421206965	1.30924225011	-0.532476136065	1.0
63	2014-09-25	81.309998	81.5	81.639999	76.208	14393300	0.0782894605684	-0.0152552515186	-0.1900020000000069	0.388004509034	1.45919633652	0.0601644275954	0.0757602470032	-0.566469083434	1.0
64	2014-09-26	82.099998	79.0	82.400002	77.510002	13003700	-0.356441462104	1.07402179855	3.0999979999999994	0.161156524003	2.36378500135	0.467113999986	0.00898625637558	0.197889704568	1.0
65	2014-09-29	90.940002	81.989998	91.769997	80.0	26687400	1.39564141201	2.90606701434	8.950004000000007	3.00283269964	4.59482420933	-0.046887683725	4.05325923148	2.03245894296	1.0
66	2014-09-30	93.699997	94.775002	96.449997	88.529999	31756100	0.0804568933187	-0.25137457611	-1.0750050000000044	1.04042277001	6.32391696059	-0.635945845847	-1.22864524165	-3.21733154566	0.0
67	2014-10-01	91.800003	92.309998	93.959999	88.870003	12921800	-1.11372182222	-0.0989321976372	-0.5099949999999893	-0.0428654212063	6.8550328586	-0.228996273365	-0.921718905872	0.834625590907	0.0
68	2014-10-02	85.459999	87.419998	88.949997	79.129997	27451200	1.50562660646	-0.541638049988	-1.9599990000000105	2.15430270152	5.60334802809	0.0410767249802	-2.09880084229	-0.403783615206	1.0
69	2014-10-03	86.970001	88.5	89.800003	86.529999	12098400	-1.06214893495	-0.407158267593	-1.5299990000000037	-0.721913178155	4.08581274188	0.19646393965	2.38511723106	2.36536034074	1.0
70	2014-10-06	93.790001	89.480003	94.314003	88.5	13048900	-0.0893841388471	1.30792152365	4.309998000000007	0.264389983288	2.77043200368	0.609132937092	2.160316777	-0.821087498899	1.0
71	2014-10-07	93.849998	92.349998	98.470001	91.220001	20856600	0.703324230036	0.471423023414	1.5	0.807950769246	1.69287602165	0.754821495308	-1.81427643704	-2.09037947629	0.0
72	2014-10-08	89.93	91.0	92.769997	87.160004	13035800	-0.781079913218	-0.262262568586	-1.0699999999999932	0.210336733383	0.967171989014	0.660525883091	-1.22698099751	0.940639298743	0.0
73	2014-10-09	89.18	91.300003	92.379997	87.300003	8016500	-0.79642239244	-0.562591975322	-2.120002999999997	-0.0051378907867	0.47904049474	0.887718837861	0.814023566581	1.0856982013	0.0
74	2014-10-10	85.050003	87.910004	89.889999	83.57	7150000	-0.374048104359	-0.80661663751	-2.860000999999997	0.627360221066	0.198197179957	0.287357382365	-1.9785165044	-1.70541993542	0.0
75	2014-10-13	76.669998	82.349998	83.400002	73.279999	13263500	1.0948051134	-1.76144484134	-5.679999999999993	2.66956464119	1.38627164388	0.22318531462	-2.6732350748	0.00613358052433	0.0
76	2014-10-14	75.029999	78.599998	80.931	74.440002	6766800	-0.956218848135	-1.14427410525	-3.5699989999999957	1.05770810449	2.3223882951	0.326280817092	1.35528125024	2.1680469114	0.0
77	2014-10-15	72.870003	71.029999	74.849998	68.339996	8720400	0.231097962784	0.724591010196	1.8400039999999933	1.28295036931	3.31414757436	0.22318531462	-1.19131276918	-1.85863506975	0.0
78	2014-10-16	72.690002	69.099998	74.879997	68.599998	6142800	-0.659992435038	1.40713881153	3.5900040000000075	1.21144064838	4.30413841577	0.964379953101	0.42207980474	1.01752692258	1.0
79	2014-10-17	74.629997	75.800003	76.75	72.790001	4706900	-0.565696878744	-0.358613520856	-1.1700060000000008	-0.142487661063	4.70890968341	0.558329147001	0.771303017658	0.00689469605931	1.0
80	2014-10-20	76.0	75.029999	77.589996	74.801003	3641600	-0.554371501306	0.384578602377	0.9700009999999963	-0.734664214228	3.79716281584	0.754821495308	0.0600033480878	-0.444274782235	1.0
81	2014-10-21	80.919998	77.959999	82.790001	77.110001	7325200	1.33347956376	1.04068448005	2.9599990000000105	0.56782784948	2.35337672106	0.870119057444	2.02095795997	1.05435933691	0.0
82	2014-10-22	80.089996	84.0	84.949997	79.68	8232300	-0.0203452378502	-1.17382588078	-3.9100040000000007	0.293991243082	1.43719653467	1.06353094055	-1.68030959516	-2.07414066217	0.0
83	2014-10-23	79.150002	82.419998	82.809998	77.879997	7535900	-0.338214622742	-0.993740596855	-3.269996000000006	0.173159642442	0.480976298985	1.15782655277	0.233371167842	1.45713902192	0.0
84	2014-10-24	71.910004	75.629997	76.5	70.290001	12231200	0.741018408667	-1.24297570006	-3.7199930000000023	1.04560716064	0.120747269787	1.11433473064	-3.08591370271	-1.76955210269	0.0
85	2014-10-27	64.910004	66.959999	69.849998	64.75	9277500	-0.577494441716	-0.756358927465	-2.0499949999999956	0.788192169612	0.935648388534	1.15782655277	-1.15647458914	1.39831760469	1.0
86	2014-10-28	69.300003	66.599998	70.900002	66.599998	7810700	-0.450323082305	1.10808836096	2.7000050000000044	0.25815322024	1.13929238594	1.15782655277	3.44771554536	2.02885712845	0.0
87	2014-10-29	67.889999	69.300003	69.300003	66.550003	3096400	-1.12970037812	-0.487291559331	-1.4100040000000007	-0.615693876357	1.40965222461	1.15782655277	-2.48534964275	-3.71304290868	1.0
88	2014-10-30	68.25	68.790001	69.739998	64.140999	10835400	3.60254254476	-0.15985741124	-0.5400010000000037	0.952644204586	1.61332007504	1.15782655277	0.95089493463	2.42847501897	1.0
89	2014-10-31	77.099998	80.699997	81.129997	76.0	17868900	0.780769451514	-1.1230454894	-3.599998999999997	0.323606212273	1.70362407704	1.06353094055	3.82928849391	1.09365871277	1.0
90	2014-11-03	84.32	77.639999	85.400002	76.5	15492600	-0.412016294846	2.30022855321	6.68000099999999	2.0148462703	2.47665738413	1.14019205579	0.767573461727	-2.06163069311	0.0
91	2014-11-04	82.269997	84.889999	87.5	81.669998	13886500	-0.367306105723	-0.762864327031	-2.6200019999999995	0.502003428521	2.62136396533	1.05867556532	-2.28419426306	-1.11013765605	0.0
92	2014-11-05	75.889999	84.5	85.5	75.5	11808000	-0.43747389102	-2.624014666	-8.610000999999997	2.57221651649	2.38937976364	1.14019205579	-1.70353381808	0.920106509686	1.0
93	2014-11-06	78.760002	77.800003	79.5	76.629997	5230300	-1.05876085542	0.369149181147	0.9599989999999963	-0.7448252788	2.36084805023	1.14019205579	3.00475850754	2.33092157339	1.0
94	2014-11-07	79.059998	79.790001	80.400002	77.769997	4447300	-0.437514856938	-0.193895811762	-0.7300030000000106	-0.878596800885	2.47537766669	1.14019205579	-1.21246890145	-2.85669635811	0.0
95	2014-11-10	75.75	75.800003	78.099998	75.0	9283100	1.44911656295	0.028545650137	-0.050003000000003794	-0.584789858848	1.66420695956	1.09670023366	-1.34601501631	0.396214930383	0.0
96	2014-11-11	75.0	75.75	77.264999	74.010002	4419700	-1.00819449967	-0.213598284007	-0.75	-0.499126105498	1.32260022397	0.964379953101	0.65683150637	1.16252509612	1.0
97	2014-11-12	76.849998	74.099998	78.440002	74.080002	4312800	-0.246089246383	1.01825098738	2.75	0.0503723213978	0.71664636993	0.770968069996	0.800336749138	-0.226304218462	0.0
98	2014-11-13	76.470001	77.849998	79.650002	75.919998	4917200	0.00452623092173	-0.418641025146	-1.379997000000003	-0.304807661516	0.0535525352196	0.467113999986	-0.7595524454	-0.874155227149	1.0
99	2014-11-14	79.150002	77.989998	79.489998	76.75	4457500	-0.351779628609	0.435557237434	1.1600040000000007	-0.812270362568	0.049722821803	0.0601644275954	1.49961309884	1.33595590435	1.0
100	2014-11-17	81.5	79.739998	83.440002	78.800003	8809100	1.27965739487	0.624161608078	1.760002	0.0423266252377	-0.149114791518	-0.274080638495	0.275672026629	-0.885718526106	1.0
101	2014-11-18	84.099998	83.699997	85.779999	82.199997	10270600	0.0438232773765	0.171050971648	0.40000100000000316	-0.518499827725	-0.0111712093695	0.0745034891023	0.739368326903	0.338402453871	0.0
102	2014-11-19	79.089996	85.220001	86.0	79.050003	8276700	-0.505277816433	-1.83894173053	-6.130004999999997	1.0612671197	-0.0554908514414	-0.871361628789	-2.83249817042	-1.75988310428	0.0
103	2014-11-20	71.739998	72.845001	75.099998	71.580002	24117500	2.7096757776	-0.351638494519	-1.1050029999999964	-0.291624883443	0.257570908878	0.887718837861	-1.66993932106	1.13422337126	0.0
104	2014-11-21	70.720001	73.599998	73.599998	70.550003	10846300	-1.04841781217	-0.97947622803	-2.879997000000003	-0.533675492219	0.578439962557	0.694306954756	1.26610748581	1.37310700702	1.0
105	2014-11-24	72.540001	71.010002	73.089996	69.800003	6378800	-0.837374082512	0.610391969883	1.5299990000000037	-0.399141360956	0.710007848233	0.887718837861	0.529916819178	-0.894817220159	1.0
106	2014-11-25	74.709999	73.839996	75.709	73.269997	8443200	0.284370740137	0.354553310637	0.870002999999997	-0.888981038726	0.718042975432	0.887718837861	0.390144574804	-0.0931832115558	1.0
107	2014-11-26	79.050003	76.050003	79.349998	74.849998	13850000	0.767426419579	1.07945220608	3.0	0.0601540611814	0.756105470687	0.887718837861	1.51413249459	0.60161311548	0.0
108	2014-11-28	77.970001	80.379997	80.610001	75.919998	8840800	-0.760789281254	-0.73978113412	-2.4099960000000067	0.105702385597	0.761462378638	0.815913097852	-1.55961817568	-1.64079056354	0.0
109	2014-12-01	73.5	77.0	77.0	73.389999	6306300	-0.646418248585	-1.14518357941	-3.5	-0.318663453587	0.799570812303	0.815913097852	-1.35265295562	0.565032032854	1.0
110	2014-12-02	73.889999	74.599998	75.419998	73.550003	3765600	-0.823634864931	-0.203547681017	-0.7099989999999963	-1.17725491614	0.618750714033	0.815913097852	1.3992427448	1.4257994815	0.0
111	2014-12-03	73.650002	74.120003	75.300003	72.449997	4223300	-0.0238302270854	-0.120320460825	-0.47000099999999634	-0.672848087346	0.0438249146254	0.660525883091	-0.580378849876	-1.41933949166	0.0
112	2014-12-04	71.980003	73.010002	74.5	71.279999	3955500	-0.305907868173	-0.323822293655	-1.0299990000000037	-0.452673571378	-0.0846799686681	0.826627235318	-0.646741652835	0.15644104463	1.0
113	2014-12-05	72.18	72.25	73.75	71.0	5558700	0.408931877862	0.0204442108804	-0.06999999999999318	-0.691416892304	-0.0981289696049	0.908143725789	0.569317797049	0.676480185343	0.0
114	2014-12-08	67.650002	72.25	72.330002	66.300003	9027200	0.742420270368	-1.62241273004	-4.599997999999999	1.12186580268	0.11748375772	1.09670023366	-2.25018040771	-1.54746850638	1.0
115	2014-12-09	67.900002	65.0	68.75	64.360001	6157300	-0.694054123586	1.21485749767	2.9000020000000006	0.363008511576	0.344459469976	1.34638306064	1.45896690336	2.20260155163	0.0
116	2014-12-10	62.759998	66.849998	68.5	62.599998	6554600	-0.11079501139	-1.55727272845	-4.089999999999996	1.30415892695	1.04656018172	-0.308737853807	-2.7802402575	-2.54786916974	0.0
117	2014-12-11	60.049999	64.0	64.440002	57.919998	14233100	1.57739353927	-1.57134372572	-3.9500010000000003	1.83455917244	1.48932086879	-0.449196851153	0.289776253059	2.02696361134	1.0
118	2014-12-12	60.52	62.560001	63.27	60.52	7530500	-0.927392272166	-0.808593039936	-2.0400009999999966	-0.442518387829	1.49861627517	-0.449196851153	0.587982996397	-0.193831240304	0.0
119	2014-12-15	57.0	61.610001	61.849998	56.860001	5383500	-0.644016274757	-1.91477124431	-4.610000999999997	1.04412654175	2.07623695935	0.326280817092	-1.95404772748	-1.39697445154	1.0
120	2014-12-16	58.27	55.91	60.200001	55.549999	4913500	-0.342347904402	1.15184828752	2.3600000000000065	0.942735344443	2.05209582018	0.419677662927	1.65348770325	2.13689592661	1.0
121	2014-12-17	59.5	60.0	60.439999	57.900002	2415600	-0.984519919964	-0.172522054738	-0.5	-0.524508226248	1.60908028598	0.575064877688	-0.0864077480602	-1.3155350893	0.0
122	2014-12-18	57.09	60.91	61.029999	56.5	4942500	1.38615945978	-1.59745999391	-3.819999999999993	0.766743866229	1.27427226383	0.741166229915	-1.33813700234	-0.463862992461	0.0
123	2014-12-19	53.900002	57.200001	57.5	53.77	6385800	0.236152937975	-1.4658407404	-3.2999989999999997	0.403778572885	0.818391431102	0.670224539635	-0.640518924308	0.606224180297	1.0
124	2014-12-22	58.0	54.189999	58.0	53.639999	6400300	-0.205738637247	1.88806767765	3.8100009999999997	0.802376058067	0.406649858763	0.670224539635	2.60991013659	1.52619248249	1.0
125	2014-12-23	61.540001	59.709999	61.990002	58.299999	13412700	1.46174396912	0.848883310034	1.8300019999999932	0.167124717676	-0.121956792373	1.00446960573	0.173229807671	-1.74446521228	1.0
126	2014-12-24	66.410004	63.5	66.699997	62.669998	11264400	-0.453474160044	1.24659948124	2.9100040000000007	0.211470125654	0.181438026838	1.17057095795	1.54731136606	0.920609015136	1.0
127	2014-12-26	69.230003	68.059998	69.75	67.449997	14035200	0.165938130576	0.496268897866	1.1700050000000033	-0.863800068707	0.863706300457	1.25208744842	0.17944867898	-0.778376216226	0.0
128	2014-12-29	64.739998	67.830002	68.800003	64.669998	8152300	-0.848448778258	-1.14781891096	-3.0900039999999933	0.22141173861	1.00763761052	1.40747466318	-2.45009571274	-1.08410503693	1.0
129	2014-12-30	65.400002	66.269997	67.400002	64.760002	6389000	-0.539070990335	-0.298154379609	-0.869995000000003	-0.615322132172	1.03435902329	1.34638306064	1.85174349236	2.56620921987	0.0
130	2014-12-31	63.220001	65.059998	65.779999	62.810001	4843100	-0.578216983597	-0.69521118479	-1.8399969999999897	-0.381532224315	0.966730569265	1.15782655277	-1.54551631335	-2.24277414339	1.0
131	2015-01-02	66.870003	64.900002	66.900002	64.080002	5431400	-0.0239459972862	0.841186098211	1.9700009999999963	-0.513526872882	1.06775357728	1.17057095795	2.36603748453	2.25675132667	0.0
132	2015-01-05	66.190002	67.599998	68.5	65.629997	5382100	-0.22304463421	-0.500695414803	-1.4099959999999925	-0.50971174284	0.869076121048	0.982014450078	-1.5376350643	-2.40767337132	0.0
133	2015-01-06	64.849998	66.849998	67.25	63.310001	3777800	-0.663801966751	-0.738083042569	-2.0	0.128198322249	0.0931327694202	1.02003911842	-0.0980222443579	1.1889369178	0.0
134	2015-01-07	62.450001	65.589996	66.449997	60.25	6662000	0.955145223006	-1.20855472221	-3.139994999999999	1.52278744663	-0.216863203222	1.06353094055	-0.749183083759	-0.393983466886	0.0
135	2015-01-08	60.09	61.43	61.939999	59.5	6881400	-0.158975680899	-0.525732157085	-1.3399999999999963	-0.613146838316	-0.125426604673	1.02003911842	-0.477937709279	0.190241272772	1.0
136	2015-01-09	60.84	60.049999	61.700001	58.799999	4212300	-0.800741442972	0.390540804055	0.7900010000000037	-0.318509024537	-0.0383786993624	0.646870617697	0.841398736061	0.605024876977	0.0
137	2015-01-12	56.779999	59.860001	60.0	56.345001	5025600	0.0852591563409	-1.30236805218	-3.0800020000000004	0.23515234305	0.10369459191	0.826627235318	-2.25267134063	-1.72936746809	0.0
138	2015-01-13	49.869999	57.060001	57.200001	48.23	15263400	2.89760826799	-3.25586349691	-7.190002	4.19535231242	1.24042278805	0.646870617697	-1.89847011908	0.618733966134	1.0
139	2015-01-14	52.34	50.849998	52.700001	49.75	7189800	-1.01590131107	0.813608241901	1.490002000000004	0.028089689375	1.65842438142	0.887718837861	2.8094089451	2.35170906798	0.0
140	2015-01-15	48.580002	52.990002	53.0	48.41	4720700	-0.732944115706	-2.13481081065	-4.409999999999997	1.27923848351	2.47518400195	0.826627235318	-2.99259230974	-3.59110403959	0.0
141	2015-01-16	47.509998	47.849998	48.470001	45.360001	10652500	1.70715378304	-0.140350991682	-0.3399999999999963	0.331426143374	2.68666950186	0.964379953101	0.821487655498	2.58459067781	0.0
142	2015-01-20	47.34	47.099998	48.93	46.119999	4575000	-1.07930202872	0.179346608489	0.24000200000000405	0.115981262777	2.47241069294	0.964379953101	-0.0656677805147	-0.812237129159	1.0
143	2015-01-21	50.290001	47.790001	50.669998	47.52	5059900	-0.0475585550816	1.41653098819	2.5	0.293999872481	1.76607540529	0.728387108168	1.31960974535	0.683112379078	0.0
144	2015-01-22	48.349998	50.799999	51.299999	47.66	5123700	-0.189971809572	-1.21786411509	-2.4500010000000003	0.640307711946	1.23798571901	0.779190898259	-1.74252418894	-1.68943698304	1.0
145	2015-01-23	52.509998	48.799999	52.509998	48.439999	7275300	0.431231533652	2.03784995043	3.7099990000000034	0.901176763685	0.72843052058	1.02003911842	2.71899303224	2.61574154887	0.0
146	2015-01-26	50.41	52.310001	53.175999	49.799999	5178000	-0.648850116155	-0.905888357371	-1.9000010000000032	0.350475977008	-0.00800392346176	1.06353094055	-2.31363905778	-3.03492738069	1.0
147	2015-01-27	51.419998	49.240002	51.959999	49.049999	3430700	-0.723839055435	1.20588190682	2.1799960000000027	0.0522911327021	-0.327304155453	1.06353094055	1.42868915706	2.45595571431	1.0
148	2015-01-28	51.459999	51.389999	54.130001	51.099998	4830100	0.412891060004	0.0815215573012	0.07000000000000028	0.0938298851134	-0.310042621764	0.982014450078	-0.436044637174	-1.31806057485	0.0
149	2015-01-29	50.84	51.919998	51.919998	49.667999	2729800	-0.872365946201	-0.499208835495	-1.0799979999999962	-0.474776557832	-0.34704564354	0.866716887942	-0.197561969448	0.278126907738	0.0
150	2015-01-30	49.75	50.93	51.189999	48.799999	2415300	-0.384907276054	-0.561252254597	-1.1799999999999997	-0.337363096044	-0.360467284098	0.670224539635	-0.300836061622	-0.0300030784092	1.0
151	2015-02-02	52.139999	50.049999	52.240002	49.009998	4097400	0.852925968483	1.13999296913	2.0900000000000034	0.255657889471	-0.387875002186	0.746885654876	1.36855086608	0.824196171948	1.0
152	2015-02-03	54.57	52.650002	55.169998	52.599998	5703800	0.388715924323	1.00135535235	1.9199979999999996	-0.319967874384	-0.372415366493	0.670224539635	0.337472156177	-0.771803759576	0.0
153	2015-02-04	51.869999	54.75	54.75	51.34	6080600	-0.108452185333	-1.33248326353	-2.880001	0.283911099906	-0.376516884216	0.670224539635	-1.72593334304	-0.901577866001	1.0
154	2015-02-05	54.369999	52.77	54.689999	50.5	20340100	3.36726205753	0.840290841977	1.5999989999999968	0.82084266293	-0.401177516361	0.429376319472	2.13916558031	2.25422253678	0.0
155	2015-02-06	47.119999	47.959999	49.75	47.0	23203200	0.00547236347463	-0.413092345919	-0.8400000000000034	0.0533321096704	-0.251592822517	0.14417222736	-4.24432226911	-3.63002360637	0.0
156	2015-02-09	44.48	46.34	46.900002	44.200001	12099500	-0.939021657256	-1.00588067725	-1.8600000000000065	0.114081679073	0.0735002254817	0.14417222736	1.12094322481	3.47480452253	0.0
157	2015-02-10	43.799999	44.610001	45.299999	42.650002	9369400	-0.55331936543	-0.42993551558	-0.8100019999999972	0.132530029419	0.394910571095	-0.0443842805138	-0.132031495934	-1.2349174642	1.0
158	2015-02-11	44.77	43.240002	45.650002	43.02	7070100	-0.583467122312	0.972969310088	1.5299980000000062	0.125675274056	0.554573346081	-0.0443842805138	0.434110051006	0.263786816797	1.0
159	2015-02-12	45.290001	45.0	46.490002	44.807999	4546200	-0.753632225204	0.214690448787	0.2900009999999966	-0.722424967914	0.640225987436	-0.138679892731	-0.0876519287815	-0.318169518425	0.0
160	2015-02-13	45.27	45.16	46.150002	44.299999	5362600	0.0646721464213	0.10965369786	0.11000000000000654	-0.584596625084	0.712961930609	-0.332091775836	-0.0665001929115	0.0914925737336	1.0
161	2015-02-17	50.919998	46.119999	50.950001	46.0	15844300	2.77173181543	2.77287014075	4.799999	1.71778398285	0.653960259659	-0.859736631024	2.63977341866	1.33810590237	0.0
162	2015-02-18	45.209999	49.650002	49.990002	45.200001	24479700	0.621998053954	-2.29733829668	-4.440002999999997	1.67901709133	0.357331142085	-0.332091775836	-4.23395236829	-3.76800854508	0.0
163	2015-02-19	45.16	45.849998	46.43	44.900002	8406100	-1.21059107585	-0.348488826384	-0.6899980000000028	-0.859396287023	0.202225308276	-0.26277734503	2.11676846093	4.08550543312	0.0
164	2015-02-20	45.07	45.200001	45.82	44.5	6538800	-0.547979840596	-0.0295306730268	-0.13000100000000003	-1.02432151624	-0.292615591055	0.302926895062	-0.487060857902	-2.01462635162	0.0
165	2015-02-23	43.950001	44.099998	44.889999	43.130001	7077000	-0.0836733219237	-0.0432911941058	-0.14999699999999905	-0.619957113854	-0.291878321601	-0.26277734503	-0.475861738293	0.173754216475	0.0
166	2015-02-24	43.880001	43.98	44.77	43.52	4607000	-0.741485974905	-0.0137466581925	-0.09999899999999684	-1.05413504708	-0.281236604124	0.660525883091	0.298898945451	0.450230781886	1.0
167	2015-02-25	45.049999	43.75	45.169998	43.650002	4671600	-0.18781655704	0.824412872924	1.2999989999999997	-0.836354856738	-0.299421138706	0.132868933986	0.474339584057	-0.023369279891	0.0
168	2015-02-26	44.66	45.049999	45.68	44.32	4852200	-0.150242885951	-0.18100354313	-0.3899990000000031	-0.983841389646	-0.298205486513	-0.228996273365	-0.510285868853	-0.538793944044	0.0
169	2015-02-27	41.98	43.860001	44.099998	41.66	8275000	0.86661633933	-1.07729688993	-1.880001	0.0157986953828	-0.216477687996	1.15779183621	-0.999282985163	-0.0855396572877	0.0
170	2015-03-02	39.93	40.200001	41.580002	39.700001	9161700	-0.0457818118066	-0.13015578226	-0.2700010000000006	-0.35821432793	-0.0363495806432	0.0933684372696	-0.176409404069	0.522383747375	1.0
171	2015-03-03	40.299999	39.799999	40.98	39.580002	4385700	-1.00423286848	0.375005295234	0.5	-0.809145979789	-0.284944734899	0.19646393965	0.554802341475	0.240219289067	1.0
172	2015-03-04	43.009998	41.049999	43.900002	41.0	10075100	1.76924121032	1.29690248253	1.9599990000000034	0.473548879717	-0.308085836033	-0.293809636392	0.972045716564	0.0409487578462	0.0
173	2015-03-05	41.080002	43.43	43.830002	40.849998	7004100	-0.674066132034	-1.37197690891	-2.3499979999999994	0.531044482743	-0.309616440682	-0.105253128518	-1.62348610555	-1.3609607038	0.0
174	2015-03-06	40.130001	41.009998	41.5	40.0	4248300	-0.809256956973	-0.516421496897	-0.879997000000003	-0.733150770111	-0.306354928114	-0.443764413932	0.364843509915	1.37563268212	0.0
175	2015-03-09	37.950001	40.169998	40.349998	37.799999	7995800	1.13610854311	-1.40224149922	-2.2199969999999993	0.333598020603	-0.203088706254	1.17057095795	-0.865730939313	-0.80541468655	1.0
176	2015-03-10	38.73	37.52	39.470001	37.130001	4786400	-0.821351644142	0.890841077671	1.2099999999999937	0.18637977455	-0.184967241965	1.03281824017	0.92310430551	0.986442706862	0.0
177	2015-03-11	38.169998	38.73	38.939999	37.799999	3038600	-0.766103506969	-0.333032009847	-0.5600019999999972	-1.00912535046	-0.254341890807	0.982014450078	-0.649645059163	-1.01808155123	1.0
178	2015-03-12	39.700001	38.130001	39.799999	37.630001	3968700	0.257621200322	1.1247087476	1.5700000000000003	-0.0251741181642	-0.390839489445	0.826627235318	0.938452629711	0.955296795465	1.0
179	2015-03-13	40.130001	39.360001	40.400002	38.419998	6719300	0.84779872174	0.558426531978	0.7700000000000031	-0.24917274552	-0.419973353093	0.453458734592	-0.281343426932	-0.785769026372	0.0
180	2015-03-16	39.369999	40.150002	40.299999	38.709999	4371200	-0.742154116158	-0.463207568391	-0.7800030000000007	-0.619478639946	-0.417998650748	-0.1122455055	-0.3315283551	0.117966021584	1.0
181	2015-03-17	40.25	39.16	41.279999	38.880001	7358000	0.832879254562	0.775159398675	1.0900000000000034	0.151288287038	-0.418314129934	-0.446490571591	0.670935110668	0.541401514247	1.0
182	2015-03-18	40.669998	40.080002	41.43	39.41	4531800	-0.794987708057	0.431540552171	0.5899959999999993	-0.2411366883	-0.492225539508	-0.911451281414	-0.11378291754	-0.537153723544	0.0
183	2015-03-19	39.529999	40.669998	41.34	39.25	4221400	-0.313660863516	-0.688632442527	-1.139999000000003	-0.162433624879	-0.510006462516	-1.56047952516	-0.555908787218	-0.132606547396	1.0
184	2015-03-20	40.400002	39.75	40.630001	39.299999	5023000	0.0803974598143	0.474297304861	0.6500020000000006	-0.875779903402	-0.506811895968	-1.95885196192	0.775867889268	0.747178838711	1.0
185	2015-03-23	42.080002	40.299999	42.77	39.812	6452500	0.224825582578	1.20315540549	1.7800030000000007	0.579623127546	-0.487073781306	-2.71796808512	0.432449415234	-0.361511600704	0.0
186	2015-03-24	41.830002	42.279999	42.650002	41.104	4587700	-0.649959604837	-0.233047456667	-0.4499969999999962	-0.741127634306	-0.47674710249	-2.49385559555	-0.516507975248	-0.461524533577	1.0
187	2015-03-25	42.299999	43.400002	44.34	41.68	8662300	1.14531996213	-0.618285107781	-1.100003000000001	0.21275411949	-0.488181008218	-2.34816703734	0.439499662054	0.629662801021	1.0
188	2015-03-26	43.23	43.139999	44.099998	42.200001	6655400	-0.562538077599	0.100495210191	0.09000099999999378	-0.46850577698	-0.453089293555	-2.34816703734	0.28023660791	-0.187510317531	0.0
189	2015-03-27	42.700001	43.639999	43.970001	42.299999	4658300	-0.666839106109	-0.518562684631	-0.9399980000000028	-0.668673969561	-0.441230968964	-2.27636129733	-0.459686932686	-0.372062913642	1.0
190	2015-03-30	43.580002	43.75	43.900002	42.650002	4620100	-0.221707993571	-0.0559829618216	-0.16999799999999965	-1.04762825356	-0.439430550279	-2.27636129733	0.645634294632	0.656957891247	0.0
191	2015-03-31	43.41	43.599998	44.450001	42.889999	4639600	-0.202764670582	-0.0683526513105	-0.18999800000000278	-0.775168801944	-0.43871932395	1.11976716786	-0.363879666809	-0.636977999691	0.0
192	2015-04-01	40.889999	43.049999	43.34	40.369999	6865200	0.522379578366	-1.26884988358	-2.1599999999999966	0.540108929196	-0.442693946038	1.17057095795	-1.01421348562	-0.196545780622	1.0
193	2015-04-02	41.959999	40.950001	42.279999	40.720001	3775400	-0.895595055307	0.692088908851	1.009998000000003	-0.708358146878	-0.492702759773	1.17057095795	1.21882496856	1.22526526612	1.0
194	2015-04-06	43.549999	41.700001	43.93	41.68	4376000	0.0334137637515	1.2082818702	1.8499979999999994	-0.137330661333	-0.512578350678	1.05867556532	0.218851523247	-0.819947970572	1.0
195	2015-04-07	43.57	43.599998	44.099998	42.759998	4415800	-0.195330800065	0.0278026208455	-0.02999799999999908	-0.967842511918	-0.508162661404	0.826627235318	-0.350605944904	-0.20981424323	0.0
196	2015-04-08	43.330002	43.540001	44.380001	43.130001	3997000	-0.353843211679	-0.080546566051	-0.20999899999999627	-1.04191648988	-0.512596677416	0.453458734592	0.0297241501482	0.315467463208	1.0
197	2015-04-09	43.700001	43.439999	44.900002	43.41	5450900	0.345547157085	0.202659567452	0.26000200000000007	-0.83772097224	-0.510958103242	0.982014450078	0.253275280528	0.0811936602446	1.0
198	2015-04-10	45.25	44.630001	45.630001	44.349998	6098400	-0.0280394371337	0.409832457579	0.619999	-1.0530751733	-0.476191790362	0.0030520565446	0.592960216988	0.111395422438	0.0
199	2015-04-13	44.220001	45.700001	45.950001	44.080002	5473500	-0.365476989816	-0.802734426714	-1.4799999999999969	-0.559094605152	-0.471858250962	0.453458734592	-0.876099761773	-0.782039341014	1.0
200	2015-04-14	44.48	44.259998	44.91	42.869999	4511200	-0.477329081394	0.176073663171	0.2200019999999938	-0.393887074466	-0.463228725655	0.826627235318	0.559364268328	0.92105088634	1.0
201	2015-04-15	45.669998	45.869999	46.950001	45.599998	7650100	0.851959571444	-0.0684159992572	-0.20000100000000032	-1.01491016584	-0.42962207499	0.964379953101	0.395121753919	-0.251197359803	0.0
202	2015-04-16	45.459999	45.880001	46.360001	45.209999	3531800	-1.03020853558	-0.194034824109	-0.42000199999999666	-1.17748577527	-0.478686910248	1.15779183621	-0.40659731245	-0.420141404368	0.0
203	2015-04-17	44.619999	44.939999	45.57	44.240002	3408600	-0.262401475257	-0.140745781183	-0.3200000000000003	-1.00717279845	-0.517084244599	1.09670023366	-0.210419816958	0.225623968194	1.0
204	2015-04-20	44.880001	45.029999	45.5	44.5	2622500	-0.560922130433	-0.0414511520375	-0.14999799999999652	-1.28812149349	-0.521804085937	1.14019205579	0.358210132901	0.280845453694	0.0
205	2015-04-21	44.310001	44.75	45.450001	43.619999	3379700	0.231141359223	-0.211800537965	-0.43999900000000025	-0.577805129032	-0.528632991954	1.09670023366	-0.392082437532	-0.464053475101	1.0
206	2015-04-22	46.25	44.119999	46.279999	44.049999	4397400	0.250036140295	1.31081123842	2.130001	-0.266694703809	-0.526354553117	0.807977257419	1.08527358631	0.809349127655	0.0
207	2015-04-23	46.080002	46.0	46.73	45.650002	3745300	-0.435360766791	0.0914009072483	0.08000200000000035	-1.24240283451	-0.530390021701	1.25208744842	-0.674943262246	-1.06388667785	0.0
208	2015-04-24	44.73	46.209999	46.439999	44.599998	4017200	-0.0984835250933	-0.793368647798	-1.4799990000000065	-0.601530897986	-0.52956293016	1.17057095795	-0.392498187501	0.36632609448	1.0
209	2015-04-27	45.189999	45.09	46.049999	44.75	3671300	-0.340519244634	0.103941085633	0.09999899999999684	-1.04113895138	-0.535581458546	1.11976716786	0.600840843907	0.506652689	1.0
210	2015-04-28	47.02	45.869999	47.099998	45.389999	12508000	3.46164461642	0.702745376316	1.1500010000000032	-0.739006675822	-0.518201744962	0.964379953101	0.602500152465	-0.168305050134	1.0
211	2015-04-29	52.959999	52.009998	54.060001	51.150002	30817700	2.02328730608	0.524435071889	0.9500010000000003	-0.0371604374464	-0.132115298309	-2.77213932815	2.2299956256	0.739912698985	0.0
212	2015-04-30	50.080002	52.095001	52.57	49.43	10703400	-1.20460852479	-0.967656910934	-2.014999000000003	0.189624930459	-0.0358236605779	-1.90112781232	-2.87355663193	-2.73848292865	0.0
213	2015-05-01	49.98	49.709999	51.209999	49.52	4560500	-1.08448289509	0.188148982826	0.2700009999999935	-0.848753656718	-0.00204384744898	-1.50152492437	1.29638207997	2.79460175364	0.0
214	2015-05-04	49.740002	50.009998	50.75	49.555	3805800	-0.46158329686	-0.0956315611082	-0.2699960000000061	-1.22348460878	-0.00795074866836	-1.77423996898	-0.306225921522	-1.24154851437	0.0
215	2015-05-05	47.740002	49.599998	50.349998	47.66	4994100	0.266983809222	-0.936754036368	-1.8599960000000024	-0.0437260882947	-0.0995896668226	-1.58568346111	-0.837943752657	-0.166348055657	1.0
216	2015-05-06	48.189999	47.98	48.290001	46.5	4238000	-0.440098430209	0.160512879128	0.20999900000000338	-0.723631616258	-0.124449824064	-1.44793074332	0.779183810479	0.909679327314	1.0
217	2015-05-07	49.549999	48.0	49.93	47.580002	3609600	-0.435338373465	0.891946261842	1.5499989999999997	-0.31086585853	-0.152019959609	-1.44793074332	0.337057526046	-0.447813997588	1.0
218	2015-05-08	50.209999	50.0	50.720001	49.700001	3467800	-0.269113508627	0.155879712322	0.20999900000000338	-1.35923112274	-0.260726608631	-1.58568346111	-0.0432735229416	-0.180436492677	0.0
219	2015-05-11	48.849998	50.040001	50.23	48.669998	2839500	-0.485519476381	-0.577287521761	-1.1900029999999973	-0.937483084994	-0.383141794899	-1.87733547145	-0.686143294314	-0.233507203043	1.0
220	2015-05-12	49.57	48.52	49.689999	47.73	3601800	0.200228714054	0.612863219647	1.0499999999999972	-0.620483198248	-0.431525929163	-1.65691213913	0.791214098221	0.844793872565	1.0
221	2015-05-13	49.849998	49.32	50.27	49.029999	2748900	-0.57034067663	0.327403365757	0.5299979999999991	-1.18400827382	-0.518955400132	-1.49475530192	-0.180973363218	-0.684932871613	1.0
222	2015-05-14	50.619999	49.959999	50.790001	49.540001	3415200	0.160462110974	0.391977955375	0.6599999999999966	-1.18972603718	-0.51128203913	-0.670603061159	0.342864421654	0.346996216345	0.0
223	2015-05-15	50.09	50.619999	50.619999	50.0	1990100	-0.845594253459	-0.228511597478	-0.5299989999999966	-1.66235203714	-0.510292515607	-0.670603061159	-0.428995012486	-0.423744349809	1.0
224	2015-05-18	51.130001	50.560001	52.189999	50.41	4452400	1.67775546528	0.341228409553	0.5700000000000003	-0.807183518097	-0.491009885079	-0.046887683725	0.7053589509	0.660053662204	1.0
225	2015-05-19	51.849998	51.5	52.59	51.25	4515500	-0.187587806002	0.223903469455	0.34999799999999937	-1.14920290303	-0.490423961515	0.390452884746	-0.00428792175907	-0.498802647841	1.0
226	2015-05-20	53.880001	52.700001	54.490002	52.119999	6493700	0.458927367294	0.632523620798	1.1799999999999997	-0.450532550983	-0.425577749002	0.558329147001	0.81651524606	0.467102644833	0.0
227	2015-05-21	53.5	54.259998	54.259998	52.93	4226000	-0.741787101094	-0.321174706774	-0.7599980000000031	-1.19618392153	-0.380087361624	0.420576429218	-0.689877205168	-0.837008989371	1.0
228	2015-05-22	54.439999	53.509998	54.98	53.509998	4252700	-0.199566029635	0.50122533418	0.9300009999999972	-1.10008498528	-0.306554711872	0.132868933986	0.720704703623	0.900203496713	0.0
229	2015-05-26	53.41	54.490002	54.529999	52.220001	4414700	-0.151105607838	-0.473504146652	-1.0800020000000004	-0.512941497655	-0.33912461018	0.390452884746	-0.761212749369	-0.887108444746	0.0
230	2015-05-27	53.279999	53.27	53.939999	51.91	4447500	-0.197870597116	0.0507488148122	0.00999899999999343	-0.690534176109	-0.372220163665	0.556554236972	0.330834507191	0.713503214989	1.0
231	2015-05-28	56.810001	55.040001	57.84	55.029999	15833500	3.6951702842	0.888455690003	1.7700000000000031	-0.233038498054	-0.291072817309	0.419677662927	1.5759298038	0.478663707203	0.0
232	2015-05-29	55.459999	56.5	56.700001	55.081001	5235400	-1.23001660272	-0.436477946881	-1.0400009999999966	-1.03655054341	-0.298553305127	0.754821495308	-1.63842087798	-1.80322633013	1.0
233	2015-06-01	58.52	56.900002	59.599998	56.330002	11411800	1.59000691907	0.79183561239	1.6199980000000025	0.00873930449988	-0.235495787199	0.822682720386	2.09395816307	2.27741069137	0.0
234	2015-06-02	58.400002	58.389999	59.919998	58.150002	8587900	-0.586592239411	0.0503193441486	0.010002999999997542	-0.984187083525	-0.216568775943	1.11433473064	-1.04200179212	-1.99011303831	1.0
235	2015-06-03	59.029999	59.990002	60.43	58.700001	10890800	0.199761429012	-0.373477615765	-0.9600030000000004	-1.03091051018	-0.20299395804	0.807977257419	0.589225559575	1.1550077321	0.0
236	2015-06-04	58.880001	58.77	58.919998	57.779999	4464700	-1.10907964218	0.0948739279243	0.1100009999999969	-1.39607244339	-0.168706829527	0.807977257419	-0.248160076106	-0.55503008563	1.0
237	2015-06-05	59.41	58.240002	59.700001	58.240002	3586900	-0.509048289578	0.57221531577	1.1699979999999996	-1.19110038478	-0.169904025396	0.420576429218	0.350742269717	0.369610989698	0.0
238	2015-06-08	59.400002	59.77	61.189999	58.630001	7096700	1.28310841438	-0.116371282286	-0.3699980000000025	-0.507424701642	-0.176751210599	0.420576429218	-0.157744163246	-0.320125887416	0.0
239	2015-06-09	58.68	59.23	59.66	57.75	4306900	-0.808733895834	-0.197479796003	-0.5499999999999972	-0.905555501592	-0.293667760897	0.317480926838	-0.268486574833	0.00581849346442	0.0
240	2015-06-10	57.91	56.419998	58.43	55.150002	9230400	1.53423077787	0.73781026258	1.490001999999997	0.035686983983	-0.462039121614	0.779190898259	-0.129956230031	0.103498666329	0.0
241	2015-06-11	55.990002	57.810001	58.41	55.709999	6431500	-0.67164951041	-0.779081732071	-1.8199990000000028	-0.338322774546	-0.439780636775	1.02003911842	-0.698999482806	-0.293339311098	1.0
242	2015-06-12	57.450001	55.43	58.290001	55.349998	6062600	-0.296678295446	1.00070502878	2.0200010000000006	-0.163523854897	-0.493902860529	0.887718837861	1.17278605137	0.99054926341	1.0
243	2015-06-15	58.52	56.619999	58.529999	56.5	4325600	-0.646156752187	0.925103173844	1.9000010000000032	-0.797648105933	-0.493902860529	0.815913097852	-0.0818454479286	-0.892667702314	0.0
244	2015-06-16	58.189999	58.169998	59.049999	57.835999	4108100	-0.28588633068	0.0548398573357	0.0200010000000006	-1.34005114945	-0.493709064475	0.670224539635	-0.326965640214	0.00866314121615	1.0
245	2015-06-17	59.0	58.259998	59.25	57.820999	3679900	-0.368166641922	0.378644861494	0.7400019999999969	-1.20791140967	-0.494010885094	0.19646393965	0.567246098035	0.525290065533	0.0
246	2015-06-18	58.279999	59.049999	59.73	57.830002	3843000	-0.141606711419	-0.295842276987	-0.7700000000000031	-0.905945153944	-0.496414734569	-0.293809636392	-0.577892728108	-0.680951778738	0.0
247	2015-06-19	57.970001	58.209999	58.650002	57.560001	5088800	0.285193196346	-0.0622007717054	-0.23999799999999993	-1.41926403834	-0.50676476914	-0.515792908389	0.147929862619	0.498123275781	0.0
248	2015-06-22	54.919998	57.709999	57.900002	54.5	8434400	0.793460466731	-1.22092520581	-2.7900010000000037	0.148612202766	-0.456010868053	-0.515792908389	-1.34809314402	-0.800742867444	1.0
249	2015-06-23	56.759998	55.400002	57.400002	55.389999	6402900	-0.576533458103	0.689062231543	1.3599960000000024	-0.77578244806	-0.459612111887	-0.198283572985	1.71238380434	1.69798329767	1.0
250	2015-06-24	57.049999	56.669998	57.599998	56.200001	3447700	-0.913093743379	0.221530277073	0.38000100000000003	-1.19854346491	-0.459921817898	0.212256206886	-0.641763893063	-1.5840525648	0.0
251	2015-06-25	56.91	57.07	57.599998	56.209999	3361800	-0.247199511314	-0.0276295985227	-0.1600000000000037	-1.20727006106	-0.473850865014	0.0745034891023	0.0176958117531	0.57728710052	0.0
252	2015-06-26	54.130001	57.0	57.049999	53.57	11049900	3.27853038913	-1.27347832405	-2.869999	0.233565421388	-0.39668361185	-0.00215762613795	-1.19048413105	-0.599574459663	0.0
253	2015-06-29	53.209999	52.810001	53.709999	52.110001	3234800	-1.28783074057	0.244294300302	0.39999800000000363	-0.989002499282	-0.313619274233	-0.293809636392	0.388899854902	0.948092313508	0.0
254	2015-06-30	52.720001	53.810001	54.110001	51.950001	4639900	0.453252435055	-0.484935456625	-1.0899999999999963	-0.598302035513	-0.238640309084	0.135595091646	-0.173919383608	-0.488375465468	0.0
255	2015-07-01	51.950001	53.16	53.34	51.189999	3843900	-0.470839354231	-0.55057220374	-1.2099989999999963	-0.584828343521	-0.210342329933	0.205263829904	-0.272218536341	-0.025455585728	0.0
256	2015-07-02	51.75	52.0	52.290001	51.299999	2262000	-0.836830458692	-0.0801421140112	-0.25	-1.40719254818	-0.205590060531	0.135595091646	0.104793812581	0.215642883795	0.0
257	2015-07-06	50.939999	50.619999	51.150002	49.400002	6593600	2.71126133115	0.211471376231	0.3200000000000003	-0.827754747908	-0.212921446572	0.135595091646	-0.362219694644	-0.277227963472	1.0
258	2015-07-07	52.25	51.77	52.830002	50.349998	5204100	-0.530591272835	0.288772564906	0.4799999999999969	-0.329598853033	-0.200281209374	0.135595091646	0.829370978322	0.639014747459	0.0
259	2015-07-08	51.25	51.759998	52.700001	51.130001	2675500	-0.950222503123	-0.212344244356	-0.5099980000000031	-0.977716266382	-0.242736819697	0.135595091646	-0.890617208169	-1.00904746547	1.0
260	2015-07-09	52.040001	51.889999	52.689999	51.860001	1928100	-0.635235442948	0.121575358979	0.15000199999999353	-1.52445628298	-0.361477932798	-0.00215762613795	0.77254947953	1.03894699215	1.0
261	2015-07-10	52.509998	52.25	53.290001	52.139999	2588500	0.313162665088	0.176214232245	0.25999800000000306	-1.29902912314	-0.507719337275	-0.114053018772	-0.0847503888487	-0.616255328208	0.0
262	2015-07-13	52.110001	52.93	53.200001	51.119999	3750600	0.475484139283	-0.360099344297	-0.8199990000000028	-0.634020755737	-0.536393247783	-0.449196851153	-0.240279366236	0.000325790147906	1.0
263	2015-07-14	54.970001	54.34	55.900002	53.82	9245800	2.025289903	0.349611941938	0.630001	-0.692313385577	-0.485449683531	0.0410767249802	1.47306826799	0.885099870427	0.0
264	2015-07-15	54.5	55.75	56.189999	53.830002	4204400	-1.04077888996	-0.541665217803	-1.25	-0.513154339109	-0.451475349714	0.402941932332	-1.06481395638	-1.4975569622	1.0
265	2015-07-16	55.240002	55.150002	55.369999	54.259998	2912400	-0.677857886585	0.0885904210274	0.0899999999999963	-1.36852726543	-0.401935127356	0.660525883091	0.724438614477	1.20902877072	1.0
266	2015-07-17	56.639999	55.619999	56.720001	55.299999	5496500	1.14397427468	0.526347561386	1.0200000000000031	-1.17304851128	-0.314287805858	0.887718837861	0.398023542705	-0.345843792244	1.0
267	2015-07-20	60.799999	58.650002	61.200001	57.91	14818600	2.37736388872	1.00635716436	2.149996999999999	-0.050671184158	0.00114572094704	0.556554236972	1.56597544557	0.552206427064	1.0
268	2015-07-21	62.040001	61.200001	62.25	59.060001	23962800	0.731895624828	0.405470081899	0.8399999999999963	-0.175652150634	0.357308841546	0.741166229915	-0.512774769477	-1.19315510085	0.0
269	2015-07-22	61.68	62.389999	63.25	60.049999	22582200	-0.297068700042	-0.252352101368	-0.7099990000000034	-0.182626245156	0.472105241507	1.03281824017	-0.16604165997	0.464825079236	1.0
270	2015-07-23	63.950001	61.5	65.25	61.48	18438900	-0.489019888219	1.08966283862	2.4500010000000003	0.138397676498	0.676999639298	0.149604664582	1.25615366676	0.721908308101	0.0
271	2015-07-24	62.169998	65.0	65.019997	61.299999	9639400	-0.937013153224	-1.09497856	-2.8300020000000004	0.0781369154185	0.591913108662	0.287357382365	-1.48786513954	-1.57217539817	0.0
272	2015-07-27	61.27	60.98	62.669998	59.380001	6450000	-0.713810548684	0.170439749121	0.29000000000000625	-0.0982132492511	0.292550749687	0.660525883091	0.307610947881	1.24693845539	1.0
273	2015-07-28	62.419998	62.040001	63.335999	61.110001	6493200	-0.198987038971	0.206320526109	0.379997000000003	-0.778465668895	0.180370182892	0.815913097852	0.651438867614	-0.017621940538	0.0
274	2015-07-29	61.869999	61.630001	62.299999	61.25	3787100	-0.844797402596	0.147866910884	0.23999799999999993	-1.48557912416	-0.0689524343763	0.866716887942	-0.646325197784	-0.755565109726	0.0
275	2015-07-30	61.689999	61.759998	62.292	60.560001	3307300	-0.402420426496	0.0161327411559	-0.06999900000000281	-1.06899706561	-0.326930038593	0.575064877688	0.186085539932	0.58903752092	1.0
276	2015-07-31	62.099998	64.050003	64.629997	62.029999	9919600	2.83992117723	-0.751899897175	-1.9500050000000044	-0.573102634678	-0.519954329847	0.480769265471	0.206823350754	-0.0675952119835	1.0
277	2015-08-03	62.259998	63.0	63.400002	61.18	5518500	-0.885849963115	-0.261943469875	-0.7400019999999969	-0.790681125611	-0.531828312397	0.287357382365	-0.0478352838923	-0.156742616748	0.0
278	2015-08-04	62.080002	62.259998	62.470001	60.509998	4741000	-0.42407136993	-0.0299213343372	-0.1799960000000027	-0.938377603467	-0.531880530709	0.0601644275954	-0.081428951402	0.0190887188061	1.0
279	2015-08-05	62.669998	62.599998	63.650002	61.57	4987200	-0.130003636919	0.0751302415527	0.07000000000000028	-0.875008182213	-0.532229630699	-0.274080638495	0.347837287322	0.225495983622	1.0
280	2015-08-06	62.880001	62.43	64.459999	61.700001	6543300	0.266655623752	0.234699119805	0.4500010000000003	-0.466469845425	-0.551825575076	-0.739041348227	-0.0772802859906	-0.273496850237	1.0
281	2015-08-07	63.060001	62.34	63.290001	61.66	4061900	-0.787558478481	0.348456290116	0.7200009999999963	-1.14673398122	-0.546089710989	-1.38806959206	0.0832256631348	0.128071615632	1.0
282	2015-08-10	64.739998	63.5	65.489998	62.799999	8286800	1.37709049362	0.557496872064	1.239998	-0.545527284179	-0.514770659552	-0.612591923817	0.744759265165	0.311298016873	0.0
283	2015-08-11	59.130001	64.0	64.099998	58.259998	10618100	0.219847755944	-1.94800111976	-4.869999	1.44797076445	-0.433931697002	-0.046887683725	-3.01913498388	-1.93678630194	0.0
284	2015-08-12	56.91	57.75	57.75	54.02	13894500	0.261392041413	-0.335293983356	-0.8400000000000034	0.325224430363	-0.239679443768	0.326280817092	0.768399818707	2.41943615677	1.0
285	2015-08-13	59.5	58.57	60.869999	58.169998	9238400	-0.720265654832	0.461882243691	0.9299999999999997	-0.402984351931	-0.205256978462	0.420576429218	1.37394358778	-0.171652064339	0.0
286	2015-08-14	58.849998	59.279999	59.939999	58.610001	3410200	-1.17133134642	-0.144233905664	-0.4300009999999972	-1.27783248938	-0.161585918186	0.609132937092	-1.21951819433	-1.51455426987	0.0
287	2015-08-17	58.549999	58.799999	59.669998	57.93	4428100	0.246018272445	-0.0655738506707	-0.25	-1.00890117368	-0.127209898123	0.892574213092	0.279821563025	1.107245611	0.0
288	2015-08-18	57.490002	58.09	58.720001	56.84	3999900	-0.356678913254	-0.224806993332	-0.5999980000000065	-0.900506234504	-0.0705610098851	0.892574213092	-0.437289191174	-0.468854586614	0.0
289	2015-08-19	54.669998	56.759998	56.959999	54.355	6931600	0.908604165588	-0.918983258831	-2.0900000000000034	-0.364543704454	0.0864544043055	1.11976716786	-0.990575296181	-0.202045111564	0.0
290	2015-08-20	50.599998	53.220001	53.700001	50.529999	8839700	0.210618846717	-1.24410052213	-2.620003000000004	0.174707441889	0.496259397452	0.558329147001	-1.1129238675	0.0484063595096	0.0
291	2015-08-21	48.389999	48.450001	50.84	48.049999	8724500	-0.229076779111	0.013380769796	-0.060001999999997224	0.0448471420545	0.912630270814	-0.515792908389	-0.0474206952367	0.55706824864	0.0
292	2015-08-24	47.860001	43.299999	47.860001	42.75	12340900	0.422965461836	2.80524371637	4.560001999999997	2.098001126	0.84652182972	-0.915395796345	0.075347151464	-0.115359525448	0.0
293	2015-08-25	47.029999	51.41	51.650002	46.970001	8670000	-0.662852400712	-2.18653955159	-4.380001	1.45641964958	1.12068316468	-1.20987291411	-0.394986548943	-0.298394508978	0.0
294	2015-08-26	46.279999	48.279999	48.950001	43.880001	11537200	0.295151668405	-1.03960074359	-2.0	1.91423410113	1.41712520675	-1.13321179887	-0.132030002818	0.198458694772	1.0
295	2015-08-27	47.759998	47.849998	49.459999	46.849998	8483900	-0.612814481235	-0.00345281218512	-0.0899999999999963	-0.0690966572554	1.18899550496	-1.20987291411	0.837250029174	0.454652987799	1.0
296	2015-08-28	48.18	47.209999	49.490002	47.060001	5337500	-0.774808048647	0.584196723652	0.9700009999999963	-0.206554378997	0.820671097895	-1.45072113437	-0.287147751061	-0.708307010403	0.0
297	2015-08-31	46.59	47.57	48.380001	46.347	5200800	-0.248261097726	-0.493969010374	-0.9799999999999969	-0.499209014956	0.374346404488	-1.50152492437	-0.711443529694	-0.0622262348786	0.0
298	2015-09-01	43.689999	43.599998	44.049999	42.09	15897800	2.92760538652	0.0999184739921	0.09000100000000089	-0.434177066198	0.00265039660023	-0.915395796345	-0.813472777539	0.0679901786958	0.0
299	2015-09-02	41.279999	40.669998	41.369999	39.040001	19379900	0.124839693127	0.43883363962	0.6100009999999969	0.0163257790874	-0.10574614616	-1.02855635673	-0.376320893366	0.249633758846	0.0
300	2015-09-03	38.650002	40.880001	41.740002	38.610001	11260900	-0.84812231475	-1.38350226344	-2.2299989999999994	0.839571572079	0.171023325969	-0.49479095847	-0.727617008087	-0.245384729807	0.0
301	2015-09-04	36.830002	38.130001	39.310001	36.75	14255800	0.19640514803	-0.847507429882	-1.2999989999999997	0.447351526991	0.584380602912	0.247267729741	-0.253554705683	0.259993812025	1.0
302	2015-09-08	37.5	37.82	38.09	36.380001	11942600	-0.456668749606	-0.175870666598	-0.3200000000000003	-0.415394420408	0.773568828581	0.609132937092	0.629043199876	0.360894587715	0.0
303	2015-09-09	33.650002	38.040001	38.150002	33.34	19289900	0.7290619353	-2.97804206735	-4.389998999999996	2.92990415821	1.24939488644	-0.449196851153	-2.08884125815	-1.47853939119	1.0
304	2015-09-10	33.880001	33.860001	34.93	33.75	13764900	-0.646017328174	0.0613073839913	0.020000000000003126	-0.813560749263	1.49890859904	-0.138679892731	1.29140568889	2.04578788818	0.0
305	2015-09-11	32.419998	33.5	33.950001	31.322001	16583800	0.103120383811	-0.798902234791	-1.0800020000000004	0.878025684914	1.48601899698	0.085432596837	-1.03909987891	-1.56471810609	1.0
306	2015-09-14	32.880001	32.900002	34.580002	32.619999	17324800	-0.141057216116	0.0299012807724	-0.0200010000000006	0.119145018968	1.02042931664	0.231121155053	0.665959175817	1.07072771511	1.0
307	2015-09-15	33.57	33.68	34.099998	32.740002	10278900	-0.829447932053	-0.0397470848661	-0.10999999999999943	-0.602295275278	0.43549556345	0.302926895062	0.0732711804778	-0.479470867976	1.0
308	2015-09-16	35.73	33.950001	35.82	33.535	14501300	0.417280522116	1.41961801531	1.7799989999999966	0.344953889193	-0.00321469500113	0.302926895062	0.836421681372	0.408660070017	1.0
309	2015-09-17	36.32	35.32	37.25	35.23	13632700	-0.300551667742	0.787685301986	1.0	-0.00141447716119	-0.256933359608	0.231121155053	-0.287563791358	-0.647402597985	0.0
310	2015-09-18	35.150002	35.73	35.889999	34.389999	13075200	-0.271569194595	-0.379506373878	-0.5799979999999962	-0.531492326816	-0.358399103017	0.085432596837	-0.512774520624	0.0497943132384	0.0
311	2015-09-21	32.27	33.68	33.98	32.0	14611700	-0.0299842040114	-1.05111892568	-1.4099999999999966	0.136207078568	-0.357372775965	-0.138679892731	-0.912185564992	-0.109611705923	1.0
312	2015-09-22	33.310001	31.379999	33.75	30.549999	14515400	-0.21925288943	1.65738289716	1.9300019999999982	1.60148942103	-0.437691870827	-0.829934790851	1.22670638351	1.11141601768	0.0
313	2015-09-23	32.639999	33.450001	33.650002	32.220001	8442800	-0.847232373734	-0.588666425509	-0.8100019999999972	-0.495723131653	-0.426742116241	-1.02855635673	-0.833382074657	-1.33948198385	1.0
314	2015-09-24	33.919998	32.52	34.02	32.259998	7620500	-0.357740349265	1.17384966651	1.3999979999999965	-0.130010620724	-0.426693503127	-1.30134341882	0.87789680531	1.0705377	0.0
315	2015-09-25	32.310001	34.689999	35.0	32.139999	8292000	-0.0748142212352	-1.75184742344	-2.3799980000000005	1.09054453295	-0.424299400854	-1.16301363904	-1.14859267649	-1.17723262477	0.0
316	2015-09-28	29.67	32.0	32.150002	29.620001	9772000	0.0630048214861	-1.86202519798	-2.3299999999999983	0.965315796709	-0.309926999892	0.385020447524	-0.617709746276	0.528131067774	1.0
317	2015-09-29	29.860001	29.85	30.969999	28.9	8871200	-0.34978721796	0.0546094036873	0.010000999999999038	0.48623563101	-0.221495930581	-0.293809636392	0.732733498248	0.645776258874	1.0
318	2015-09-30	31.219999	30.299999	31.5	29.9	6619200	-0.596354019575	0.841412262444	0.9200000000000017	-0.166355936005	-0.260915878283	-0.534657856556	0.359452115423	-0.421217581691	0.0
319	2015-10-01	30.07	31.02	31.49	29.75	6885400	-0.147868000104	-0.756625784057	-0.9499999999999993	0.0201404163455	-0.339740454398	-0.336036290768	-0.890615715053	-0.610124212046	1.0
320	2015-10-02	30.440001	29.4	30.6	28.91	10697100	0.635076430348	0.972715875335	1.0400010000000002	0.00200983948001	-0.409602656467	-0.206219413417	0.628629108925	0.956179217401	0.0
321	2015-10-05	30.26	30.559999	30.93	29.48	8285100	-0.553081831741	-0.21139025268	-0.2999989999999997	-0.329656515141	-0.403404652582	-0.379528112895	-0.271803698833	-0.623014697806	1.0
322	2015-10-06	30.65	30.450001	31.950001	29.780001	8715000	-0.130067146201	0.217930227597	0.19999899999999826	0.550140673705	-0.433060811185	-0.628953468773	0.274014335614	0.349395991824	0.0
323	2015-10-07	29.33	29.99	30.75	27.52	18629600	1.52581549857	-0.530812512047	-0.6600000000000001	1.97706005511	-0.435370325046	-0.822365351879	-0.717249512841	-0.539237584299	0.0
324	2015-10-08	27.6	28.959999	29.01	27.065001	18023200	-0.258843874838	-1.1846638479	-1.3599989999999984	0.465187837198	-0.464104713145	-0.332091775836	-0.360560510512	0.315846608893	1.0
325	2015-10-09	29.08	28.23	30.200001	27.950001	18093200	-0.203278328889	0.834777181087	0.8499999999999979	0.832332195993	-0.498782906826	-0.739041348227	1.08112633107	0.678628496442	0.0
326	2015-10-12	28.459999	29.1	29.299999	27.860001	7137500	-1.13266716435	-0.530441113514	-0.6400010000000016	-0.240996596341	-0.486209591353	-1.04993249229	-0.842920517017	-1.18285636427	0.0
327	2015-10-13	27.969999	27.940001	28.690001	27.9	4659000	-0.738790363708	0.0739628474326	0.029998000000002634	-1.06146825754	-0.46671209429	-0.711421206965	0.0923517565144	0.702511130186	1.0
328	2015-10-14	28.09	27.290001	28.455	26.68	8027400	0.89342102686	0.813944178386	0.7999989999999997	0.289076127468	-0.480966409357	0.231121155053	0.158712568652	-0.0394170111548	1.0
329	2015-10-15	28.540001	28.030001	29.280001	28.01	6737500	-0.454264238449	0.522576085703	0.5100000000000016	-0.434463423577	-0.485248099394	0.522773165308	0.142951688093	-0.0494627796653	0.0
330	2015-10-16	28.52	28.27	28.780001	27.83	5170900	-0.563815134112	0.277545340186	0.25	-0.865651329051	-0.500632731655	1.25208744842	-0.116685494359	-0.13286115816	1.0
331	2015-10-19	29.639999	28.5	30.299999	28.076	8393800	0.741352070397	1.09392203148	1.1399989999999995	0.756393678854	-0.51115474434	1.02003911842	0.567245351477	0.37555246352	1.0
332	2015-10-20	30.309999	30.139999	31.33	29.870001	9052500	-0.0895206639327	0.19362060961	0.1700000000000017	-0.306194619925	-0.519873733829	1.02003911842	-0.00801892933122	-0.37749527966	0.0
333	2015-10-21	29.059999	30.52	30.6	28.83	6156500	-0.697096169919	-1.20762292349	-1.4600009999999983	0.112484863472	-0.521715112369	0.887718837861	-0.658769120245	-0.249112968333	0.0
334	2015-10-22	28.719999	29.25	30.08	28.5	5843500	-0.286738145029	-0.428947270862	-0.5300009999999986	-0.0723321249667	-0.532185184579	0.660525883091	0.276502489679	0.581962527228	1.0
335	2015-10-23	29.15	29.65	29.700001	28.809999	5692100	-0.248715405131	-0.396029677694	-0.5	-0.985640336129	-0.531898958432	0.402941932332	0.204335652919	-0.159080437509	0.0
336	2015-10-26	28.790001	29.110001	29.42	28.58	4799100	-0.448464247655	-0.242205848856	-0.3200000000000003	-1.03298983519	-0.533075002011	0.0410767249802	-0.304153724802	-0.277291434519	0.0
337	2015-10-27	28.23	29.040001	29.049999	27.99	6386600	0.295285288501	-0.685019913314	-0.8100009999999997	-0.731475274508	-0.536164901108	-0.449196851153	-0.102169084849	0.178555119493	1.0
338	2015-10-28	30.209999	28.620001	30.67	28.42	24816500	4.19177658849	1.501512565	1.5899980000000014	0.755889941725	-0.531743156696	-0.822365351879	1.04919014719	0.549298611531	0.0
339	2015-10-29	25.620001	25.02	26.35	24.950001	41419100	0.81110695004	0.674184348527	0.6000009999999989	-0.0428944002322	-0.448888286311	-1.28497408959	-2.70226362185	-2.01279358248	0.0
340	2015-10-30	25.0	25.940001	25.940001	24.99	10112400	-1.36194485827	-0.903675908805	-0.9400009999999988	-0.720878962722	-0.349114026878	-0.293809636392	1.22711881544	2.46530621392	1.0
341	2015-11-02	25.549999	25.120001	25.93	24.299999	8777200	-0.410568485324	0.494355239635	0.4299980000000012	0.29794399224	-0.307780228188	-0.114053018772	0.0633186471671	-1.0511241198	0.0
342	2015-11-03	25.02	25.75	25.75	24.84	9473400	-0.0882326375719	-0.696992249555	-0.7300000000000004	-0.775547574945	-0.297103882138	-0.114053018772	-0.439777967372	-0.214679192237	1.0
343	2015-11-04	25.379999	25.07	25.809999	25.07	6024800	-0.764380444443	0.369830932931	0.30999900000000125	-1.02091750324	-0.289870094966	-0.293809636392	0.376872263065	0.509683188268	0.0
344	2015-11-05	24.809999	25.4	25.549999	24.620001	6355700	-0.125439018555	-0.562806844497	-0.5900009999999973	-0.730467934288	-0.277754563876	-0.853440143981	-0.395399520056	-0.472328378645	1.0
345	2015-11-06	25.129999	24.809999	25.24	24.5	4358700	-0.688394788322	0.38378860117	0.3200000000000003	-1.00962767938	-0.311836038493	-0.580251963964	0.354476263522	0.458002124866	1.0
346	2015-11-09	25.92	25.15	26.120001	25.129999	6693200	0.607630602733	0.848048387489	0.7700000000000031	-0.66543066653	-0.360262841217	-0.54222729562	0.233368471938	-0.152320063343	0.0
347	2015-11-10	25.02	25.9	25.99	24.82	4741400	-0.653932671063	-0.844441019894	-0.879999999999999	-0.394738511049	-0.39390746312	-0.580251963964	-0.600288935027	-0.413255914021	1.0
348	2015-11-11	25.1	25.02	25.379999	24.76	3518600	-0.602520482584	0.129610901612	0.08000000000000185	-1.19406876698	-0.558341150512	-0.983257021423	0.376458420967	0.611973440335	0.0
349	2015-11-12	23.15	24.879999	24.898001	23.1	9106900	2.21297479659	-1.77611370858	-1.729999000000003	0.694786024706	-0.530673619389	-1.20165008594	-0.974397255488	-0.777301112971	0.0
350	2015-11-13	21.16	22.870001	22.950001	20.76	11115300	0.127136131906	-1.91332885238	-1.7100009999999983	1.62199718498	-0.430644877693	-0.635945845847	-0.321988336673	0.494899842472	1.0
351	2015-11-16	21.620001	21.09	21.790001	20.85	4709800	-1.08807800409	0.70430614867	0.5300009999999986	-0.467708813224	-0.380962079848	-0.0702416056633	0.638998429091	0.408848335025	0.0
352	2015-11-17	20.870001	21.75	21.889999	20.77	4838900	-0.167397424397	-1.01430772058	-0.8799990000000015	-0.145939973367	-0.313801901575	-0.897796015929	-0.627662735817	-0.797076950082	0.0
353	2015-11-18	19.809999	19.870001	19.98	18.860001	17129700	3.66452939541	-0.0332933202652	-0.060001999999997224	0.000789253978944	-0.235028258796	-0.897796015929	-0.214567735811	0.361209921179	1.0
354	2015-11-19	19.93	19.950001	20.33	19.450001	5075300	-1.2824291161	0.01956123994	-0.0200010000000006	-0.46339428032	-0.187797631778	-1.07755263355	0.313416682175	0.243000541588	1.0
355	2015-11-20	20.450001	20.0	20.540001	19.709999	5561500	-0.0631019514251	0.635383827912	0.4500010000000003	-0.579972388981	-0.205564463032	-0.853440143981	0.127605603567	-0.187007186595	0.0
356	2015-11-23	18.99	20.200001	20.24	18.799999	11300500	1.36456468128	-1.52371502648	-1.2100010000000019	0.642722861173	-0.257401740446	-0.287735903889	-0.79397968662	-0.44219234304	1.0
357	2015-11-24	19.32	18.799999	19.5	18.75	7775900	-0.684874202575	0.770576722144	0.5200010000000006	-0.643613017365	-0.329674630614	-0.738142581936	0.630703254992	0.848521289746	1.0
358	2015-11-25	20.0	19.299999	20.469999	19.209999	5734600	-0.609562936723	0.996174805753	0.7000010000000003	0.289813747358	-0.464744598664	-0.635945845847	0.106453038187	-0.445161942703	1.0
359	2015-11-27	20.280001	20.15	20.940001	19.85	4470800	-0.545303667399	0.214878997058	0.13000100000000003	-0.0945838527645	-0.521956627177	-0.602164774182	-0.0291711629067	-0.0396693790143	1.0
360	2015-11-30	20.4	20.379999	20.83	20.23	4654100	-0.146673802417	0.0715455686084	0.02000099999999705	-1.01751680811	-0.528513928952	-0.635945845847	0.0429949272955	0.0744335072095	0.0
361	2015-12-01	20.129999	20.459999	20.6	19.639999	5590300	0.0975796917113	-0.376787398876	-0.3299999999999983	-0.343949967854	-0.546008973276	-0.738142581936	-0.121661968391	-0.0801046376924	0.0
362	2015-12-02	20.09	20.129999	20.389999	19.85	3375800	-0.813340122906	-0.00623435917952	-0.03999900000000167	-1.11450142038	-0.551872747444	-0.911451281414	0.0832275295304	0.123083388995	0.0
363	2015-12-03	18.93	19.719999	20.1	18.879999	7235900	1.53468323057	-1.00385507158	-0.7899990000000017	0.252457185697	-0.54492710636	-1.16087663729	-0.526877461315	-0.32461400314	0.0
364	2015-12-04	18.0	17.959999	18.639999	17.549999	11394200	0.667232392685	0.104189033497	0.040001000000000175	0.157964315919	-0.522034080506	0.634990262333	-0.0776978194035	0.307001634761	0.0
365	2015-12-07	17.51	17.77	18.09	17.24	6039500	-0.925917872155	-0.337545985278	-0.259999999999998	-0.310656312437	-0.498564641776	0.908143725789	-0.0366372011702	-0.0303822177763	1.0
366	2015-12-08	17.58	17.26	18.110001	17.25	4939000	-0.487099347282	0.531620761135	0.31999999999999673	-0.266094185307	-0.477206208297	0.534975225063	0.110185912155	0.0448657289153	0.0
367	2015-12-09	16.889999	17.67	17.950001	16.77	8189000	0.79435133796	-1.11080944275	-0.7800010000000022	0.446747822135	-0.440834515598	-0.738142581936	-0.362634739529	-0.258210954765	1.0
368	2015-12-10	18.83	17.25	19.639999	17.17	18708000	1.74982141075	2.44581027317	1.5799999999999983	3.03273133371	-0.449480931968	-0.897796015929	1.10435333284	0.783319105247	1.0
369	2015-12-11	19.15	18.73	19.469999	17.9	13078600	-0.668114967732	0.6333890158	0.41999999999999815	0.997103962846	-0.464868491038	-0.981120019581	-0.461346241244	-0.976446439558	0.0
370	2015-12-14	17.309999	17.92	17.98	15.9	21047500	0.720049473037	-0.84610225681	-0.6100010000000005	2.32297065644	-0.47685417185	-0.787708136475	-0.758310504354	0.052700233359	1.0
371	2015-12-15	17.91	17.26	18.09	16.705	8491600	-1.11899605971	1.03259193448	0.6499999999999986	0.841374517644	-0.499805921793	-0.693412524349	0.847620261799	0.890536204175	1.0
372	2015-12-16	18.82	18.1	19.200001	17.879999	7061700	-0.466011702167	1.08813238501	0.7199999999999989	0.568037434797	-0.524551049662	-0.915395796345	0.10147569317	-0.606146012834	0.0
373	2015-12-17	17.950001	19.0	19.889999	17.91	8159800	0.0279513714619	-1.40219050869	-1.0499989999999997	1.91190896732	-0.530374300419	-0.966199586436	-0.598214332731	-0.29106397577	1.0
374	2015-12-18	19.5	17.940001	19.700001	17.76	7903800	-0.257048793104	2.32429072406	1.5599990000000012	1.77855067222	-0.515068917618	-1.32176830675	1.04835997447	0.938615187708	0.0
375	2015-12-21	18.1	19.139999	19.5	18.0	8183100	-0.155308781719	-1.37790918023	-1.0399989999999981	0.909131322072	-0.51834014172	-1.55381663675	-1.14776428721	-1.29632745264	1.0
376	2015-12-22	18.34	18.33	18.950001	18.1	6303000	-0.559597530692	0.0601253008248	0.010000000000001563	-0.379476825785	-0.521556071128	-0.911451281414	0.657661844994	1.16410647038	0.0
377	2015-12-23	18.27	18.42	18.85	18.200001	4376200	-0.675415579061	-0.167543331252	-0.15000000000000213	-0.791222240738	-0.537479989973	-1.47715552151	-0.204612796924	-0.626299776248	0.0
378	2015-12-24	18.219999	18.290001	18.440001	18.139999	1976300	-1.0455590736	-0.0544545433767	-0.07000199999999879	-1.50705911715	-0.538738555362	-0.228996273365	0.0305525809012	0.184557410785	0.0
379	2015-12-28	17.92	18.360001	18.98	17.84	6027100	2.91676176869	-0.58211294126	-0.44000099999999875	0.241674314076	-0.543158886158	0.908143725789	-0.115025065964	-0.0815576293429	1.0
380	2015-12-29	18.280001	18.219999	18.440001	17.6	5118700	-0.4390622844	0.132119836415	0.060001999999997224	-0.391987381016	-0.550254520227	0.534975225063	0.260327144891	0.200604958825	1.0
381	2015-12-30	18.4	18.120001	18.58	18.01	4382500	-0.42854880455	0.450721278668	0.2799990000000001	-0.950086045291	-0.55172871421	1.00446960573	-0.0615231382225	-0.212657955912	0.0
382	2015-12-31	18.01	18.27	18.549999	17.860001	5155800	0.0599035626264	-0.327054017087	-0.259999999999998	-0.693050499688	-0.55264636059	0.826627235318	-0.169773040822	-0.0157868210866	1.0
383	2016-01-04	18.690001	17.57	19.65	17.5	10436100	1.35271732969	1.71609882601	1.1200009999999985	2.34206625245	-0.552824013053	0.870119057444	0.446552231499	0.329051113965	0.0
384	2016-01-05	18.49	20.049999	20.5	18.25	16303300	0.648208533667	-1.99285176955	-1.5599990000000012	2.27325708508	-0.563015969483	0.826627235318	-0.307887428279	-0.460325476661	0.0
385	2016-01-06	18.41	18.18	19.0	18.049999	6513500	-1.12498814233	0.377322908998	0.23000000000000043	-0.169701727793	-0.563167148094	0.694306954756	0.0911075757931	0.289501025571	0.0
386	2016-01-07	17.0	17.889999	18.200001	16.75	10116700	0.634463147863	-1.25769274376	-0.8899989999999995	1.00558704634	-0.551786545275	0.887718837861	-0.623514982865	-0.381476081905	0.0
387	2016-01-08	16.190001	17.59	17.66	16.131001	7661900	-0.579262503999	-2.03962759392	-1.399999000000001	1.2847345352	-0.525725407023	-0.274944688225	0.046314166543	0.426286199742	0.0
388	2016-01-11	15.26	16.43	16.440001	14.57	12620600	0.777821477001	-1.82006741272	-1.17	2.32060366917	-0.478067435834	-0.138679892731	-0.292956264212	-0.248292065169	0.0
389	2016-01-12	14.6	15.69	15.7	14.36	7416700	-0.838048463807	-1.77447019427	-1.0899999999999999	1.20753531764	-0.416343522079	-0.822365351879	-0.0851631111088	0.126748270198	1.0
390	2016-01-13	14.61	14.73	14.98	14.324	9743800	0.269318607566	-0.167630245249	-0.120000000000001	-0.441360595618	-0.377547161556	-1.58568346111	0.132167820747	0.0813836563959	0.0
391	2016-01-14	12.48	11.48	12.82	11.26	31587600	3.20977229084	2.32826175722	1.0	2.78024478831	-0.268284732992	-1.77423996898	-1.01628746579	-0.598816294654	0.0
392	2016-01-15	11.46	11.73	12.32	11.23	10678500	-1.21872099579	-0.557291703231	-0.2699999999999996	1.41582799844	-0.139384523948	-2.85919094128	0.167007286521	0.751285976519	0.0
393	2016-01-19	10.57	11.68	11.77	10.26	11886800	-0.036633522174	-2.44428630072	-1.1099999999999994	2.9879842256	-0.0561659011327	-2.64952979814	-0.273462053455	-0.358857138645	1.0
394	2016-01-20	11.0	10.18	11.08	9.9	10318100	-0.410467829133	2.15642921393	0.8200000000000003	2.0722010052	-0.0800486607939	-2.05713012925	0.383094410935	0.340676443456	0.0
395	2016-01-21	10.68	11.0	11.39	10.32	6733200	-0.739076409109	-0.716418499146	-0.3200000000000003	1.59301457919	-0.169767514532	-1.91937741147	-0.331527691493	-0.440802140088	1.0
396	2016-01-22	10.83	11.03	11.27	10.69	4864500	-0.632468231861	-0.429279358057	-0.1999999999999993	-0.126816722664	-0.247397970978	-1.91937741147	0.210141760492	0.356345186986	0.0
397	2016-01-25	10.59	10.74	11.33	10.58	4193800	-0.419475837548	-0.320123524278	-0.15000000000000036	0.523478289663	-0.323192667654	-2.05713012925	-0.166455377641	-0.239762051735	1.0
398	2016-01-26	10.88	10.64	10.96	10.38	5801200	0.375335658624	0.636860091695	0.2400000000000002	-0.0952266137942	-0.394239343852	-1.77423996898	0.227561451904	0.233206553359	0.0
399	2016-01-27	10.61	11.03	11.1	10.5	4863600	-0.455689569181	-0.951900237597	-0.41999999999999993	-0.036841296856	-0.456175942435	-1.55381663675	-0.214152151744	-0.265223759971	0.0
400	2016-01-28	10.57	10.8	11.0	10.48	4013100	-0.475895101612	-0.512181634782	-0.23000000000000043	-0.292554503014	-0.542318825648	-1.92698513747	0.0973285208752	0.207555303871	1.0
401	2016-01-29	11.45	10.56	11.75	10.56	6614500	0.77940409047	2.25416919814	0.8899999999999988	1.94811419965	-0.558539302897	-1.79860937193	0.403832138806	0.114680090207	0.0
402	2016-02-01	11.06	11.13	11.18	10.52	7319000	-0.0467664874046	-0.118963872979	-0.07000000000000028	0.115135350185	-0.561036180665	-1.72231465806	-0.42360320324	-0.462915286199	0.0
403	2016-02-02	10.24	10.9	10.91	10.18	6305200	-0.420451498016	-1.54073138536	-0.6600000000000001	0.475998145172	-0.559043105007	-1.69700179175	-0.17475046879	0.241230466376	1.0
404	2016-02-03	10.71	10.28	10.8	10.03	13551400	1.54349765836	1.1418415731	0.4300000000000015	0.638204572977	-0.559384700093	-1.72231465806	0.433279712382	0.288931681557	0.0
405	2016-02-04	9.78	9.13	10.2	9.01	21150300	0.645988207352	1.91127432207	0.6499999999999986	2.61604846024	-0.552807888039	-2.2359499404	-0.615634563323	-0.61701232438	1.0
406	2016-02-05	9.96	9.74	10.68	9.6	8990600	-1.08600512354	0.637669167067	0.22000000000000064	2.00508591781	-0.549759641439	-2.33393470986	0.404246893363	0.6354130909	1.0
407	2016-02-08	10.99	10.32	11.69	10.01	15246800	0.852048880828	1.74694952551	0.6699999999999999	3.81475510368	-0.548649251086	-2.48255230218	0.353646837358	-0.148213626838	1.0
408	2016-02-09	11.39	10.65	11.65	10.54	10144900	-0.719529366759	1.86646055505	0.7400000000000002	1.66903194337	-0.544941522648	-2.68392597189	-0.0884815208472	-0.245195567637	0.0
409	2016-02-10	10.59	11.5	11.63	10.54	8913900	-0.394258913256	-2.02756968662	-0.9100000000000001	1.59221206667	-0.544919014735	-2.9411818084	-0.382542502055	-0.0713862392084	0.0
410	2016-02-11	10.17	10.37	10.71	9.95	4499800	-0.964416184875	-0.459517788889	-0.1999999999999993	0.66208128152	-0.543214415489	-3.25879382924	0.0869596569398	0.297587398749	1.0
411	2016-02-12	10.31	10.3	10.56	10.12	4000000	-0.378595985597	0.0712696688033	0.009999999999999787	-0.517450472963	-0.548397537597	-3.64318556055	0.132582658256	-0.0416282625854	1.0
412	2016-02-16	11.59	10.52	11.7	10.32	8913100	1.66403038917	2.71089442909	1.0700000000000003	2.57727837324	-0.542206286085	-3.30467427522	0.521622433112	0.157769134914	1.0
413	2016-02-17	12.99	11.38	13.05	11.3	11718500	0.270821306624	3.75283579091	1.6099999999999994	3.28523381785	-0.50488254006	-3.20157877275	0.291848408303	-0.179867015985	0.0
414	2016-02-18	12.39	13.17	13.42	12.13	7987600	-0.694755609799	-1.50601473402	-0.7799999999999994	1.67705824446	-0.489303463293	-3.30467427522	-0.560886961744	-0.389246919442	0.0
415	2016-02-19	12.38	12.32	12.72	12.04	4965600	-0.786199339015	0.173439187274	0.0600000000000005	-0.051616848683	-0.491878368491	-2.34878213951	0.29889923578	0.567999585472	1.0
416	2016-02-22	12.86	12.74	12.953	12.38	6261600	0.188840690524	0.292634084653	0.11999999999999922	-0.439532558817	-0.492357036765	-1.76062274377	0.185256487047	-0.157817050292	0.0
417	2016-02-23	12.11	12.8	12.83	12.0	5490200	-0.397085810255	-1.36663776583	-0.6900000000000013	0.38468218905	-0.493567062145	-1.60791586231	-0.469226204555	-0.336680812117	0.0
418	2016-02-24	11.75	11.77	11.86	11.26	5020400	-0.339704698632	0.0013066404023	-0.019999999999999574	-0.20385463729	-0.494247701421	-0.511848393457	0.106453121138	0.38408139025	0.0
419	2016-02-25	11.34	11.69	12.0	11.01	7064100	0.411631372314	-0.738669780757	-0.34999999999999964	1.11321453112	-0.503098938041	-1.07755263355	-0.131615994819	-0.180751541829	1.0
420	2016-02-26	12.3	11.47	12.75	11.34	9529900	0.323148033102	1.94190007753	0.8300000000000001	2.34391123014	-0.524209334323	0.446112050067	0.540286388196	0.340360541369	0.0
421	2016-02-29	11.88	12.33	12.45	11.76	5826400	-0.801881180808	-0.910458170507	-0.4499999999999993	0.0215008675937	-0.547426021064	0.522773165308	-0.491208196098	-0.603365354209	1.0
422	2016-03-01	11.89	12.06	12.32	11.65	7732000	0.289599492698	-0.323522102582	-0.16999999999999993	-0.0181133690961	-0.549379707875	0.522773165308	0.219266360756	0.486307305698	1.0
423	2016-03-02	13.02	12.03	13.24	11.95	8861100	0.0135067518577	2.20213039577	0.9900000000000002	1.7544915757	-0.549013053979	0.807977257419	0.490930595863	0.0589549620085	1.0
424	2016-03-03	13.58	13.1	14.1	12.76	10986000	0.156516795483	1.00591519053	0.4800000000000004	1.65862566952	-0.535915474574	0.892574213092	-0.0586191927133	-0.337186255456	0.0
425	2016-03-04	13.36	13.34	14.84	13.1	14102400	0.223421344752	0.0851143562128	0.019999999999999574	2.78476823823	-0.528415838104	1.11976716786	-0.156086513706	0.0273647532792	1.0
426	2016-03-07	13.88	13.5	14.075	13.23	9565100	-0.699883939066	0.783377049102	0.3800000000000008	0.199448459746	-0.514487941803	1.11433473064	0.360697664835	0.291142996169	0.0
427	2016-03-08	12.41	13.7	13.7	12.375	10756600	-0.0192248422049	-2.42139432115	-1.2899999999999991	1.69795964241	-0.515685362752	1.15782655277	-0.826744633048	-0.653656966506	0.0
428	2016-03-09	12.28	12.7	12.7	12.1	4907100	-1.03855510504	-0.820702569412	-0.41999999999999993	-0.316214446052	-0.520079282419	1.11433473064	0.423740357562	0.774789091813	0.0
429	2016-03-10	12.18	12.42	12.62	11.9	5813500	0.0725010503891	-0.460494307384	-0.2400000000000002	0.0793521461742	-0.531120764011	1.06353094055	-0.116684830752	-0.419952602327	1.0
430	2016-03-11	12.6	12.32	12.98	12.13	6948200	0.0884713169405	0.641337588356	0.27999999999999936	0.444155526526	-0.532214648562	0.982014450078	0.222999151772	0.201237262125	0.0
431	2016-03-14	12.27	12.52	12.6	12.14	5480000	-0.531463432583	-0.477378542258	-0.25	-0.727928173862	-0.53603311593	0.866716887942	-0.267655489651	-0.275901250522	0.0
432	2016-03-15	11.7	12.21	12.24	11.55	6310700	0.0219833691633	-1.04861486764	-0.5100000000000016	0.0484492447271	-0.533346046301	0.754821495308	-0.116270076194	0.143743082238	1.0
433	2016-03-16	12.31	11.71	12.47	11.66	6304800	-0.210627445379	1.38839127337	0.5999999999999996	0.414972587536	-0.533053068305	0.558329147001	0.429546921366	0.259931869944	1.0
434	2016-03-17	12.95	12.3	13.19	12.24	6603100	-0.13704470212	1.43050547547	0.6499999999999986	0.709014175792	-0.539098468543	0.19646393965	0.0807383385786	-0.263960151622	0.0
435	2016-03-18	12.88	13.14	13.61	12.72	6224300	-0.296691532852	-0.472632231626	-0.2599999999999998	0.451337929725	-0.543059861156	0.132868933986	-0.154012740919	-0.0818741885065	1.0
436	2016-03-21	13.07	12.75	13.19	12.63	3356800	-0.911802770002	0.703457147915	0.3200000000000003	-0.49184688479	-0.554843428626	0.0410767249802	0.173228604882	0.211662031006	0.0
437	2016-03-22	12.97	12.99	13.17	12.79	3339300	-0.217152364607	0.00548825304884	-0.019999999999999574	-1.02318311221	-0.553188046683	-0.228996273365	-0.0934585755362	-0.169758149191	0.0
438	2016-03-23	12.27	12.97	13.11	12.23	4407500	0.278656011324	-1.36832654717	-0.7000000000000011	0.501137973366	-0.553151208732	-0.719269849498	-0.26143417129	-0.0527480160581	1.0
439	2016-03-24	12.42	12.2	12.48	11.92	2834000	-0.753667125453	0.51833121287	0.22000000000000064	-0.412182973897	-0.553986702447	-1.12621942189	0.276502489679	0.296260609983	0.0
440	2016-03-28	11.5	12.43	12.5	11.49	6918800	1.98899688884	-1.91459977556	-0.9299999999999997	1.05436103554	-0.546740655126	-1.1215868012	-0.508213132952	-0.461335775762	1.0
441	2016-03-29	11.65	11.46	11.76	11.08	7289900	-0.127401073787	0.480249292251	0.1899999999999995	0.091123178431	-0.542619306281	0.741166229915	0.361112419392	0.525100082017	1.0
442	2016-03-30	12.16	11.79	12.37	11.7	6099000	-0.458345174221	0.868125262749	0.370000000000001	-0.0181133690961	-0.545828934614	0.575064877688	0.125946585337	-0.225041014467	0.0
443	2016-03-31	11.96	12.2	12.213	11.84	4372200	-0.640998348754	-0.469624755315	-0.23999999999999844	-0.962832607823	-0.54443456943	0.429376319472	-0.213737397187	-0.160407447407	0.0
444	2016-04-01	11.74	11.81	11.99	11.61	3899000	-0.374261161894	-0.1094752874	-0.07000000000000028	-0.910296698481	-0.544843088043	0.429376319472	0.0131333457197	0.172679713434	1.0
445	2016-04-04	12.03	11.77	12.37	11.67	5288200	0.334183203888	0.624641128844	0.2599999999999998	0.0901640919395	-0.547846768976	0.14417222736	0.192722069081	0.067294777113	0.0
446	2016-04-05	11.65	11.93	12.04	11.621	4048000	-0.566869378996	-0.569144063455	-0.27999999999999936	-0.787203756385	-0.553258871581	-0.0443842805138	-0.262678434962	-0.2595375224	1.0
447	2016-04-06	12.12	11.79	12.16	11.63	5983800	0.520114720955	0.779228535147	0.33000000000000007	-0.45583690824	-0.560305723876	-0.0443842805138	0.361941928507	0.366896316701	1.0
448	2016-04-07	12.29	11.9	12.49	11.9	5312900	-0.380193955066	0.904561715595	0.3899999999999988	-0.288254009845	-0.560206989166	-0.243005846302	-0.077283147797	-0.295929442856	1.0
449	2016-04-08	12.32	12.37	12.75	12.25	4660000	-0.396619469603	-0.0600801808263	-0.049999999999998934	-0.600175798772	-0.560841712301	-0.628953468773	0.0164513821791	0.0921246811742	0.0
450	2016-04-11	11.77	12.35	12.53	11.74	5344900	0.0149475991365	-1.18472331916	-0.5800000000000001	0.341949744359	-0.562140193777	-0.511848393457	-0.232401352271	-0.119466536894	0.0
451	2016-04-12	11.68	11.93	12.06	11.58	4851800	-0.349900723938	-0.503253928182	-0.25	-0.59420322483	-0.562277717123	-0.511848393457	0.134241676485	0.216147840645	1.0
452	2016-04-13	13.9	12.0	14.04	11.85	21039600	4.87919430052	4.19452968869	1.9000000000000004	4.24579180253	-0.536925704716	-0.138679892731	1.00647051073	0.371255765506	0.0
453	2016-04-14	13.8	14.17	14.35	13.11	17303400	-0.480026506891	-0.638351180369	-0.3699999999999992	1.21463351038	-0.519200273406	-0.062018777491	-0.684483819854	-0.977709327651	0.0
454	2016-04-15	13.77	13.59	14.34	13.41	9264100	-0.917771576908	0.39288100211	0.17999999999999972	0.435269071355	-0.509346234255	-0.062018777491	0.212630287837	0.67395314555	0.0
455	2016-04-18	13.13	13.68	13.68	13.04	7017100	-0.579111368749	-1.00762493199	-0.5499999999999989	-0.327331874249	-0.509478280675	-0.062018777491	-0.278439108144	-0.311598186386	0.0
456	2016-04-19	12.95	13.21	13.38	12.82	5428600	-0.554445104572	-0.469884889197	-0.26000000000000156	-0.513089579276	-0.517437078561	-0.138679892731	0.114333457729	0.237186919659	1.0
457	2016-04-20	13.44	13.09	13.77	12.9	8377700	0.619308120332	0.746427068813	0.34999999999999964	0.344976345605	-0.518605689382	0.22318531462	0.235856543052	0.00651521551794	1.0
458	2016-04-21	13.56	13.52	13.82	13.32	5355000	-0.759459392342	0.123352161015	0.040000000000000924	-0.734865624803	-0.519434655802	0.480769265471	-0.0893110299621	-0.194208970748	1.0
459	2016-04-22	13.98	13.53	14.179	13.5	6612300	0.148874543204	0.917304272808	0.45000000000000107	-0.266272471254	-0.518562849322	0.887718837861	0.21055651505	0.191949740759	0.0
460	2016-04-25	12.82	13.71	13.8	12.67	11089500	0.823440668463	-1.65512178776	-0.8900000000000006	1.08351415623	-0.533617266647	0.887718837861	-0.628077200046	-0.439980794661	1.0
461	2016-04-26	13.18	12.86	13.24	12.53	5310100	-1.00401786647	0.697832036896	0.3200000000000003	-0.0715583687202	-0.554954767767	1.15779183621	0.548996233901	0.695939930825	1.0
462	2016-04-27	13.3	12.94	13.43	12.8	4672800	-0.392237883503	0.774797438601	0.3600000000000012	-0.316973240784	-0.556548327977	1.31317905097	-0.132860258491	-0.489830144036	0.0
463	2016-04-28	12.94	13.24	13.35	12.91	5111800	-0.0659223624378	-0.547877408516	-0.3000000000000007	-0.859742571725	-0.556806418708	1.40747466318	-0.156086513706	0.050615146904	0.0
464	2016-04-29	12.64	13.02	13.14	12.41	5395400	-0.124590314397	-0.718906639226	-0.379999999999999	0.0176069188771	-0.556034922491	1.40747466318	-0.00926340038075	0.099264068347	0.0
465	2016-05-02	12.23	12.56	12.64	12.0	6276300	0.0397981468986	-0.642605968521	-0.33000000000000007	-0.180745150178	-0.549701195893	1.31317905097	-0.116684830752	-0.0710071567036	0.0
466	2016-05-03	11.65	12.1	12.12	11.45	6227600	-0.221035324734	-0.928635559075	-0.4499999999999993	-0.000360346604776	-0.535285628153	1.15779183621	-0.157330777378	-0.0102275951086	0.0
467	2016-05-04	11.4	11.54	11.79	11.17	6156800	-0.226539985988	-0.272048450623	-0.1399999999999988	-0.0895479795645	-0.521449564136	0.887718837861	0.0334563190331	0.101412202541	0.0
468	2016-05-05	10.71	11.39	11.55	10.67	12398000	1.33679668096	-1.51848650999	-0.6799999999999997	0.87444600399	-0.500387784945	0.247267729741	-0.277194844472	-0.180435639742	0.0
469	2016-05-06	10.46	9.93	10.65	9.81	14540100	0.0543004832427	1.44434257111	0.5300000000000011	0.978265483062	-0.495686932378	0.822682720386	0.0786645657915	0.214315608539	0.0
470	2016-05-09	9.78	10.45	10.6	9.75	10693300	-0.612687326319	-1.6341262148	-0.6699999999999999	1.0400707556	-0.46462241176	-0.379528112895	-0.281757144603	-0.220618385245	1.0
471	2016-05-10	9.82	9.87	9.99	9.43	6623100	-0.789698571708	-0.0869066026247	-0.049999999999998934	0.016995388373	-0.456505158169	0.085432596837	0.208067987705	0.281729113967	0.0
472	2016-05-11	9.46	9.83	9.85	9.41	7687800	0.0359653277231	-0.940421234648	-0.3699999999999992	-0.407359166669	-0.461057158408	0.264902226718	-0.219129206433	-0.273437214241	0.0
473	2016-05-12	8.82	9.51	9.55	8.79	10039000	0.257225145155	-1.85528347575	-0.6899999999999995	0.998267261767	-0.459635258545	0.419677662927	-0.171017677773	0.0736128188589	1.0
474	2016-05-13	8.88	8.89	9.42	8.76	7739100	-0.558594810894	0.0163566174051	-0.009999999999999787	0.67265234621	-0.473796636925	0.480769265471	0.196454860098	0.18670576611	1.0
475	2016-05-16	8.93	9.05	9.26	8.8	5758100	-0.599583774809	-0.301603418425	-0.120000000000001	-0.198294772555	-0.494792017774	0.575064877688	-0.0345634283831	-0.172474907142	1.0
476	2016-05-17	8.99	8.98	9.23	8.85	4361400	-0.579131889763	0.0750090518777	0.009999999999999787	-0.532711080765	-0.513232300387	0.463169485054	0.0309677916886	0.0525737398452	0.0
477	2016-05-18	8.8	8.94	9.12	8.77	4798800	-0.0562518415228	-0.364496477016	-0.1399999999999988	-0.63948988045	-0.532934226527	0.419677662927	-0.0868225026176	-0.0585606144643	1.0
478	2016-05-19	8.85	8.75	8.9	8.62	5955700	0.1584691812	0.345285509126	0.09999999999999964	-0.927387440198	-0.544321429656	0.287357382365	0.096084257203	0.107035259694	1.0
479	2016-05-20	9.15	8.92	9.2	8.75	5928200	-0.216243603561	0.721450645206	0.23000000000000043	-0.249601453319	-0.555948492107	0.0601644275954	0.119725266976	-0.0140816005735	1.0
480	2016-05-23	9.26	9.2	9.6	9.2	5698400	-0.26832006924	0.216715165872	0.0600000000000005	-0.493364703616	-0.559053983831	-0.274080638495	-0.0196322643162	-0.0794733326431	1.0
481	2016-05-24	9.71	9.91	10.08	9.63	9519200	0.813378473765	-0.482974925903	-0.1999999999999993	-0.397861349943	-0.560167300214	-0.739041348227	0.211386024165	0.132939230852	1.0
482	2016-05-25	10.08	9.82	10.18	9.71	6070200	-0.761773381444	0.739578059903	0.2599999999999998	-0.346442923989	-0.554082961287	-0.332091775836	0.0604153652652	-0.104366417122	0.0
483	2016-05-26	9.98	10.2	10.24	9.77	6191600	-0.178700777737	-0.519317340245	-0.21999999999999886	-0.371138450375	-0.55068876807	-0.062018777491	-0.102583175799	-0.0635518674435	1.0
484	2016-05-27	10.2	9.99	10.22	9.72	5138300	-0.468646512128	0.596629851425	0.20999999999999908	-0.260032635807	-0.546509498864	0.0933684372696	0.173228604882	0.165729867513	1.0
485	2016-05-31	10.27	10.27	10.51	10.1	5931000	0.0260785800271	0.0458305324339	0.0	-0.622034672443	-0.543734723402	0.14417222736	-0.0270978463496	-0.135008919589	1.0
486	2016-06-01	10.32	10.16	10.32	9.92	4875700	-0.480560443298	0.458465342837	0.16000000000000014	-0.654424204318	-0.542547280961	0.0933684372696	0.0338710735905	0.0496042602246	1.0
487	2016-06-02	10.72	10.28	10.75	10.23	5079800	-0.145360268103	1.16733020195	0.4400000000000013	-0.260245921768	-0.542489660704	-0.062018777491	0.186915505277	0.0708328804907	0.0
488	2016-06-03	10.72	11.0	11.0	10.66	5973100	0.0589909220379	-0.621137370199	-0.27999999999999936	-0.946627834392	-0.54704938866	-0.332091775836	-0.0988503847827	-0.165461880804	1.0
489	2016-06-06	10.92	10.7	11.0	10.39	4564200	-0.568931341929	0.584569626016	0.22000000000000064	-5.21437708194e-05	-0.549559245991	0.514550337135	0.137559712945	0.154041490284	1.0
490	2016-06-07	11.07	10.94	11.1	10.75	3850200	-0.447779115614	0.357192539735	0.13000000000000078	-0.927932145945	-0.553456641106	0.453458734592	0.0235022096551	-0.0822532710113	0.0
491	2016-06-08	11.06	11.15	11.29	10.91	3941400	-0.173076635882	-0.165667937651	-0.08999999999999986	-0.836932266129	-0.555107596493	0.264902226718	-0.0183880006439	-0.0111753013704	0.0
492	2016-06-09	10.9	10.89	10.96	10.77	3198800	-0.496544451528	0.0698914235822	0.009999999999999787	-1.46918245966	-0.556153464164	0.302926895062	-0.0445175377611	-0.002709125431	0.0
493	2016-06-10	10.26	10.79	10.79	10.24	3959500	0.153477288237	-1.24121530113	-0.5299999999999994	-0.157277944755	-0.558296217441	-0.0702416056633	-0.233230861386	-0.0854754723016	0.0
494	2016-06-13	9.97	9.91	10.3	9.85	4395200	-0.0413818188686	0.204472169935	0.0600000000000005	-0.420466485476	-0.556406678181	0.646870617697	0.0533645377891	0.169647053396	0.0
495	2016-06-14	9.71	9.84	10.07	9.53	4451800	-0.189561956574	-0.300338203326	-0.129999999999999	-0.0447501878273	-0.551339696902	0.728387108168	-0.0743798658951	-0.102344643763	1.0
496	2016-06-15	9.82	9.8	10.23	9.64	4891900	-0.0584327371598	0.0993046354146	0.019999999999999574	0.139870386946	-0.547813457266	1.25208744842	0.114748212287	0.099264068347	1.0
497	2016-06-16	9.84	9.66	9.895	9.51	4415300	-0.357785735341	0.534072342258	0.17999999999999972	-0.638422437951	-0.545291370635	0.690362439824	-0.0312453919238	-0.0977324732886	1.0
498	2016-06-17	10.65	9.88	10.83	9.87	8843200	1.32024225792	2.0879134327	0.7699999999999996	1.39757743629	-0.545566042195	0.690362439824	0.385997692837	0.219306861518	1.0
499	2016-06-20	10.85	10.89	11.47	10.8	8239600	-0.313298013322	-0.0504130321596	-0.040000000000000924	0.196194765222	-0.54605814019	0.534975225063	-0.129127467474	-0.311282284298	1.0
500	2016-06-21	11.2	11.01	11.26	10.95	5898400	-0.642541169779	0.498004827394	0.1899999999999995	-1.07444457315	-0.544662424532	0.908143725789	0.181938450588	0.218675057344	0.0
501	2016-06-22	11.1	11.2	11.46	11.03	4121800	-0.668559720083	-0.188118668107	-0.09999999999999964	-0.673168975902	-0.544271086958	0.826627235318	-0.117514339866	-0.174559860918	1.0
502	2016-06-23	11.32	11.26	11.4	11.15	4479400	-0.0768873777375	0.185452080181	0.0600000000000005	-1.29192626488	-0.54011792693	0.572999893408	0.171569586653	0.177418244743	0.0
503	2016-06-24	10.78	10.52	11.065	10.5	15050700	3.38998618292	0.693416152182	0.2599999999999998	-0.127318450931	-0.539946266584	0.728387108168	-0.305398154376	-0.268509141679	0.0
504	2016-06-27	10.21	10.61	10.87	10.01	6833400	-1.04186294097	-0.942003980688	-0.3999999999999986	0.986537751183	-0.541552431225	0.646870617697	-0.0718913385506	0.178429131423	1.0
505	2016-06-28	10.48	10.52	10.899	10.3	5261700	-0.559976712584	-0.0537980244504	-0.03999999999999915	0.0232484447436	-0.547231252594	0.646870617697	0.25700902548	0.138941370511	1.0
506	2016-06-29	10.81	10.6	10.9	10.431	5284200	-0.202680033119	0.564932909483	0.21000000000000085	-0.475491054749	-0.55257170501	0.534975225063	0.0380186191647	-0.169694968774	0.0
507	2016-06-30	10.81	10.7	10.88	10.32	5661200	-0.100394300414	0.315200079225	0.11000000000000121	-0.164351423553	-0.559085119777	0.638070727443	-0.0602782109429	-0.0279181119969	1.0
508	2016-07-01	11.05	10.86	11.14	10.77	4190800	-0.605318122718	0.504250328705	0.19000000000000128	-0.853672880583	-0.559031100787	0.779190898259	0.150002349667	0.127695256203	0.0
509	2016-07-05	10.65	10.92	10.96	10.6	3083700	-0.612091033453	-0.602028792141	-0.2699999999999996	-0.868550236663	-0.558727994231	0.290759551867	-0.239037425189	-0.216448477693	0.0
510	2016-07-06	10.59	10.38	10.66	10.25	2966500	-0.267164685368	0.575935079324	0.20999999999999908	-0.652880049197	-0.559501441133	1.30289123851	0.121799039763	0.228910284972	1.0
511	2016-07-07	10.77	10.55	11.13	10.52	5765300	1.22967471989	0.592229423555	0.21999999999999886	0.0298667020947	-0.560350664675	1.17057095795	0.0794940749063	-0.0648786562102	1.0
512	2016-07-08	10.97	10.96	11.22	10.85	4454300	-0.555999727363	0.0697377500074	0.009999999999999787	-0.854833493359	-0.562532806799	1.00446960573	0.0471432194279	-0.0239377456971	1.0
513	2016-07-11	12.43	11.11	12.49	11.1	13488000	2.88381431096	3.15897632973	1.3200000000000003	2.32356118108	-0.542465877344	-2.49385559555	0.636094690959	0.290574372411	1.0
514	2016-07-12	12.46	12.53	12.65	12.19	7082600	-0.933461861032	-0.100551090251	-0.06999999999999851	-0.739119503323	-0.530801151652	-1.89776035938	-0.380468729268	-0.58592755899	0.0
515	2016-07-13	12.43	12.8	13.4	12.14	9434900	0.297317635343	-0.711580004317	-0.370000000000001	1.63719797264	-0.523325148491	-1.43279964956	0.111844930385	0.381048730212	0.0
516	2016-07-14	12.28	12.6	12.72	12.24	5361400	-0.86765702209	-0.619624971327	-0.3200000000000003	-0.672408352953	-0.519476070362	-1.09855458356	-0.0441027832037	-0.113464397236	0.0
517	2016-07-15	11.9	12.31	12.47	11.85	5174800	-0.262281419564	-0.826870303377	-0.41000000000000014	-0.196390430997	-0.521823120458	-0.1122455055	-0.119173358096	-0.0296871636858	0.0
518	2016-07-18	11.85	11.95	12.0	11.65	4384500	-0.442114948678	-0.173435663889	-0.09999999999999964	-1.018060349	-0.523539723924	0.419677662927	0.0882039206121	0.11360602311	0.0
519	2016-07-19	11.01	11.98	11.98	10.985	9468700	1.55927169053	-2.07572548983	-0.9700000000000006	1.13524046774	-0.527974683018	0.419677662927	-0.387104802187	-0.262001558681	0.0
520	2016-07-20	10.9	11.09	11.13	10.88	6044700	-0.760693780482	-0.403081910083	-0.1899999999999995	-1.26954011073	-0.532344894349	0.419677662927	0.202676178459	0.353628429035	1.0
521	2016-07-21	11.23	11.09	11.49	11.03	7211500	0.0851847126985	0.376608121657	0.14000000000000057	-0.57318172038	-0.537335348725	0.419677662927	0.125946585337	-0.11485436642	0.0
522	2016-07-22	11.08	11.32	11.52	11.06	4989900	-0.679026705214	-0.509695484398	-0.2400000000000002	-0.578728517057	-0.538534495281	0.419677662927	-0.16023405928	-0.150361761032	1.0
523	2016-07-25	11.41	11.11	11.5	11.057	4933200	-0.226531152019	0.753363668183	0.3000000000000007	-0.643862362815	-0.541809846718	0.660525883091	0.23461227938	0.23939823427	0.0
524	2016-07-26	11.32	11.41	11.54	11.25	4094000	-0.468639080499	-0.160848515897	-0.08999999999999986	-1.16481598328	-0.546804802677	0.402941932332	-0.13617829495	-0.229779545777	1.0
525	2016-07-27	11.57	11.47	11.83	11.42	10651700	2.23366448444	0.274272646301	0.09999999999999964	-0.785256256374	-0.553282880021	0.467113999986	0.180694186916	0.198330962922	1.0
526	2016-07-28	13.02	12.15	13.28	11.754	24145000	1.72274537869	1.92204535554	0.8699999999999992	2.44257630611	-0.540424559726	-0.871361628789	0.594619235217	0.162697207475	0.0
527	2016-07-29	12.64	12.88	12.89	12.23	11407200	-1.01377037571	-0.44241127739	-0.2400000000000002	-0.177338359322	-0.532607411636	-0.336036290768	-0.560472207187	-0.639251831325	1.0
528	2016-08-01	12.94	12.58	13.3	12.47	7627200	-0.71457072334	0.795658176774	0.35999999999999943	0.32466299402	-0.520545046156	-0.198283572985	0.380605883591	0.626441471621	0.0
529	2016-08-02	12.55	12.9	13.32	12.53	6741900	-0.38622117775	-0.665084867659	-0.34999999999999964	0.212961456319	-0.520753019268	0.135595091646	-0.283416162833	-0.426270644073	1.0
530	2016-08-03	13.3	12.73	13.5	12.61	7598100	-0.0155197802129	1.21906831425	0.5700000000000003	0.450347678968	-0.516647576015	0.522773165308	0.493419123208	0.447135446874	1.0
531	2016-08-04	13.53	13.5	13.828	13.191	7028900	-0.323451509841	0.104057889013	0.02999999999999936	-0.350337698422	-0.511160146929	0.826627235318	-0.132030749376	-0.408264225097	1.0
532	2016-08-05	13.77	13.59	14.14	13.59	7028200	-0.209353488683	0.39288100211	0.17999999999999972	-0.611387345089	-0.512996717569	0.638070727443	0.118066248746	0.192707905768	1.0
533	2016-08-08	14.29	14.0	14.8	13.961	10105600	0.458582060274	0.588592677688	0.28999999999999915	0.108654086147	-0.508631983163	0.522773165308	0.199772896557	0.023194845727	1.0
534	2016-08-09	14.54	14.68	14.87	14.39	7253300	-0.639657890992	-0.204055262149	-0.14000000000000057	-0.8883503015	-0.514623289384	0.385020447524	-0.00387159113434	-0.119592897729	0.0
535	2016-08-10	14.14	14.67	14.68	13.93	6777700	-0.309202103977	-0.900810540784	-0.5299999999999994	-0.164485189526	-0.533461586918	0.273125054981	-0.19880623312	-0.0667108883165	0.0
536	2016-08-11	13.97	14.35	14.36	13.96	5197900	-0.564682057479	-0.648028559902	-0.379999999999999	-1.06188843424	-0.533810834695	0.558329147001	0.0724432474302	0.17128974425	1.0
537	2016-08-12	14.3	14.03	14.33	13.828	4973400	-0.275071108569	0.550080270449	0.27000000000000135	-0.790938883979	-0.53829441088	0.754821495308	0.179864677801	0.0155500152145	1.0
538	2016-08-15	15.61	14.3	16.25	14.3	17228000	3.54866798491	2.44618205015	1.3099999999999987	2.78680651293	-0.52192823241	-0.0210303584846	0.500884705241	0.124852137418	0.0
539	2016-08-16	15.39	15.7	16.0	15.25	8848700	-0.95097086588	-0.471539928889	-0.3099999999999987	-0.308354700268	-0.529258009166	0.575064877688	-0.440193385536	-0.514533687262	1.0
540	2016-08-17	15.41	15.51	15.62	15.19	5288200	-0.822861122977	-0.123107639459	-0.09999999999999964	-1.07827435485	-0.530350318163	0.826627235318	0.194795841868	0.449409941902	0.0
541	2016-08-18	15.12	15.43	15.49	14.9	5685400	-0.0946510185945	-0.480593073708	-0.3100000000000005	-0.670901334278	-0.536302985802	1.09670023366	-0.143229122426	-0.226873246574	0.0
542	2016-08-19	15.12	15.01	15.21	14.6	6248000	-0.058285824939	0.237852794303	0.10999999999999943	-0.600591135438	-0.541904079846	1.25208744842	0.0989875391049	0.146965283528	1.0
543	2016-08-22	15.2	14.98	15.9	14.9	6696900	-0.0996283575762	0.430644170707	0.21999999999999886	0.370708648891	-0.543126184472	1.34638306064	0.0255759824422	-0.0665845274816	1.0
544	2016-08-23	15.51	15.61	15.99	15.47	8013700	0.0906745656301	-0.122025396205	-0.09999999999999964	-0.867068330056	-0.541721615701	1.34638306064	0.131338394583	0.0533950852722	0.0
