#index	date	close	open	high	low	volume	percent_change	dollar_change	spread
0	2015-10-19	16.549999	18.50	18.50	16.48	1581600	-0.10540545945945948	-1.9500010000000003	0.11526391199041117	
1	2015-10-20	16.870001	16.25	16.93	16.25	709600	0.0381539076923076	0.6200009999999985	0.041062800692548265	
2	2015-10-21	16.48	17.25	17.35	16.40	78600	-0.04463768115942027	-0.7699999999999996	0.05632967684553826	
3	2015-10-22	16.950001	16.709999	17.049999	16.24	110000	0.01436277763990294	0.2400020000000005	0.04812828282828291	
4	2015-10-23	17.00	17.25	17.25	16.85	59900	-0.014492753623188406	-0.25	0.02335766423357656	
5	2015-10-26	16.42	17.110001	17.110001	16.309999	514800	-0.04032735006853587	-0.6900009999999988	0.04771857895262212	
6	2015-10-27	15.73	16.559999	16.75	15.60	636000	-0.05012071558699978	-0.8299990000000008	0.07122948501794629	
7	2015-10-28	16.280001	15.90	16.35	15.845	296300	0.02389943396226404	0.38000099999999826	0.031385953033376275	
8	2015-10-29	15.95	16.01	16.27	15.55	290400	-0.003747657713928936	-0.060000000000002274	0.04505632040050055	
9	2015-10-30	14.72	15.90	16.10	14.72	2449300	-0.0742138364779874	-1.1799999999999997	0.09013716525146967	
10	2015-11-02	14.49	14.99	15.17	13.86	40866200	-0.0333555703802535	-0.5	0.0888738127544098	
11	2015-11-03	14.36	14.07	14.71	13.675	40205800	0.020611229566453386	0.28999999999999915	0.0728104115371087	
12	2015-11-04	13.66	14.39	14.51	13.61	31525800	-0.050729673384294675	-0.7300000000000004	0.06417112299465243	
13	2015-11-05	13.28	13.64	13.89	13.12	22190500	-0.026392961876832932	-0.3600000000000012	0.05720653789004467	
14	2015-11-06	14.40	13.18	14.48	13.15	30050000	0.0925644916540213	1.2200000000000006	0.09644670050761422	
15	2015-11-09	14.20	14.26	14.48	14.13	17528100	-0.004207573632538604	-0.0600000000000005	0.024595924104005597	
16	2015-11-10	14.41	14.13	14.44	14.01	14777800	0.019815994338287287	0.27999999999999936	0.0301331464611072	
17	2015-11-11	14.11	14.20	14.31	14.09	11009400	-0.006338028169014075	-0.08999999999999986	0.015542211232779983	
18	2015-11-12	13.70	13.81	13.82	13.59	20371700	-0.00796524257784223	-0.11000000000000121	0.01672119229371141	
19	2015-11-13	13.39	13.61	13.76	13.15	14924500	-0.016164584864070453	-0.21999999999999886	0.04518518518518514	
20	2015-11-16	13.38	13.37	13.61	13.14	13781700	0.0007479431563202366	0.010000000000001563	0.035140186915887765	
21	2015-11-17	13.22	13.38	13.49	13.12	12420800	-0.011958146487294478	-0.16000000000000014	0.027819548872180525	
22	2015-11-18	13.64	13.48	13.73	13.189	13020500	0.011869436201780426	0.16000000000000014	0.03989675516224191	
23	2015-11-19	13.78	13.53	13.89	13.52	13171500	0.018477457501847747	0.25	0.0270963017209814	
24	2015-11-20	14.21	13.78	14.63	13.68	18559400	0.03120464441219169	0.4300000000000015	0.06788138620936056	
25	2015-11-23	13.85	14.17	14.21	13.57	15317300	-0.02258292166549049	-0.3200000000000003	0.04568165596002859	
26	2015-11-24	13.69	13.58	14.025	13.50	24110900	0.008100147275404965	0.10999999999999943	0.03850385038503853	
27	2015-11-25	14.12	13.91	14.86	13.84	22677100	0.015097052480229984	0.20999999999999908	0.07277916518016407	
28	2015-11-27	14.35	14.12	14.64	14.05	6041700	0.016288951841359804	0.23000000000000043	0.04144713733754829	
29	2015-11-30	14.86	14.23	15.00	14.18	29104300	0.044272663387210046	0.629999999999999	0.056376761773805455	
30	2015-12-01	15.61	14.88	15.88	14.85	25106600	0.049059139784946144	0.7299999999999986	0.06756313545424736	
31	2015-12-02	14.95	15.37	15.54	14.87	12681100	-0.02732595966167859	-0.41999999999999993	0.0441952506596306	
32	2015-12-03	14.62	15.00	15.34	14.58	18905200	-0.025333333333333385	-0.3800000000000008	0.05131667792032409	
33	2015-12-04	15.22	14.39	15.295	14.24	12001100	0.057678943710910355	0.8300000000000001	0.07125970955758187	
34	2015-12-07	15.45	15.00	15.48	14.92	9546000	0.029999999999999954	0.4499999999999993	0.03678160919540233	
35	2015-12-08	15.17	15.09	15.29	14.62	11617600	0.005301524188204113	0.08000000000000007	0.04428288169200264	
36	2015-12-09	14.85	14.99	15.39	14.68	14261900	-0.009339559706471018	-0.14000000000000057	0.047587131367292285	
37	2015-12-10	14.72	14.79	14.81	14.53	11350200	-0.004732927653820048	-0.06999999999999851	0.018976618095560904	
38	2015-12-11	14.18	14.99	15.40	14.14	10616200	-0.05403602401601071	-0.8100000000000005	0.08639012684264653	
39	2015-12-14	14.44	14.30	14.50	13.92	11528100	0.009790209790209706	0.1399999999999988	0.04036186499652053	
40	2015-12-15	14.56	14.51	14.98	14.485	12888700	0.0034458993797381607	0.05000000000000071	0.034055727554179634	
41	2015-12-16	14.70	14.62	14.81	14.55	7841000	0.00547195622435021	0.08000000000000007	0.017735334242837637	
42	2015-12-17	14.31	14.61	14.72	14.22	7624700	-0.020533880903490686	-0.29999999999999893	0.03457814661134163	
43	2015-12-18	14.16	14.27	14.385	14.00	19337600	-0.007708479327259946	-0.10999999999999943	0.02708406612733027	
44	2015-12-21	14.02	14.12	14.40	13.87	9863300	-0.007082152974504224	-0.09999999999999964	0.03766879886282879	
45	2015-12-22	14.06	14.04	14.14	13.92	7292500	0.0014245014245015208	0.02000000000000135	0.01565836298932389	
46	2015-12-23	14.91	14.19	14.97	14.05	11252000	0.05073995771670195	0.7200000000000006	0.06323024054982818	
47	2015-12-24	15.02	14.81	15.17	14.79	2178500	0.01417960837272107	0.20999999999999908	0.02547770700636948	
48	2015-12-28	15.23	14.89	15.28	14.82	5930600	0.022834116856950963	0.33999999999999986	0.030544488711819327	
49	2015-12-29	15.20	15.29	15.437	15.18	6275800	-0.005886200130804439	-0.08999999999999986	0.01685798622499178	
50	2015-12-30	15.28	15.29	15.48	15.15	6275200	-0.0006540222367560358	-0.009999999999999787	0.021589793915603537	
51	2015-12-31	15.20	15.23	15.31	15.10	6768100	-0.0019697964543664566	-0.030000000000001137	0.013802168912257697	
52	2016-01-04	15.13	14.97	15.15	14.74	15076800	0.010688042752171018	0.16000000000000014	0.02724252491694353	
53	2016-01-05	15.03	15.13	15.25	14.94	10328200	-0.0066093853271646675	-0.10000000000000142	0.020557029177718865	
54	2016-01-06	14.80	14.62	15.00	14.51	11315100	0.012311901504788064	0.1800000000000015	0.033310673011556775	
55	2016-01-07	13.71	14.50	14.56	13.65	19844700	-0.054482758620689596	-0.7899999999999991	0.06451612903225808	
56	2016-01-08	13.54	13.77	14.02	13.31	16431900	-0.016702977487291243	-0.23000000000000043	0.05199560600512626	
57	2016-01-11	13.26	13.43	13.71	13.07	15110800	-0.01265822784810126	-0.16999999999999993	0.04795803671787191	
58	2016-01-12	13.26	13.35	13.42	13.09	12458500	-0.006741573033707855	-0.08999999999999986	0.024802705749718157	
59	2016-01-13	12.75	13.35	13.35	12.53	17720800	-0.04494382022471908	-0.5999999999999996	0.06283524904214562	
60	2016-01-14	13.00	12.75	13.17	12.65	13352500	0.0196078431372549	0.25	0.04038834951456308	
61	2016-01-15	12.54	12.60	12.80	12.49	19729500	-0.004761904761904801	-0.0600000000000005	0.02466189339697697	
62	2016-01-19	12.32	12.68	12.78	12.20	12925900	-0.028391167192428977	-0.35999999999999943	0.046400000000000004	
63	2016-01-20	12.06	12.00	12.20	11.625	16640100	0.005000000000000042	0.0600000000000005	0.04779717373233577	
64	2016-01-21	12.41	12.00	12.54	11.82	16729600	0.03416666666666668	0.41000000000000014	0.058992216304793024	
65	2016-01-22	13.35	12.70	13.43	12.65	15269900	0.05118110236220476	0.6500000000000004	0.05988483685220725	
66	2016-01-25	13.34	13.29	13.55	13.12	11183400	0.0037622272385252607	0.05000000000000071	0.0322944048066092	
67	2016-01-26	13.60	13.35	13.725	13.35	10726100	0.018726591760299626	0.25	0.027829313543599257	
68	2016-01-27	13.39	13.53	13.61	12.955	18484500	-0.01034737620103465	-0.1399999999999988	0.048662704309063845	
69	2016-01-28	13.19	13.45	13.70	13.07	9874400	-0.019330855018587344	-0.2599999999999998	0.047297297297297224	
70	2016-01-29	13.76	13.41	13.88	13.35	11361900	0.026099925428784462	0.34999999999999964	0.039013617960986464	
71	2016-02-01	13.79	13.67	13.88	13.53	9549600	0.008778346744696358	0.11999999999999922	0.02549162418062647	
72	2016-02-02	13.45	13.70	13.97	13.36	9677500	-0.018248175182481754	-0.25	0.04493554327808481	
73	2016-02-03	13.37	13.66	13.77	13.11	7553000	-0.021229868228404166	-0.2900000000000009	0.04883462819089901	
74	2016-02-04	13.85	13.31	13.89	13.31	6499100	0.04057099924868513	0.5399999999999991	0.0427098674521355	
75	2016-02-05	13.20	13.69	13.75	13.035	13227700	-0.035792549306062835	-0.4900000000000002	0.053179620676831525	
76	2016-02-08	12.51	13.00	13.05	12.37	14815900	-0.037692307692307706	-0.4900000000000002	0.05331242649941212	
77	2016-02-09	12.72	12.37	12.86	12.31	6686500	0.02829426030719494	0.3500000000000014	0.043842168194499716	
78	2016-02-10	12.86	12.77	13.07	12.71	5982200	0.007047768206734523	0.08999999999999986	0.028092079594225473	
79	2016-02-11	12.40	12.57	12.67	12.015	9834300	-0.013524264120922827	-0.16999999999999993	0.05246295554665594	
80	2016-02-12	12.29	12.50	12.79	12.18	10549400	-0.01680000000000007	-0.21000000000000085	0.04921339249697454	
81	2016-02-16	12.33	12.41	12.49	12.27	11976900	-0.0064464141821112065	-0.08000000000000007	0.01778496362166537	
82	2016-02-17	13.02	12.39	13.14	12.37	8666200	0.050847457627118564	0.629999999999999	0.06060606060606071	
83	2016-02-18	13.53	13.05	13.70	13.02	11734100	0.036781609195402194	0.47999999999999865	0.051166290443942795	
84	2016-02-19	13.67	13.51	13.74	13.25	9414400	0.011843079200592164	0.16000000000000014	0.03605592347314203	
85	2016-02-22	13.80	13.75	13.88	13.57	10755600	0.003636363636363688	0.05000000000000071	0.022504537205081707	
86	2016-02-23	13.09	13.72	13.82	12.84	14647000	-0.04591836734693883	-0.6300000000000008	0.07310704960835512	
87	2016-02-24	13.53	13.00	13.57	12.82	13226900	0.04076923076923072	0.5299999999999994	0.05653976630229928	
88	2016-02-25	13.68	13.45	13.71	13.24	12079900	0.017100371747211927	0.23000000000000043	0.034647991153704434	
89	2016-02-26	13.44	13.78	13.80	13.15	10824700	-0.02467343976777938	-0.33999999999999986	0.047759000734753886	
90	2016-02-29	13.27	13.31	13.48	13.20	12747300	-0.00300525920360638	-0.040000000000000924	0.021068472535741244	
91	2016-03-01	13.28	13.42	13.47	13.09	8354200	-0.010432190760059655	-0.14000000000000057	0.02846441947565549	
92	2016-03-02	13.90	13.38	14.05	13.35	10016700	0.038863976083706994	0.5199999999999996	0.05131964809384172	
93	2016-03-03	13.60	13.91	13.95	13.28	10029600	-0.022286125089863443	-0.3100000000000005	0.048709560159941837	
94	2016-03-04	15.44	14.90	15.84	14.82	33370500	0.03624161073825498	0.5399999999999991	0.06723796967699404	
95	2016-03-07	15.97	15.13	15.99	15.06	18478200	0.05551883674818241	0.8399999999999999	0.0598070739549839	
96	2016-03-08	15.23	15.75	15.79	15.205	12330500	-0.03301587301587299	-0.5199999999999996	0.03776630083925107	
97	2016-03-09	15.49	15.34	15.835	15.30	11069400	0.009778357235984378	0.15000000000000036	0.034706454751865075	
98	2016-03-10	15.90	15.55	16.209999	15.52	14285100	0.02250803858520898	0.34999999999999964	0.04387910969793324	
99	2016-03-11	16.33	16.00	16.440001	16.00	15683600	0.020624999999999893	0.3299999999999983	0.027219362820909296	
100	2016-03-14	16.41	16.200001	16.57	16.040001	9672400	0.01296290043438885	0.20999899999999982	0.032505304124339045	
101	2016-03-15	16.77	16.360001	16.879999	16.25	13934200	0.02506106203783234	0.4099989999999991	0.038031933654333515	
102	2016-03-16	17.190001	16.709999	17.23	16.60	12514000	0.028725435590989497	0.48000199999999893	0.0371681415929203	
103	2016-03-17	17.16	17.129999	17.33	16.959999	10868200	0.0017513719644699692	0.030000999999998612	0.021580694709264846	
104	2016-03-18	17.33	17.17	17.58	17.08	30962900	0.009318578916715002	0.1599999999999966	0.028985507246376812	
105	2016-03-21	17.709999	17.33	17.940001	17.299999	10730900	0.0219272360069245	0.37999900000000153	0.0365297955630649	
106	2016-03-22	17.51	17.41	18.08	17.34	11318500	0.005743825387708295	0.10000000000000142	0.04238258877434126	
107	2016-03-23	17.459999	17.52	17.57	17.09	11434900	-0.0034247146118721317	-0.06000099999999975	0.02744425464391811	
108	2016-03-24	17.57	17.41	17.639999	17.110001	8870000	0.00919012062033315	0.16000000000000014	0.0303029159519725	
109	2016-03-28	17.51	17.48	17.665001	17.219999	5532300	0.0017162471395881656	0.030000000000001137	0.02543595312946549	
110	2016-03-29	17.65	17.370001	17.68	17.219999	5926600	0.016119688191152098	0.2799990000000001	0.02627075881579777	
111	2016-03-30	17.889999	17.719999	17.915001	17.629999	10552600	0.009593679999643235	0.16999999999999815	0.01600685290687175	
112	2016-03-31	17.73	17.84	17.959999	17.51	10389800	-0.006165919282511179	-0.10999999999999943	0.025302164745572012	
113	2016-04-01	18.40	17.610001	18.545	17.559999	14849900	0.044860815169743495	0.7899989999999981	0.05470707984706806	
114	2016-04-04	18.040001	18.450001	18.450001	17.93	7667000	-0.022222221017765807	-0.41000000000000014	0.02850101241430464	
115	2016-04-05	17.610001	17.870001	17.91	17.559999	8300000	-0.014549523528286206	-0.259999999999998	0.01972948028582405	
116	2016-04-06	17.959999	17.65	17.98	17.459999	10391900	0.017563682719546815	0.30999900000000125	0.02920533640003756	
117	2016-04-07	17.74	17.790001	18.040001	17.625	9413700	-0.0028106237880482264	-0.05000100000000174	0.02336059602137361	
118	2016-04-08	17.889999	17.85	18.295	17.809999	7279800	0.0022408403361343482	0.03999899999999812	0.02714051558871059	
119	2016-04-11	17.73	17.950001	18.059999	17.66	5878500	-0.012256322436973674	-0.2200009999999999	0.02242146798146116	
120	2016-04-12	17.24	17.709999	17.76	17.18	8787900	-0.026538623745828636	-0.4699990000000014	0.03319027276653152	
121	2016-04-13	17.50	17.290001	17.51	17.15	8243200	0.012145690448485215	0.20999899999999982	0.02069560158966382	
122	2016-04-14	17.26	17.360001	17.40	17.059999	6686200	-0.005760425935459272	-0.1000009999999989	0.01964188273709162	
123	2016-04-15	17.40	17.41	17.48	16.85	11862000	-0.0005743825387709111	-0.010000000000001563	0.036196495259982704	
124	2016-04-18	17.440001	17.209999	17.485001	17.139999	5661500	0.013364440056039453	0.23000199999999893	0.01991353535353541	
125	2016-04-19	17.24	17.459999	17.48	17.15	6439700	-0.012600172542965289	-0.2199990000000014	0.019020173458794733	
126	2016-04-20	17.40	17.07	17.50	17.07	5440100	0.019332161687170373	0.3299999999999983	0.024949231215549737	
127	2016-04-21	17.459999	17.34	17.74	17.32	5970400	0.006920357554786619	0.11999899999999997	0.02413793172810138	
128	2016-04-22	17.49	17.440001	17.700001	17.33	7958000	0.0028669149732273346	0.04999899999999968	0.021185284248918405	
129	2016-04-25	17.209999	17.360001	17.41	16.82	5842100	-0.008640667705030698	-0.15000200000000063	0.03413364188602834	
130	2016-04-26	17.360001	17.25	17.465	17.23	6285100	0.006376869565217418	0.11000100000000046	0.013579889812774028	
131	2016-04-27	17.309999	17.299999	17.52	17.25	6363600	0.0005780347154934265	0.010000000000001563	0.015602427945820715	
132	2016-04-28	17.030001	17.17	17.385	16.92	4787600	-0.00815369831100775	-0.1399990000000031	0.02719298166102392	
133	2016-04-29	16.66	16.889999	16.91	16.51	7088100	-0.013617466762431389	-0.2299989999999994	0.02384500816229524	
134	2016-05-02	16.40	16.66	16.75	16.280001	8461200	-0.015606242496998893	-0.26000000000000156	0.028433091349062394	
135	2016-05-03	15.93	16.23	16.25	15.78	11065700	-0.01848428835489838	-0.3000000000000007	0.02922885572139308	
136	2016-05-04	15.93	15.80	16.00	15.68	6620500	0.008227848101265759	0.129999999999999	0.02017018594390169	
137	2016-05-05	15.72	15.95	15.97	15.64	3519200	-0.014420062695924682	-0.22999999999999865	0.020839911588253872	
138	2016-05-06	15.78	15.63	15.86	15.56	4983600	0.009596928982725437	0.14999999999999858	0.019102196752626484	
139	2016-05-09	15.86	15.71	15.96	15.67	4943300	0.009548058561425753	0.14999999999999858	0.018371872030408673	
140	2016-05-10	15.89	15.89	15.90	15.61	4761700	0.0	0.0	0.018250471994965444	
141	2016-05-11	16.02	15.89	16.355	15.88	6470200	0.008181246066708558	0.129999999999999	0.0297712315888436	
142	2016-05-12	15.90	16.09	16.139999	15.854	5417900	-0.011808576755748881	-0.1899999999999995	0.017880525164113807	
143	2016-05-13	15.77	15.90	16.115	15.69	6789000	-0.008176100628930866	-0.13000000000000078	0.026839280075781426	
144	2016-05-16	15.96	15.76	16.094999	15.71	8819400	0.012690355329949306	0.20000000000000107	0.024274842370744044	
145	2016-05-17	15.82	15.88	16.200001	15.69	14592600	-0.0037783375314861772	-0.0600000000000005	0.03217671924290225	
146	2016-05-18	15.67	15.79	15.93	15.515	6576500	-0.007599746675110781	-0.11999999999999922	0.026382708200889966	
147	2016-05-19	15.78	15.51	15.79	15.38	6684900	0.017408123791102487	0.2699999999999996	0.026206455736656975	
148	2016-05-20	15.87	15.76	15.99	15.66	8982900	0.006979695431472045	0.10999999999999943	0.020866266202971866	
149	2016-05-23	16.07	15.88	16.27	15.87	8649900	0.011964735516372765	0.1899999999999995	0.025039123630672948	
150	2016-05-24	16.25	16.10	16.34	15.99	12562100	0.009316770186335315	0.14999999999999858	0.021638330757341555	
151	2016-05-25	17.35	18.33	18.50	17.120001	43833800	-0.05346426623022351	-0.9799999999999969	0.07735420403587452	
152	2016-05-26	17.389999	17.00	17.690001	16.84	21733100	0.022941117647058796	0.38999899999999954	0.049433034295813666	
153	2016-05-27	18.26	17.459999	18.34	17.459999	22958500	0.04581907478917964	0.8000010000000017	0.04927217383180778	
154	2016-05-31	18.469999	18.00	18.469999	17.76	24952900	0.026111055555555634	0.4699990000000014	0.038936058100796755	
155	2016-06-01	18.290001	18.309999	18.379999	18.139999	12293100	-0.0010921901197264439	-0.01999800000000107	0.013114754098360763	
156	2016-06-02	18.50	18.139999	18.530001	18.10	13663300	0.019845701204283445	0.36000100000000046	0.023471670946279072	
157	2016-06-03	18.35	18.40	18.50	18.280001	9285500	-0.0027173913043476716	-0.04999999999999716	0.011972734693877626	
158	2016-06-06	18.90	18.280001	18.969999	18.280001	12841300	0.0339167924553177	0.619999	0.037116620841403575	
159	2016-06-07	19.16	18.84	19.245001	18.77	14286200	0.016985138004246298	0.3200000000000003	0.025000052631578888	
160	2016-06-08	19.35	19.27	19.620001	19.200001	15820700	0.004151530877010994	0.08000000000000185	0.021750388399792757	
161	2016-06-09	19.549999	19.389999	19.65	19.33	9375400	0.008251676547275745	0.16000000000000014	0.016435542703417717	
162	2016-06-10	19.120001	19.309999	19.33	18.90	9830700	-0.009839358355223258	-0.18999800000000278	0.02237835024720269	
163	2016-06-13	18.60	19.01	19.15	18.58	10147200	-0.021567596002104162	-0.41000000000000014	0.030311087476734926	
164	2016-06-14	18.309999	18.469999	18.639999	18.215	14356100	-0.008662696733226685	-0.16000000000000014	0.023110332958691276	
165	2016-06-15	18.799999	18.43	19.059999	18.41	11967600	0.020075908844275635	0.36999899999999997	0.034918024037551065	
166	2016-06-16	18.66	18.68	18.83	18.575001	12329300	-0.0010706638115631465	-0.019999999999999574	0.013658221746116654	
167	2016-06-17	18.940001	18.59	19.01	18.49	16641100	0.01882738031199564	0.3500009999999989	0.027711163663438385	
168	2016-06-20	19.379999	19.219999	19.610001	19.16	15869500	0.008324662243738937	0.16000000000000014	0.02331611519772619	
169	2016-06-21	19.76	19.41	19.85	19.26	11557700	0.01803194229778472	0.3500000000000014	0.03012509573653305	
170	2016-06-22	19.209999	19.66	19.76	19.190001	10573300	-0.022889165818921683	-0.4500010000000003	0.029328480301736196	
171	2016-06-23	19.65	19.370001	19.690001	19.34	10184400	0.014455290941905482	0.2799990000000001	0.01793956899181007	
172	2016-06-24	18.16	18.610001	19.08	18.110001	25420700	-0.024180600527641042	-0.4500010000000003	0.05276034667499725	
173	2016-06-27	17.200001	18.00	18.01	16.965	18240300	-0.044444388888888874	-0.7999989999999997	0.05937499831321037	
174	2016-06-28	17.40	17.50	17.58	17.105	13635800	-0.005714285714285796	-0.10000000000000142	0.027220630372492716	
175	2016-06-29	17.780001	17.74	17.91	17.605	8259900	0.002254847801578364	0.040001000000000175	0.017173422939937403	
176	2016-06-30	18.27	17.92	18.50	17.879999	12492700	0.01953124999999988	0.34999999999999787	0.03426366399557881	
177	2016-07-01	18.49	18.469999	18.639999	18.15	8928500	0.0010828912335077575	0.02000099999999705	0.026515098119997298	
178	2016-07-05	18.200001	18.389999	18.43	17.940001	6134800	-0.010331593819009954	-0.18999799999999922	0.026783219458868593	
179	2016-07-06	18.40	18.00	18.43	17.92	7264500	0.022222222222222143	0.3999999999999986	0.028021978021977915	
180	2016-07-07	18.469999	18.34	18.709999	18.34	6277000	0.00708827699018547	0.12999900000000153	0.020103179030241208	
181	2016-07-08	19.040001	18.76	19.040001	18.575001	10898500	0.014925426439232335	0.2800009999999986	0.024603173952296976	
182	2016-07-11	19.34	19.15	19.465	19.139999	10161700	0.00992167101827683	0.19000000000000128	0.016887555209145252	
183	2016-07-12	19.690001	19.43	19.90	19.43	12949500	0.013381420483787907	0.26000099999999904	0.024028629242621894	
184	2016-07-13	19.50	19.690001	19.76	19.299999	6867600	-0.009649618605910622	-0.19000099999999875	0.0234754268059346	
185	2016-07-14	19.99	19.620001	20.166	19.620001	14920200	0.018858255919558822	0.36999899999999997	0.02756874457034232	
186	2016-07-15	19.77	20.08	20.17	19.690001	8745500	-0.015438247011952129	-0.3099999999999987	0.024090288582183338	
187	2016-07-18	19.790001	19.719999	19.98	19.65	5880900	0.003549797340253353	0.07000199999999879	0.016704631738800393	
188	2016-07-19	19.790001	19.690001	19.940001	19.68	5534700	0.005078719904585146	0.10000000000000142	0.013171275928506743	
189	2016-07-20	20.059999	19.799999	20.08	19.725	5314000	0.013131313794510878	0.26000000000000156	0.01781234409494937	
190	2016-07-21	19.75	20.030001	20.16	19.705	9055400	-0.013979080680025858	-0.2800009999999986	0.022875816418405914	
191	2016-07-22	20.049999	19.82	20.049999	19.74	8366500	0.01160438950554992	0.2299989999999994	0.015550489479570904	
192	2016-07-25	20.209999	20.35	20.49	20.190001	9714900	-0.0068796560196560975	-0.1400010000000016	0.01479285046333456	
193	2016-07-26	20.450001	20.190001	20.459999	20.145	7947600	0.012877661571190689	0.26000000000000156	0.015501918528448906	
194	2016-07-27	20.35	20.50	20.665001	20.257999	6553300	-0.007317073170731638	-0.14999999999999858	0.019926658506731875	
195	2016-07-28	20.309999	20.299999	20.43	20.15	4357500	0.0004926108617050455	0.010000000000001563	0.013789707647855639	
196	2016-07-29	21.02	20.32	21.90	20.10	31460900	0.03444881889763776	0.6999999999999993	0.08708272859216241	
197	2016-08-01	21.08	21.139999	21.59	20.629999	13895700	-0.002838174211834222	-0.059999000000001246	0.0454761261363364	
198	2016-08-02	20.77	21.030001	21.10	20.645	11025700	-0.01236333750055452	-0.26000099999999904	0.02177033440740836	
199	2016-08-03	21.51	20.77	21.52	20.68	13898100	0.035628310062590374	0.740000000000002	0.03973509933774834	
200	2016-08-04	21.76	21.48	21.92	21.459999	8926500	0.013035381750465602	0.28000000000000114	0.021276641998149947	
201	2016-08-05	21.91	21.84	22.200001	21.77	9491100	0.003205128205128218	0.07000000000000028	0.019657188571428605	
202	2016-08-08	21.65	22.00	22.17	21.58	7776200	-0.015909090909090973	-0.3500000000000014	0.027033218785796263	
203	2016-08-09	21.700001	21.73	21.860001	21.620001	8058600	-0.0013805338242061716	-0.02999900000000011	0.011052267763014878	
204	2016-08-10	21.549999	21.73	21.75	21.43	5689400	-0.008283525080533859	-0.18000100000000074	0.014787431025587605	
205	2016-08-11	21.780001	21.59	21.860001	21.52	7576600	0.008800416859657191	0.19000099999999875	0.015679086564927718	
206	2016-08-12	21.889999	21.68	21.959999	21.495001	10561300	0.009686300738007372	0.20999899999999982	0.021344870813515576	
207	2016-08-15	22.01	21.93	22.190001	21.90	7158500	0.003647970816233554	0.08000000000000185	0.013199863450159317	
208	2016-08-16	22.065001	21.90	22.17	21.809999	6101600	0.0075342922374429305	0.16500100000000018	0.016376708373098885	
209	2016-08-17	21.639999	22.059999	22.190001	21.48	9769600	-0.01903898545054339	-0.4200000000000017	0.032494326429946215	
210	2016-08-18	21.860001	21.540001	21.889999	21.540001	6718100	0.014856081018752056	0.3200000000000003	0.016128939348896774	
211	2016-08-19	21.879999	21.780001	21.959999	21.74	6041300	0.004591276189565048	0.09999800000000292	0.010077828676133825	
212	2016-08-22	21.940001	21.82	21.975	21.629999	4439600	0.005499587534372065	0.12000099999999847	0.015767869840770794	
213	2016-08-23	21.93	22.030001	22.07	21.875	7915500	-0.0045393098257235165	-0.1000009999999989	0.008871701345047753	
214	2016-08-24	21.690001	21.92	22.049999	21.67	4513200	-0.010492655109489185	-0.22999900000000295	0.017427149336685318	
