#index	date	close	open	high	low	volume	dVolume	percent_change	dollar_change	spread	var	entropy	slope	concavity	answer
40	2015-12-15	14.46465	14.51	14.98	14.485	12888700	0.00642091130494	-0.154915109948	-0.04534999999999911	0.21782991031	-0.557034107137	1.06072585024	-0.363645477095	-1.0681681557	1.0
41	2015-12-16	14.603733	14.62	14.81	14.55	7841000	-0.741883462797	-0.054535806075	-0.016266999999999143	-0.892655832389	-0.558085215402	1.25038676398	0.193178240229	0.422664378934	0.0
42	2015-12-17	14.216288	14.61	14.72	14.22	7624700	-0.207369507418	-1.34297763658	-0.39371199999999895	0.253283373037	-0.501201813855	1.1541362398	-1.04974060448	-0.603948816955	0.0
43	2015-12-18	14.067269	14.27	14.385	14.0	19337600	2.08860499607	-0.707554557078	-0.202731	-0.256577175922	-0.47297270276	0.990104224107	0.22101749437	0.785483573234	0.0
44	2015-12-21	13.928187	14.12	14.4	13.87	9863300	-0.886217256984	-0.676519431062	-0.1918129999999998	0.463629927442	-0.619689047095	1.1541362398	-0.301995637767	-0.394988441677	1.0
45	2015-12-22	13.967925	14.04	14.14	13.92	7292500	-0.549552444738	-0.255061986404	-0.07207499999999989	-1.0339869013	-0.738801297215	1.25038676398	0.173291285688	0.256786818827	1.0
46	2015-12-23	14.812358	14.19	14.97	14.05	11252000	0.630318955985	2.1882437541	0.6223580000000002	2.20327890112	-0.719546371196	1.36084787112	1.69860884842	0.659469367776	1.0
47	2015-12-24	14.921638	14.81	15.17	14.79	2178500	-1.35083765904	0.37688216876	0.11163799999999924	-0.365814713496	-0.628922781005	1.36084787112	-0.976160714318	-1.50337883765	1.0
48	2015-12-28	15.130262	14.89	15.28	14.82	5930600	2.36192207653	0.805662574608	0.24026199999999953	-0.0210202246863	-0.47598332635	1.41184720414	0.594890878529	1.10580939324	0.0
49	2015-12-29	15.100459	15.29	15.437	15.18	6275800	-0.0814061054457	-0.617268268927	-0.1895409999999984	-0.952374907124	-0.352757088867	1.36084787112	-0.363647078525	-0.579624269616	1.0
50	2015-12-30	15.179935	15.29	15.48	15.15	6275200	-0.167007470136	-0.35804315804	-0.11006499999999875	-0.630400433294	-0.22342199952	1.20344070323	0.250850728684	0.388963028184	0.0
51	2015-12-31	15.100459	15.23	15.31	15.1	6768100	-0.0515411519067	-0.423232157146	-0.12954099999999968	-1.1602928564	-0.144034021297	1.28212979646	-0.347739476643	-0.346343005007	0.0
52	2016-01-04	15.030917	14.97	15.15	14.74	15076800	1.63557820604	0.203892297883	0.06091699999999989	-0.24573943977	-0.177134663019	1.36084787112	-0.059382839549	0.209899379765	0.0
53	2016-01-05	14.931572	15.13	15.25	14.94	10328200	-0.629303697364	-0.653099037809	-0.1984280000000016	-0.700686172739	-0.334878248491	1.13539065263	-0.20256566935	-0.0875633853164	0.0
54	2016-01-06	14.703079	14.62	15.0	14.51	11315100	-0.0265714206055	0.284348585368	0.08307900000000146	0.167166803989	-0.61667841538	1.03914012845	-0.441206521521	-0.0954773983091	0.0
55	2016-01-07	13.620217	14.5	14.56	13.65	19844700	0.939925005197	-3.02495735093	-0.8797829999999998	2.29002058604	-0.361543654752	1.03914012845	-2.15346097651	-0.757521249308	0.0
56	2016-01-08	13.45133	13.77	14.02	13.31	16431900	-0.419367506695	-1.15317940829	-0.3186699999999991	1.43839650228	0.244479232949	0.923662285154	1.0045608209	1.76345903197	0.0
57	2016-01-11	13.173164	13.43	13.71	13.07	15110800	-0.284911037911	-0.952783158311	-0.25683599999999984	1.16369898507	0.938356651369	0.780216026469	-0.858829163848	-1.30204113269	0.0
58	2016-01-12	13.173164	13.35	13.42	13.09	12458500	-0.424576921181	-0.659645671263	-0.17683599999999977	-0.411802473068	1.32867973691	0.895212137819	0.272726859108	0.698151893666	0.0
59	2016-01-13	12.666503	13.35	13.35	12.53	17720800	0.453295584558	-2.55235866444	-0.6834969999999991	2.17573007603	1.89487476053	0.276462086638	-1.2764544085	-0.832838819303	1.0
60	2016-01-14	12.914866	12.75	13.17	12.65	13352500	-0.528797376665	0.645819402391	0.16486599999999996	0.648793114833	1.8059067334	0.501919305125	1.20740771718	1.3827635039	0.0
61	2016-01-15	12.457878	12.6	12.8	12.49	19729500	0.534345343797	-0.561568331795	-0.14212200000000053	-0.421378057628	1.74327156256	0.587983537269	-1.60657473109	-1.64522717561	0.0
62	2016-01-19	12.239319	12.68	12.78	12.2	12925900	-0.673179397653	-1.73226631983	-0.44068099999999966	1.05760501095	1.43417382339	0.637019441537	0.209091046757	1.20340523829	0.0
63	2016-01-20	11.981022	12.0	12.2	11.625	16640100	0.255023917162	-0.077917655648	-0.018978000000000605	1.15284841982	0.889676904157	0.543609052055	-0.494902059461	-0.504309207127	1.0
64	2016-01-21	12.32873	12.0	12.54	11.82	16729600	-0.158970085341	1.36712940243	0.3287300000000002	1.91478407887	-0.0758935631713	0.134328163371	0.990639992755	0.747681476902	1.0
65	2016-01-22	13.262574	12.7	13.43	12.65	15269900	-0.294974386061	2.21009977503	0.5625740000000015	1.9756329473	-0.236472869634	0.543609052055	1.41621693647	-0.0107804583976	0.0
66	2016-01-25	13.25264	13.29	13.55	13.12	11183400	-0.559793394563	-0.139240909505	-0.037359999999999616	0.0979851898655	-0.317340907623	0.781697723198	-1.24065504779	-1.36094760784	1.0
67	2016-01-26	13.510937	13.35	13.725	13.35	10726100	-0.226904671751	0.602159255199	0.16093700000000055	-0.205787451168	-0.183753898927	1.06072585024	0.907114223181	1.41851443094	0.0
68	2016-01-27	13.302312	13.53	13.61	12.955	18484500	0.895136793962	-0.838295711101	-0.22768799999999878	1.21165825538	-0.143915441028	1.1541362398	-0.874739568231	-1.05263893591	0.0
69	2016-01-28	13.103621	13.45	13.7	13.07	9874400	-0.850772874752	-1.28338011905	-0.3463789999999989	1.11870576809	-0.122601958406	1.1541362398	-0.0912020468864	0.570374056087	1.0
70	2016-01-29	13.669889	13.41	13.88	13.35	11361900	0.0543109597692	0.967466358634	0.25988899999999937	0.555277364769	0.0931719177154	1.10313690678	1.39235583391	0.633093798645	1.0
71	2016-02-01	13.699693	13.67	13.88	13.53	9549600	-0.40106063901	0.109279769122	0.02969299999999997	-0.364882947122	0.182735753132	1.19938743096	-0.856841989752	-1.31318029972	0.0
72	2016-02-02	13.361919	13.7	13.97	13.36	9677500	-0.147202678702	-1.22973680545	-0.33808099999999897	0.958016279642	-0.0396348779488	1.00567324496	-0.608258461025	0.411531406919	0.0
73	2016-02-03	13.282443	13.66	13.77	13.11	7553000	-0.489188646084	-1.37746282048	-0.3775569999999995	1.22329587309	-0.554778739298	0.6941517944	0.260796608099	0.466044082799	1.0
74	2016-02-04	13.7593	13.31	13.89	13.31	6499100	-0.371735842233	1.68442936697	0.44929999999999914	0.806857566297	-0.852200926707	0.221901309389	0.976719965326	0.200814479537	0.0
75	2016-02-05	13.113556	13.69	13.75	13.035	13227700	1.35321580769	-2.09896406039	-0.5764439999999986	1.51884140307	-0.829343174815	-0.505220005413	-2.17135975606	-1.62852149308	0.0
76	2016-02-08	12.428075	13.0	13.05	12.37	14815900	0.00941842002051	-2.19308527296	-0.5719250000000002	1.5278655339	-0.534783472553	-0.343759565257	-0.463081450873	1.27022551993	1.0
77	2016-02-09	12.6367	12.37	12.86	12.31	6686500	-0.972479677702	1.07618464583	0.26670000000000016	0.883849251656	-0.412230121934	-0.343759565257	1.11194929446	0.60349018447	1.0
78	2016-02-10	12.775783	12.77	13.07	12.71	5982200	-0.321518772133	0.0235379365479	0.005783000000000982	-0.187943793517	-0.351077859733	-0.411809615854	-0.309955744337	-0.976735229046	0.0
79	2016-02-11	12.318795	12.57	12.67	12.015	9834300	0.778569494619	-0.995694021155	-0.25120500000000057	1.4702143464	-0.119611260135	-0.411809615854	-1.16707595834	-0.25080372776	0.0
80	2016-02-12	12.209516	12.5	12.79	12.18	10549400	-0.0601045069725	-1.1579860595	-0.2904839999999993	1.2490918964	-0.0281301751602	-0.558790913895	0.405970815749	0.939056713589	1.0
81	2016-02-16	12.249254	12.41	12.49	12.27	11976900	0.0318083214749	-0.645023420883	-0.1607459999999996	-0.889302607664	-0.115551443085	-0.7525050999	0.00823212528336	-0.383565867486	1.0
82	2016-02-17	12.934736	12.39	13.14	12.37	8666200	-0.572722368276	2.19357318074	0.5447359999999986	2.02470867789	-0.219263599978	-0.377226448676	1.36053602604	0.634851825753	1.0
83	2016-02-18	13.441395	13.05	13.7	13.02	11734100	0.352899389693	1.49668379785	0.39139499999999927	1.38227213708	-0.15607625695	-0.0187589373686	0.121584523273	-0.779209640987	1.0
84	2016-02-19	13.580478	13.51	13.74	13.25	9414400	-0.457120836654	0.261117162409	0.0704779999999996	0.353963010285	-0.264824796246	1.00567324496	-0.178700963579	0.0141333528185	1.0
85	2016-02-22	13.709627	13.75	13.88	13.57	10755600	0.0423015935007	-0.145478880233	-0.04037300000000066	-0.568148121603	-0.0157618207018	1.00567324496	0.242897828548	0.30514666533	0.0
86	2016-02-23	13.004277	13.72	13.82	12.84	14647000	0.364343847304	-2.60063994282	-0.7157230000000006	2.87458980736	-0.0711719386401	1.19938743096	-1.72788223118	-0.966184942393	1.0
87	2016-02-24	13.441395	13.0	13.57	12.82	13226900	-0.309219904043	1.69424835595	0.441395	1.74794384004	-0.00932002880245	1.23113046344	1.95315870372	2.01813398257	1.0
88	2016-02-25	13.590413	13.45	13.71	13.24	12079900	-0.294188418606	0.521588689326	0.14041300000000057	0.258181678499	0.0883272048725	1.19938743096	-0.616209959911	-1.70940543108	0.0
89	2016-02-26	13.351984	13.78	13.8	13.15	10824700	-0.319428748226	-1.54807483804	-0.4280159999999995	1.15009112762	-0.097790834214	1.00567324496	-0.608259061561	0.264408899138	0.0
90	2016-02-29	13.183098	13.31	13.48	13.2	12747300	0.0939096414439	-0.474533929476	-0.12690200000000118	-0.665878050988	-0.432067871339	0.780216026469	-0.0275602291735	0.371677049792	1.0
91	2016-03-01	13.193032	13.42	13.47	13.09	8354200	-0.672864942491	-0.842499157057	-0.2269679999999994	-0.162664160224	-0.801810444526	0.440494102332	0.113630822421	-0.00609440194769	1.0
92	2016-03-02	13.808972	13.38	14.05	13.35	10016700	0.125314303555	1.59985372296	0.4289719999999999	1.3927191232	-0.810690843772	0.199833855575	1.22530569602	0.473664688106	0.0
93	2016-03-03	13.510937	13.91	13.95	13.28	10029600	-0.164976232636	-1.42979372224	-0.39906299999999995	1.2147803045	-0.808689307026	0.555490213682	-1.56481064523	-1.48872745142	1.0
94	2016-03-04	15.338887	14.9	15.84	14.82	33370500	3.25001323066	1.46993043726	0.43888699999999936	2.47589338426	0.311276684266	-1.8995191288	4.63986312157	3.31320526927	1.0
95	2016-03-07	15.922134	15.13	15.99	15.06	18478200	-0.822098716974	2.61196188171	0.792133999999999	1.96293521185	1.95824079221	-2.21487593385	-1.4458856722	-3.70936021488	0.0
96	2016-03-08	15.184351	15.75	15.79	15.205	12330500	-0.655349347929	-1.79012672451	-0.5656490000000005	0.465659612052	2.18234227799	-1.73524753537	-1.7594534171	0.579109262499	1.0
97	2016-03-09	15.443572	15.34	15.835	15.3	11069400	-0.317030681757	0.337670815067	0.10357199999999978	0.257911525891	2.57794742868	-1.35752372352	1.78868386498	1.95525030813	1.0
98	2016-03-10	15.852343	15.55	16.209999	15.52	14285100	0.25966058839	0.970610285524	0.3023429999999987	0.880966268648	3.12616323213	-1.06069458787	0.19205083371	-1.26950969567	1.0
99	2016-03-11	16.281054	16.0	16.440001	16.0	15683600	-0.0231279830518	0.876982130853	0.281054000000001	-0.250613236014	3.50779848261	-1.92896172137	0.42555890347	0.198869805493	1.0
100	2016-03-14	16.360814	16.200001	16.57	16.040001	9672400	-0.729611527412	0.496009801892	0.16081300000000098	0.108409828657	3.1638787025	-1.55123790953	-0.310886775537	-0.327011373835	1.0
101	2016-03-15	16.719736	16.360001	16.879999	16.25	13934200	0.4800588927	1.09755260906	0.3597350000000006	0.483814376974	2.41967021702	-1.25440877388	0.80076948144	0.64945680838	1.0
102	2016-03-16	17.138477	16.709999	17.23	16.6	12514000	-0.316512457834	1.27974761645	0.4284780000000019	0.425149922405	2.11319737332	-0.76550254521	0.401607720495	-0.326719588653	0.0
103	2016-03-17	17.108567	17.129999	17.33	16.959999	10868200	-0.359964616658	-0.0614421755514	-0.021432000000000784	-0.633627501005	0.530498887651	-0.575841631548	-0.558363315974	-0.427891402562	1.0
104	2016-03-18	17.278057	17.17	17.58	17.08	30962900	2.54781943444	0.314809943938	0.10805699999999874	-0.13066837005	0.631649960152	0.168330400831	0.533330318908	0.68004245035	1.0
105	2016-03-21	17.656917	17.33	17.940001	17.299999	10730900	-1.12625220002	0.941732159361	0.3269170000000017	0.381779076389	1.07378223406	0.867011664237	0.535325700331	-0.124659072998	0.0
106	2016-03-22	17.457518	17.41	18.08	17.34	11318500	-0.0864698065639	0.137069027886	0.04751800000000017	0.779282585723	0.616484746404	1.00567324496	-0.95152952425	-0.737594808246	0.0
107	2016-03-23	17.407667	17.52	17.57	17.09	11434900	-0.15176769206	-0.318804869734	-0.11233299999999957	-0.235371378448	0.0778651084028	1.07372329555	0.271878902075	0.807096680737	1.0
108	2016-03-24	17.517338	17.41	17.639999	17.110001	8870000	-0.496199037176	0.308423794902	0.1073379999999986	-0.0411873474645	-0.290467132613	1.07372329555	0.182076328739	-0.168183474702	0.0
109	2016-03-28	17.457518	17.48	17.665001	17.219999	5532300	-0.719350789978	-0.0631885192318	-0.022482000000000113	-0.371771566648	-0.516744418208	1.00567324496	-0.354794775425	-0.281720213003	1.0
110	2016-03-29	17.597098	17.370001	17.68	17.219999	5926600	-0.0622224951524	0.652972200551	0.22709700000000055	-0.315050950905	-0.763770047299	0.867011664237	0.385642467143	0.432398015178	1.0
111	2016-03-30	17.836378	17.719999	17.915001	17.629999	10552600	0.979162396605	0.328489749547	0.11637899999999846	-1.01220634837	-0.848767975951	-1.00359121643	0.257912032828	-0.147305980917	0.0
112	2016-03-31	17.676858	17.84	17.959999	17.51	10389800	-0.189518272517	-0.455103959854	-0.16314200000000056	-0.380868869396	-0.872551610424	-0.980533893924	-0.680105404054	-0.442303690739	1.0
113	2016-04-01	18.34485	17.610001	18.545	17.559999	14849900	0.463412415913	2.08202625181	0.7348490000000005	1.61649277897	-0.733074558722	-0.550471196573	1.74078229975	1.29151035067	0.0
114	2016-04-04	17.98593	18.450001	18.450001	17.93	7667000	-0.877053046543	-1.25344815353	-0.46407100000000057	-0.163622427922	-0.745823338805	-0.575841631548	-1.83965742109	-2.01494434153	0.0
115	2016-04-05	17.557219	17.870001	17.91	17.559999	8300000	-0.0456471685644	-0.871949065344	-0.31278199999999856	-0.759381753825	-0.740267153809	-0.652469862612	-0.223072777548	1.23121619228	1.0
116	2016-04-06	17.906168	17.65	17.98	17.459999	10391900	0.203181369481	0.724770320931	0.2561680000000024	-0.115725005071	-0.747737757075	0.0599591372862	1.17597085119	0.544454794022	0.0
117	2016-04-07	17.686828	17.790001	18.040001	17.625	9413700	-0.305073603494	-0.28827345388	-0.10317300000000174	-0.512738859218	-0.784924465039	-0.10585035144	-1.19302032078	-1.38464964472	1.0
118	2016-04-08	17.836378	17.85	18.295	17.809999	7279800	-0.49968715781	-0.0371050424008	-0.013622000000001577	-0.255993941213	-0.805740281194	-0.333573273146	0.726920350911	1.20797842748	0.0
119	2016-04-11	17.676858	17.950001	18.059999	17.66	5878500	-0.449490070009	-0.757928406685	-0.273143000000001	-0.576536760008	-0.840473857321	-0.630402408798	-0.69806744008	-0.868771112766	0.0
120	2016-04-12	17.188327	17.709999	17.76	17.18	8787900	0.559795312106	-1.46806602531	-0.5216719999999988	0.154867162548	-0.729764521127	-0.694399187128	-0.841765930249	0.0947505216968	1.0
121	2016-04-13	17.447548	17.290001	17.51	17.15	8243200	-0.257872685377	0.455379941673	0.157547000000001	-0.693733707364	-0.701091997813	-0.67453731635	1.14204696485	1.00651325271	0.0
122	2016-04-14	17.208267	17.360001	17.4	17.059999	6686200	-0.444191803585	-0.434941408751	-0.15173400000000115	-0.765322570059	-0.616537898408	-1.00812622064	-1.13514765361	-1.36671369131	1.0
123	2016-04-15	17.347847	17.41	17.48	16.85	11862000	0.969696928953	-0.177084242818	-0.06215299999999857	0.359099323755	-0.76086622939	-1.28669427571	0.696985826168	1.1385718158	1.0
124	2016-04-18	17.387728	17.209999	17.485001	17.139999	5661500	-0.934342696545	0.51597568356	0.17772899999999936	-0.746852189026	-0.814938911193	-1.78123013223	-0.253006301398	-0.639950052079	0.0
125	2016-04-19	17.188327	17.459999	17.48	17.15	6439700	0.0349488565062	-0.775024243293	-0.2716719999999988	-0.807556621759	-0.781469017811	-2.20378014385	-0.488513956334	-0.0193680759643	1.0
126	2016-04-20	17.347847	17.07	17.5	17.07	5440100	-0.394773432908	0.812700514221	0.2778470000000013	-0.404808377182	-0.845217216913	-1.56263733929	0.597196737138	0.58298695806	1.0
127	2016-04-21	17.407667	17.34	17.74	17.32	5970400	-0.0237437375117	0.19556844971	0.06766700000000014	-0.4599291084	-0.869881759762	-0.848995201817	-0.221075994874	-0.535834131291	1.0
128	2016-04-22	17.437577	17.440001	17.700001	17.33	7958000	0.321921810191	-0.00597820127439	-0.0024239999999977613	-0.660483240856	-0.938725588831	-1.75683325724	-0.00353538043103	0.19033947706	0.0
129	2016-04-25	17.158416	17.360001	17.41	16.82	5842100	-0.557246584404	-0.578151190202	-0.20158500000000146	0.21897277654	-0.966913564012	-1.16051665237	-0.682103387801	-0.316717324781	1.0
130	2016-04-26	17.307968	17.25	17.465	17.23	6285100	-0.0555324040953	0.16854328989	0.05796799999999891	-1.17705314049	-0.972605378038	-1.40446978428	0.683019357278	0.747692480427	0.0
131	2016-04-27	17.258117	17.299999	17.52	17.25	6363600	-0.148529044916	-0.119780665534	-0.041882000000001085	-1.03968292067	-0.977562054208	-0.396848741792	-0.48053263082	-0.731425842331	0.0
132	2016-04-28	16.978957	17.17	17.385	16.92	4787600	-0.530488238521	-0.553939763039	-0.19104300000000052	-0.252444766934	-0.946314761644	-0.10585035144	-0.534411132105	0.107109428076	0.0
133	2016-04-29	16.610065	16.889999	16.91	16.51	7088100	0.538638009611	-0.825606953259	-0.2799340000000008	-0.479850080171	-0.812434746352	-0.919035898235	-0.490510939187	0.0773946871414	0.0
134	2016-05-02	16.350844	16.66	16.75	16.280001	8461200	0.117558128893	-0.924492908836	-0.30915600000000154	-0.168225859027	-0.60948032136	-1.75683325724	-0.215087648638	0.133578187926	0.0
135	2016-05-03	15.882254	16.23	16.25	15.78	11065700	0.285080605214	-1.06759000817	-0.3477460000000008	-0.114181280285	-0.160771973776	-1.29304521325	-0.865712509114	-0.350540215815	0.0
136	2016-05-04	15.882254	15.8	16.0	15.68	6620500	-0.756671755827	0.260579603194	0.08225399999999894	-0.729425145736	0.124601531455	-0.846155067196	0.503392791484	0.734158379802	0.0
137	2016-05-05	15.672883	15.95	15.97	15.64	3519200	-0.854645879531	-0.865511602832	-0.2771169999999987	-0.683960087745	0.361584855898	-0.114980480127	-0.698069642046	-0.749361176241	1.0
138	2016-05-06	15.732703	15.63	15.86	15.56	4983600	0.444091180803	0.328650598056	0.10270299999999999	-0.801963868161	0.34246682686	0.227738552929	0.375664559134	0.644749924881	1.0
139	2016-05-09	15.812463	15.71	15.96	15.67	4943300	-0.178740021994	0.32621999159	0.10246299999999842	-0.851569144592	0.278891780716	0.486958431138	-0.0414556346199	-0.31260000016	1.0
140	2016-05-10	15.842374	15.89	15.9	15.61	4761700	-0.220805076724	-0.148521651976	-0.047626000000001056	-0.859823774047	-0.0204277042393	0.674047769338	-0.0713897590056	0.0206357580127	1.0
141	2016-05-11	15.971984	15.89	16.355	15.88	6470200	0.35993650389	0.25826169624	0.08198400000000028	-0.0773020245985	-0.438685232682	0.580637379779	0.225978123087	0.164160820888	0.0
142	2016-05-12	15.852343	16.09	16.139999	15.854	5417900	-0.405657930898	-0.735665927111	-0.23765700000000045	-0.88496197169	-0.744577100896	0.665951320819	-0.482524809383	-0.368774473923	0.0
143	2016-05-13	15.722733	15.9	16.115	15.69	6789000	0.204697157693	-0.555052385004	-0.1772670000000005	-0.276468680518	-0.895644020884	-0.44527649935	-0.115297758894	0.276810875618	1.0
144	2016-05-16	15.912163	15.76	16.094999	15.71	8819400	0.272241133727	0.482459083672	0.15216299999999983	-0.450622743741	-0.979720170716	-0.583938079992	0.501397009703	0.263278515496	0.0
145	2016-05-17	15.772583	15.88	16.200001	15.69	14592600	0.794243454863	-0.336389094285	-0.10741700000000165	0.0860642015849	-0.980055594337	-0.798969428706	-0.674118058713	-0.658184280687	0.0
146	2016-05-18	15.623033	15.79	15.93	15.515	6576500	-0.973407694817	-0.526394295997	-0.16696699999999964	-0.307478853889	-0.970894523607	-0.917526984361	-0.107316033022	0.427984627866	1.0
147	2016-05-19	15.732703	15.51	15.79	15.38	6684900	-0.142666270055	0.717035525774	0.22270300000000098	-0.319416888935	-0.974634854189	-1.12574752955	0.345726431174	0.175633368196	1.0
148	2016-05-20	15.822433	15.76	15.99	15.66	8982900	0.337853340914	0.198516841245	0.062433000000000405	-0.682147193308	-0.976128962609	-1.10434776348	-0.0654046156296	-0.279069484309	1.0
149	2016-05-23	16.021833	15.88	16.27	15.87	8649900	-0.221295233797	0.446379192281	0.1418330000000001	-0.398711881318	-0.961828356226	-2.07164759294	0.307806577343	0.222103646783	1.0
150	2016-05-24	16.201294	16.1	16.34	15.99	12562100	0.497190492049	0.314719791161	0.10129399999999933	-0.629704437197	-0.918651829881	-1.68349791132	0.102243255907	-0.132304723864	1.0
151	2016-05-25	17.297998	18.33	18.5	17.120001	43833800	3.48811309915	-2.8068495406	-1.0320019999999985	3.15438450894	-0.281047937741	-1.55096935045	2.19382776662	1.00739462627	1.0
152	2016-05-26	17.337877	17.0	17.690001	16.84	21733100	-0.907141431156	0.992146497282	0.3378769999999989	1.25820545115	0.250517541765	-1.55096935045	-1.42653519661	-2.01288930773	1.0
153	2016-05-27	18.20527	17.459999	18.34	17.459999	22958500	-0.0840820364176	2.12967351798	0.7452709999999989	1.24733492496	1.42735393349	-1.29304521325	2.2437245131	2.21680635631	1.0
154	2016-05-31	18.41464	18.0	18.469999	17.76	24952900	-0.0393217756135	1.14976086918	0.41463999999999857	0.54522717835	2.52860324008	-0.411809615854	-0.787882224317	-1.84759717649	0.0
155	2016-06-01	18.235181	18.309999	18.379999	18.139999	12293100	-0.911773321468	-0.202828820519	-0.0748180000000005	-1.20865108351	2.9277741671	-0.32574538371	-0.390713642829	0.531812804981	1.0
156	2016-06-02	18.44455	18.139999	18.530001	18.1	13663300	-0.00321622375516	0.838234587491	0.304551	-0.505167599187	2.93448566252	-0.21074927236	0.746874965858	0.582685437855	0.0
157	2016-06-03	18.295	18.4	18.5	18.280001	9285500	-0.637298276233	-0.28363684055	-0.10499999999999687	-1.28621988938	2.43556666638	-0.360810282835	-0.743968619425	-0.882003280186	1.0
158	2016-06-06	18.9	18.280001	18.969999	18.280001	12841300	0.395380765813	1.6924196301	0.619999	0.417818732251	1.97346085446	-0.875597659769	1.57613050302	1.2699984284	1.0
159	2016-06-07	19.16	18.84	19.245001	18.77	14286200	-0.00166156823155	0.848020164356	0.3200000000000003	-0.403925626029	1.3287933835	-0.67453731635	-0.384557546831	-1.22474608457	1.0
160	2016-06-08	19.35	19.27	19.620001	19.200001	15820700	-0.00916192182191	0.20799464097	0.08000000000000185	-0.624317506183	0.403758537424	-1.06810148269	0.246826135635	0.523364840741	1.0
161	2016-06-09	19.549999	19.389999	19.65	19.33	9375400	-0.765021393087	0.41247323008	0.16000000000000014	-0.98476977208	0.322928536452	-1.15416571483	0.228807849391	-0.0266664520184	0.0
162	2016-06-10	19.120001	19.309999	19.33	18.9	9830700	-0.095564784377	-0.489745761608	-0.18999800000000278	-0.581729200948	-0.223041612436	-1.43675528611	-1.20046016287	-0.678465342078	0.0
163	2016-06-13	18.6	19.01	19.15	18.58	10147200	-0.119597158551	-1.07464534315	-0.41000000000000014	-0.0437318116537	-0.326520133894	-2.12146554429	-0.511856596018	0.546956989868	0.0
164	2016-06-14	18.309999	18.469999	18.639999	18.215	14356100	0.442134132169	-0.431064405462	-0.16000000000000014	-0.532086211851	-0.295178091165	-1.88530854584	-0.131511634208	0.128066424546	1.0
165	2016-06-15	18.799999	18.43	19.059999	18.41	11967600	-0.41114521074	1.00216016607	0.36999899999999997	0.268710132488	-0.413428265443	-1.62258084535	1.22770283612	0.550208487466	0.0
166	2016-06-16	18.66	18.68	18.83	18.575001	12329300	-0.122492215324	-0.052441716138	-0.019999999999999574	-1.17312738195	-0.459170532765	-1.4554691173	-1.1604284236	-1.35343099027	1.0
167	2016-06-17	18.940001	18.59	19.01	18.49	16641100	0.346603961634	0.939894731306	0.3500009999999989	-0.220058366214	-0.586348660285	-1.27015725213	0.959463158911	1.32340455669	1.0
168	2016-06-20	19.379999	19.219999	19.610001	19.16	15869500	-0.234944970985	0.416113103743	0.16000000000000014	-0.51813008244	-0.528433483412	-1.14065478159	0.471020890717	-0.455746695151	1.0
169	2016-06-21	19.76	19.41	19.85	19.26	11557700	-0.56579200191	0.900225398567	0.3500000000000014	-0.0563457515541	-0.347243235385	-1.12397005659	0.282863709017	-0.0813819408722	0.0
170	2016-06-22	19.209999	19.66	19.76	19.190001	10573300	-0.291920633477	-1.14055342381	-0.4500010000000003	-0.110372125023	-0.370147775375	-1.03865611555	-1.61684209752	-0.843380875437	1.0
171	2016-06-23	19.65	19.370001	19.690001	19.34	10184400	-0.220870756171	0.721854023059	0.2799990000000001	-0.882766870286	-0.331837073189	-1.01045564197	1.8422544914	1.94025672109	0.0
172	2016-06-24	18.16	18.610001	19.08	18.110001	25420700	2.02967661439	-1.20495863484	-0.4500010000000003	1.47877454281	-0.0995212623751	-1.06402655053	-4.16711631414	-3.28273921549	0.0
173	2016-06-27	17.200001	18.0	18.01	16.965	18240300	-0.581588948229	-2.21553513318	-0.7999989999999997	1.92737950847	0.832877315847	-0.300598217689	0.10069827659	2.80903139116	1.0
174	2016-06-28	17.4	17.5	17.58	17.105	13635800	-0.537501975611	-0.28402403818	-0.10000000000000142	-0.253326281469	1.39520379979	-0.0571268176551	1.13961959776	0.0445738544489	1.0
175	2016-06-29	17.780001	17.74	17.91	17.605	8259900	-0.745717505214	0.113405055516	0.040001000000000175	-0.934726813468	1.65594534489	0.057869293695	0.122719336404	-0.800890333149	1.0
176	2016-06-30	18.27	17.92	18.5	17.879999	12492700	0.585532824291	0.974997455037	0.34999999999999787	0.224331504525	1.69037354809	-0.0593860226342	0.577117010495	0.314203156992	1.0
177	2016-07-01	18.49	18.469999	18.639999	18.15	8928500	-0.585758589857	0.0549583453721	0.02000099999999705	-0.301175403269	1.64052555321	0.0266782094345	-0.0994812383271	-0.325939931331	0.0
178	2016-07-05	18.200001	18.389999	18.43	17.940001	6134800	-0.626273506693	-0.514294063361	-0.18999799999999922	-0.282991442783	1.38392861796	0.501919305125	-0.800106738036	-0.215318979843	1.0
179	2016-07-06	18.4	18.0	18.43	17.92	7264500	0.103502902507	1.109199078	0.3999999999999986	-0.198978969707	0.701595813212	0.34989486605	0.885392630725	0.934591583155	1.0
180	2016-07-07	18.469999	18.34	18.709999	18.34	6277000	-0.366451759515	0.354453267099	0.12999900000000153	-0.736031069206	0.39842668744	0.939104891087	-0.291655005927	-0.786437364377	1.0
181	2016-07-08	19.040001	18.76	19.040001	18.575001	10898500	0.914135186798	0.745300176175	0.2800009999999986	-0.430841895551	-0.0895420019682	0.781697723198	1.18767149721	0.81040148496	1.0
182	2016-07-11	19.34	19.15	19.465	19.139999	10161700	-0.26612810491	0.495757615737	0.19000000000000128	-0.954114332353	0.352867154311	0.580637379779	-0.159542059022	-0.817715874465	1.0
183	2016-07-12	19.690001	19.43	19.9	19.43	12949500	0.235934353627	0.668298970673	0.26000099999999904	-0.469807456227	0.45725719163	0.42323021189	0.529082526592	0.489444333979	0.0
184	2016-07-13	19.5	19.690001	19.76	19.299999	6867600	-0.856442973162	-0.480283240186	-0.19000099999999875	-0.507325586234	0.223918184674	0.50854415293	-0.838146498917	-0.690569515362	1.0
185	2016-07-14	19.99	19.620001	20.166	19.620001	14920200	1.55471174993	0.94143453042	0.36999899999999997	-0.229717213855	0.309036318519	0.934330309211	1.43588949961	1.26470378553	0.0
186	2016-07-15	19.77	20.08	20.17	19.690001	8745500	-0.774494011277	-0.768968244217	-0.3099999999999987	-0.465625726421	0.315171221224	0.934330309211	-1.29655215122	-1.58559821428	1.0
187	2016-07-18	19.790001	19.719999	19.98	19.65	5880900	-0.647789633235	0.177985554828	0.07000199999999879	-0.96652018252	0.302764883094	0.855612234556	0.499053517496	1.18534626959	0.0
188	2016-07-19	19.790001	19.690001	19.940001	19.68	5534700	-0.253299992538	0.254234535707	0.10000000000000142	-1.20615199514	-0.0261885815409	0.855612234556	-0.165543416873	-0.487016030718	1.0
189	2016-07-20	20.059999	19.799999	20.08	19.725	5314000	-0.225414016021	0.655825886284	0.26000000000000156	-0.891395249165	-0.287585740558	0.795668728493	0.553095564791	0.381467296668	0.0
190	2016-07-21	19.75	20.030001	20.16	19.705	9055400	0.866865888748	-0.696198080222	-0.2800009999999986	-0.547991098496	-0.72211592767	0.674047769338	-1.11038054219	-0.871395114397	1.0
191	2016-07-22	20.049999	19.82	20.049999	19.74	8366500	-0.278564824372	0.579676561506	0.2299989999999994	-1.04479398693	-0.844323750574	0.674047769338	1.15363130704	1.30392946669	1.0
192	2016-07-25	20.209999	20.35	20.49	20.190001	9714900	0.0697633959225	-0.342142284456	-0.1400010000000016	-1.09617698387	-0.868936053552	0.875108112757	-0.241608125411	-0.939836041323	1.0
193	2016-07-26	20.450001	20.190001	20.459999	20.145	7947600	-0.433963309483	0.643175982374	0.26000000000000156	-1.04808806363	-0.779826511665	0.781697723198	0.374944516299	0.42571855057	0.0
194	2016-07-27	20.35	20.5	20.665001	20.257999	6553300	-0.42444939483	-0.363956739136	-0.14999999999999858	-0.748002672205	-0.810825845033	0.824108779737	-0.541883002791	-0.471973739069	0.0
195	2016-07-28	20.309999	20.299999	20.43	20.15	4357500	-0.658825650932	0.0255204406457	0.010000000000001563	-1.16421002217	-0.786176522817	0.666701611848	0.0986938871251	0.43368681419	1.0
196	2016-07-29	21.02	20.32	21.9	20.1	31460900	8.96547479987	1.71895234992	0.6999999999999993	3.80651480843	-0.548014984164	0.637019441537	1.52997489653	0.608619656456	1.0
197	2016-08-01	21.08	21.139999	21.59	20.629999	13895700	-0.986610143382	-0.14058932404	-0.059999000000001246	0.984759486033	-0.378736710738	0.875108112757	-0.928224718343	-1.39915916512	0.0
198	2016-08-02	20.77	21.030001	21.1	20.645	11025700	-0.470114614116	-0.615619263694	-0.26000099999999904	-0.622964770083	-0.429507578443	0.824108779737	-0.531868662256	0.518055005333	1.0
199	2016-08-03	21.51	20.77	21.52	20.68	13898100	0.215635623051	1.77777481836	0.740000000000002	0.595403663429	-0.125564179646	1.00567324496	2.03842562775	1.24906473698	1.0
200	2016-08-04	21.76	21.48	21.92	21.459999	8926500	-0.692081385145	0.651041654066	0.28000000000000114	-0.656446936403	0.017619271457	1.00567324496	-0.659983439703	-1.67439176976	1.0
201	2016-08-05	21.91	21.84	22.200001	21.77	9491100	-0.0740013751519	0.160796541527	0.07000000000000028	-0.766278094356	0.190056333667	1.20344070323	0.226808264215	0.733698857229	0.0
202	2016-08-08	21.65	22.0	22.17	21.58	7776200	-0.432155361042	-0.792449725979	-0.3500000000000014	-0.266036515206	0.112508082971	1.24585175977	-0.732047776816	-0.477278972466	1.0
203	2016-08-09	21.700001	21.73	21.860001	21.620001	8058600	-0.113546741284	-0.0678952604967	-0.02999900000000011	-1.34986290198	0.0541402067657	1.06072585024	0.485041007502	0.703609819419	0.0
204	2016-08-10	21.549999	21.73	21.75	21.43	5689400	-0.598523224251	-0.41215471522	-0.18000100000000074	-1.09654452955	-0.204352462983	0.838079785032	-0.553894526358	-0.645728466582	1.0
205	2016-08-11	21.780001	21.59	21.860001	21.52	7576600	0.320153401902	0.43983948823	0.19000099999999875	-1.03607254637	-0.559585878846	0.781697723198	0.687226913672	0.698306238027	1.0
206	2016-08-12	21.889999	21.68	21.959999	21.495001	10561300	0.411524677383	0.484019451609	0.20999899999999982	-0.651819665452	-0.596059375461	0.6519803156	-0.189571468475	-0.565198293407	1.0
207	2016-08-15	22.01	21.93	22.190001	21.9	7158500	-0.639925575118	0.182881569621	0.08000000000000185	-1.20421319249	-0.635047981771	0.426523097113	0.152747945143	0.258756154929	1.0
208	2016-08-16	22.065001	21.9	22.17	21.809999	6101600	-0.383641328908	0.376696517904	0.16500100000000018	-0.988759910061	-0.90010061047	0.788322571003	-0.0524410420979	-0.111334924363	0.0
209	2016-08-17	21.639999	22.059999	22.190001	21.48	9769600	0.71576837294	-0.948540867946	-0.4200000000000017	0.104335220324	-0.91906481139	0.42323021189	-1.01430516867	-0.422410968255	1.0
210	2016-08-18	21.860001	21.540001	21.889999	21.540001	6718100	-0.62546533003	0.741841846916	0.3200000000000003	-1.00556357875	-0.918417179589	0.0383734154187	1.05255306709	1.13107192477	1.0
211	2016-08-19	21.879999	21.780001	21.959999	21.74	6041300	-0.314781231016	0.229925203519	0.09999800000000292	-1.41594925649	-0.920278212893	0.278551930229	-0.483834178353	-1.00445431982	1.0
212	2016-08-22	21.940001	21.82	21.975	21.629999	4439600	-0.556133174396	0.275223648304	0.12000099999999847	-1.03005127412	-0.924627248263	0.278551930229	0.142741211398	0.455965148248	0.0
213	2016-08-23	21.93	22.030001	22.07	21.875	7915500	0.982660001426	-0.225426751338	-0.1000009999999989	-1.4977486829	-0.92901716867	0.112742441579	-0.147531736527	-0.172551667909	0.0
