#index	date	close	open	high	low	volume	dVolume	percent_change	dollar_change	spread	var	entropy	slope	concavity	answer
40	2014-07-18	27.82	27.74	28.33	27.5	1993900	-0.878768454042	0.141818465758	0.08000000000000185	-0.47222009167	-0.259181896582	0.42764499406	1.55408185592	2.25667448179	1.0
41	2014-07-21	28.540001	27.67	28.66	27.67	2098800	-0.122402678563	1.31913052995	0.8700009999999985	-0.191118722773	-0.171634129761	0.504172000235	0.300449132847	-1.06013787981	1.0
42	2014-07-22	28.73	28.84	29.379999	28.5	2304200	-0.0566769552032	-0.13431037857	-0.10999999999999943	-0.435747003871	-0.268268339249	0.504172000235	-0.24369394983	-0.211324905723	0.0
43	2014-07-23	27.879999	28.889999	29.059999	27.809999	2476900	-0.0899578928616	-1.41831059607	-1.009999999999998	0.272121523033	-0.552856924413	0.504172000235	-0.926124125915	-0.197300674922	1.0
44	2014-07-24	29.049999	28.0	29.23	27.9	2733300	-0.0484697035382	1.56886967969	1.0499989999999997	0.408188370496	-0.481577034016	0.504172000235	1.92385515229	1.46132065933	0.0
45	2014-07-25	29.030001	29.1	29.48	28.5	3872000	0.406238515189	-0.0762372193162	-0.06999900000000281	-0.270365208902	-0.59438400604	0.669776008242	-1.01330481024	-1.78142770181	1.0
46	2014-07-28	29.49	29.26	30.35	29.07	5040700	0.239554708677	0.346981083109	0.22999999999999687	0.247789238372	-0.501854294432	0.723920174954	0.75540101361	1.15822334877	1.0
47	2014-07-29	29.620001	29.83	30.219999	29.5	3316500	-0.6955929424	-0.267290817755	-0.20999899999999982	-0.769521181571	-0.409745665025	0.810796418676	-0.183564011531	-0.601035654208	0.0
48	2014-07-30	29.07	30.059999	30.1	29.02	3085100	-0.300144398319	-1.33478452435	-0.989999000000001	-0.122537469606	-0.413278715538	0.810796418676	-0.605453234708	-0.109370169789	0.0
49	2014-07-31	28.58	28.5	28.9	28.1	2979500	-0.248523344312	0.138648063192	0.0799999999999983	-0.569300446243	-0.558657190019	0.764444985768	-0.128449694812	0.312629693782	0.0
50	2014-08-01	27.940001	28.549999	28.790001	27.299999	4572400	0.577639960958	-0.857886143916	-0.6099980000000009	0.730269465604	-0.582161483269	0.284423825515	-0.472170739756	-0.218482090307	0.0
51	2014-08-04	27.790001	28.200001	28.299999	27.559999	5315300	0.0371580044678	-0.576444224644	-0.41000000000000014	-0.653279267234	-0.48652231529	0.803581689806	0.185206681613	0.331908229175	0.0
52	2014-08-05	27.73	27.700001	28.187	27.5	2893700	-0.86048431842	0.0675750466517	0.02999900000000011	-0.739766978077	-0.391935735659	0.337485742887	-0.0893695138939	-0.224178358175	0.0
53	2014-08-06	27.51	27.559999	27.73	27.299999	2412100	-0.440525136769	-0.0518617572078	-0.04999899999999968	-1.22188940246	-0.319664630837	0.337485742887	-0.230664316761	-0.0505007110556	0.0
54	2014-08-07	27.48	27.75	28.07	27.379999	3863500	0.675086956487	-0.378181109166	-0.2699999999999996	-0.729335689345	-0.239141666141	0.337485742887	0.109047417603	0.188321843874	1.0
55	2014-08-08	28.360001	27.84	28.379999	27.6	3737900	-0.246025818787	0.792939665351	0.5200010000000006	-0.583644160394	-0.283198995492	0.546897569159	0.946806136	0.342426771102	0.0
56	2014-08-11	28.209999	28.799999	29.0	28.09	4218700	-0.0119986584635	-0.821614476149	-0.5899999999999999	-0.364634689912	-0.437163303245	0.546897569159	-0.788838834048	-0.950731526478	1.0
57	2014-08-12	28.77	28.299999	28.98	28.299999	2742600	-0.706977635434	0.707587666951	0.4700009999999999	-0.79010566453	-0.622282159845	0.546897569159	0.898706835115	1.01800192873	1.0
58	2014-08-13	30.469999	28.950001	30.559999	28.950001	8378200	2.78551750783	2.18742334369	1.519998000000001	0.805844182875	-0.151855041733	-0.45494945861	1.4508602215	0.0619691633802	0.0
59	2014-08-14	30.01	30.4	30.700001	29.709999	5536900	-0.691344052254	-0.505946792896	-0.389999999999997	-0.319853939307	0.13827185184	0.0250717015456	-1.58750935471	-1.55910755342	0.0
60	2014-08-15	29.58	28.690001	30.700001	28.1	10580600	1.12416355854	1.3017827741	0.8899989999999995	2.64829956487	0.227166025184	0.180339361105	0.18921488988	1.26850655888	1.0
61	2014-08-18	30.040001	30.075001	30.610001	29.52	6617900	-0.742749632046	-0.0250476864057	-0.03500000000000014	-0.136511023292	0.329932191505	0.614046087546	0.716322836896	0.0903110207045	1.0
62	2014-08-19	30.209999	30.42	31.809999	29.889999	10274700	0.603698012495	-0.261664687899	-0.21000100000000188	1.28654975724	0.34599869816	0.504172000235	-0.221649004782	-0.588186540028	1.0
63	2014-08-20	30.93	30.08	31.15	30.07	4141000	-1.06581752381	1.187867523	0.8500000000000014	-0.181709993855	0.334920485898	0.9806042956	0.766429348431	0.565477808748	0.0
64	2014-08-21	30.82	31.02	31.450001	30.530001	4314800	-0.137855488042	-0.242868799173	-0.1999999999999993	-0.478707202237	0.0298206712334	1.18155849565	-0.592425004582	-0.746818592756	1.0
65	2014-08-22	30.959999	30.809999	31.200001	30.809999	2418200	-0.837198057639	0.223635001491	0.14999999999999858	-1.37901204906	-0.0880883698297	1.12741432894	0.375605893843	0.625655833436	1.0
66	2014-08-25	31.34	31.309999	31.450001	30.74	3470900	0.433428035344	0.0624299821365	0.030000999999998612	-0.851335443686	-0.345954626292	0.885283314754	0.298446732287	-0.137557777445	1.0
67	2014-08-26	32.009998	31.190001	32.080002	31.120001	5343000	0.584539006743	1.10675301689	0.8199970000000043	-0.445822323638	-0.405427983776	0.446401969539	0.499864358527	0.0664976327217	1.0
68	2014-08-27	32.639999	31.85	33.099998	31.83	7758900	0.457882445585	1.04546589101	0.7899990000000017	0.0276062364648	-0.0260855053307	0.381293561152	0.300451838522	-0.128645535468	0.0
69	2014-08-28	31.440001	32.299999	32.310001	31.379999	6761400	-0.385527141744	-1.07470444138	-0.8599980000000009	-0.508833290719	-0.0880016760851	0.623424575334	-1.63060064999	-0.871853285795	1.0
70	2014-08-29	31.92	31.540001	32.07	31.299999	3442200	-0.911772018223	0.519615490882	0.37999900000000153	-0.767140672545	-0.271939945216	1.02112910641	1.4969568212	1.758570885	0.0
71	2014-09-02	31.07	32.0	32.349998	30.32	7451100	1.49263467422	-1.17517728689	-0.9299999999999997	1.34110806438	-0.433757079455	1.12162470603	-1.51435679806	-1.81107822733	0.0
72	2014-09-03	30.809999	31.5	31.549999	30.57	2753800	-1.11439224693	-0.880099834368	-0.6900009999999988	-0.389269463574	-0.544410447774	1.12162470603	0.405668558158	1.22936019885	0.0
73	2014-09-04	30.26	30.809999	31.469999	29.679001	3774500	0.339501681301	-0.712994609605	-0.5499989999999997	1.04047903366	-0.433652478839	1.16797613894	-0.594426302829	-0.657711875478	0.0
74	2014-09-05	29.030001	30.34	30.42	28.9	7136500	1.09481043944	-1.75706152202	-1.3099990000000012	0.648870860516	0.07369678142	1.16797613894	-1.02232553357	-0.111559872364	1.0
75	2014-09-08	29.129999	29.0	29.6	28.93	3337100	-0.972023270402	0.207729303583	0.12999900000000153	-0.831036718793	0.47343207026	1.16797613894	0.862625745577	0.968333813246	0.0
76	2014-09-09	29.059999	29.219999	29.57	28.99	3332200	-0.200943604469	-0.202808206934	-0.16000000000000014	-0.996512211226	0.793964029697	1.16797613894	-0.39400606888	-0.859433383001	0.0
77	2014-09-10	28.35	29.040001	29.23	28.02	7511800	1.62287110698	-0.956595991464	-0.6900009999999988	0.173835004577	1.0895667834	1.12162470603	-0.713677563591	-0.0318055928959	1.0
78	2014-09-11	29.120001	28.67	29.17	28.18	5500600	-0.587659360883	0.669993406678	0.45000099999999676	-0.241744667863	0.56886596062	1.12162470603	1.33261477069	1.04443719589	1.0
79	2014-09-12	29.25	29.32	29.889999	29.01	4192600	-0.544166771483	-0.0754945452232	-0.07000000000000028	-0.463185346968	0.362903423359	1.12162470603	-0.539314090525	-1.16779002296	0.0
80	2014-09-15	28.870001	29.59	29.6	28.360001	5209900	0.153587844602	-0.980182823389	-0.7199990000000014	0.187213942469	-0.129438055486	1.16797613894	-0.355925785509	0.292180117115	0.0
81	2014-09-16	27.799999	28.549999	28.76	27.049999	7236700	0.36619154304	-1.06004384527	-0.75	1.14762215163	-0.202525295056	1.16797613894	-0.887045047309	-0.205046213897	1.0
82	2014-09-17	28.1	27.98	28.24	27.73	3438400	-0.961096544305	0.199733834291	0.120000000000001	-1.08669752764	-0.449783432614	1.16797613894	1.00492966533	0.958405626866	1.0
83	2014-09-18	29.549999	27.870001	29.77	27.870001	7522900	1.52643660601	2.5079714883	1.6799980000000012	1.4360523622	-0.609778442961	1.16797613894	1.1732779199	-0.206068848294	0.0
84	2014-09-19	28.35	30.0	30.200001	27.639999	12505800	0.763168461042	-2.24445437811	-1.6499999999999986	2.56979780938	-0.594800155272	0.9806042956	-2.27996195546	-1.70853691906	0.0
85	2014-09-22	26.969999	27.68	28.33	26.68	8150400	-0.704618865107	-1.03450989782	-0.7100009999999983	1.13143788736	-0.31492729072	0.614046087546	-0.388999165589	1.40610376262	0.0
86	2014-09-23	26.57	27.02	27.16	25.84	5964700	-0.588286960971	-0.663648735938	-0.4499999999999993	0.546816937935	0.00904785100575	0.381293561152	0.286421706645	0.16188621154	1.0
87	2014-09-24	27.18	27.01	27.431999	26.799999	2863900	-0.953823497001	0.28239797143	0.16999999999999815	-0.816656574933	0.12767294735	0.637977681799	0.676236545397	-0.00200822343691	0.0
88	2014-09-25	26.57	27.459999	27.65	26.094999	5455200	1.1152900768	-1.31320912071	-0.8899989999999995	0.983007716517	0.239735004185	0.885283314754	-1.18065767672	-0.970594165631	1.0
89	2014-09-26	26.93	26.6	27.0	26.530001	2482700	-0.990182077784	0.534368087046	0.3299999999999983	-1.11971480445	0.096948105137	1.12741432894	0.946805033688	1.26135080578	0.0
90	2014-09-29	26.33	26.48	26.700001	26.0	3475400	0.381903504443	-0.210597730541	-0.15000000000000213	-0.64923799427	0.0761040953677	1.10283073136	-1.0363551644	-1.17129483542	0.0
91	2014-09-30	25.82	26.33	26.35	25.299999	5396500	0.604001425808	-0.775583663957	-0.509999999999998	0.0740025486208	0.301012732447	1.31478617228	-0.069326568565	0.675903363842	0.0
92	2014-10-01	25.02	25.52	26.16	24.98	4900200	-0.332378646776	-0.784774233646	-0.5	0.411863830714	0.648875102529	0.857725856518	-0.644533215205	-0.349944568578	1.0
93	2014-10-02	25.690001	25.02	26.18	24.99	4961200	-0.180731631075	1.12688063194	0.6700009999999992	0.424367330236	-0.0880012271241	1.00453588985	1.19733167896	0.907278376717	1.0
94	2014-10-03	25.98	25.98	26.379999	25.799999	2125100	-1.02905126358	0.0229283695325	0.0	-0.869248840753	-0.466991986614	1.00453588985	-0.310834995764	-0.973663967731	0.0
95	2014-10-06	25.959999	26.34	26.794001	25.85	2441900	0.0176973288462	-0.571817065331	-0.38000100000000003	-0.145152823184	-0.512685919595	0.857725856518	-0.0913730167661	0.263695651883	0.0
96	2014-10-07	25.35	25.799999	26.040001	25.280001	4094400	0.784028293212	-0.696113215108	-0.44999899999999826	-0.480688143519	-0.464209239914	0.738473281419	-0.600439116281	-0.211469733891	1.0
97	2014-10-08	26.4	25.34	26.43	25.01	4149300	-0.179337256902	1.74742123923	1.0599999999999987	0.842609503097	-0.589866805723	0.491167648464	1.58113480658	1.08913321356	0.0
98	2014-10-09	25.66	26.299999	26.4	25.559999	4066600	-0.227757808724	-0.98026744539	-0.6399989999999995	-0.343167304037	-0.620424951475	0.67397987716	-1.67469404744	-1.83707998866	0.0
99	2014-10-10	25.01	25.209999	25.41	24.1	5530100	0.323862113486	-0.304123882556	-0.19999899999999826	0.699658404944	-0.683448090276	0.527169843825	0.0128458095264	1.19897901777	0.0
100	2014-10-13	24.059999	25.0	25.200001	23.83	7505700	0.320030758164	-1.52713857604	-0.9400009999999988	0.893084153167	-0.480746457332	0.67397987716	-0.739734023843	-0.488419213374	0.0
101	2014-10-14	23.9	24.17	24.4	22.6	7695200	-0.162143093279	-0.437592442792	-0.2700000000000031	1.89400907609	-0.257263131597	0.431848862978	0.359574964769	0.564599724986	1.0
102	2014-10-15	24.299999	23.25	24.33	22.889999	4349400	-0.830275678889	1.88470715166	1.0499989999999997	1.14108938604	-0.162883722611	1.33354314776	0.362577463297	-0.156988590564	1.0
103	2014-10-16	25.02	23.65	25.049999	23.33	3851500	-0.365068754798	2.41102321041	1.370000000000001	1.6726613485	-0.185672094038	1.36893033899	0.480829527983	0.00968152044173	1.0
104	2014-10-17	25.07	25.639999	26.27	24.379999	4941400	0.212173671446	-0.893541598685	-0.5699989999999993	1.87565078704	-0.265555665841	1.36893033899	-0.369958122011	-0.414217089347	1.0
105	2014-10-20	25.41	25.4	25.77	24.610001	3292300	-0.683503158628	0.0391587399523	0.010000000000001563	0.357434259949	-0.34151086227	1.26843473937	0.483834030715	0.529688350941	0.0
106	2014-10-21	25.4	25.459999	25.799999	24.9	3216300	-0.232337179212	-0.0742227429571	-0.059999000000001246	-0.182382889161	-0.337683128699	1.06230592055	-0.239683937779	-0.43335056286	1.0
107	2014-10-22	25.440001	25.5	26.0	25.08	2541400	-0.503566763753	-0.0740703452453	-0.059999000000001246	-0.144024695942	-0.53359380335	0.738473281419	0.119069742055	0.243245242617	0.0
108	2014-10-23	24.66	25.73	25.98	24.6	3985600	0.626510629012	-1.69144787325	-1.0700000000000003	0.836455879781	-0.594707956938	0.537519081371	-0.890050051092	-0.503027197368	0.0
109	2014-10-24	24.02	24.65	24.74	23.299999	8052100	1.28301085126	-1.03069592036	-0.629999999999999	1.06782102059	-0.538587713117	0.180339361105	-0.150495942593	0.484115432673	1.0
110	2014-10-27	24.129999	23.75	24.549999	23.700001	3532900	-1.01393069926	0.682528887597	0.37999900000000153	-0.176384102979	-0.548209423369	-0.386558042772	0.413685375532	0.179410916524	1.0
111	2014-10-28	24.780001	24.309999	24.799999	24.16	2725800	-0.530602338854	0.81996248942	0.47000199999999737	-0.6721391398	-0.631635602596	-0.820264769213	0.510893495031	-0.0766458544562	0.0
112	2014-10-29	24.1	24.700001	24.879999	24.09	2875600	-0.118995656383	-0.978493684859	-0.6000009999999989	-0.340833049829	-0.605160119056	-1.45555358902	-1.18366688933	-0.830371197257	0.0
113	2014-10-30	23.879999	24.200001	24.35	23.51	4398400	0.570289869075	-0.522200844614	-0.3200019999999988	-0.206010278851	-0.532289415494	0.0205249759992	0.364583671845	0.979730438935	1.0
114	2014-10-31	23.889999	24.290001	24.5	23.732	5523600	0.172727537171	-0.655957514284	-0.40000200000000063	-0.366935916607	-0.494065942061	1.26843473937	0.0288799453271	-0.327303726389	1.0
115	2014-11-03	24.77	23.6	25.4	23.57	5740700	-0.141728102487	2.06671713282	1.1699999999999982	1.93479888122	-0.570218915267	1.14918216427	0.918747074768	0.401730436807	1.0
116	2014-11-04	24.91	24.76	25.059999	24.299999	4505100	-0.511406049429	0.272676799659	0.14999999999999858	-0.434142141729	-0.641380177951	0.901876531315	-0.461149219229	-0.776176978761	0.0
117	2014-11-05	23.91	25.360001	25.360001	23.879999	4620700	-0.161544250205	-2.33418886722	-1.4500010000000003	1.11529659075	-0.738354330803	0.815000287593	-1.02432973791	-0.0782541555611	1.0
118	2014-11-06	24.530001	23.950001	24.6	23.610001	3420200	-0.576142813391	1.02128246991	0.5799999999999983	0.104126158898	-0.746678116179	0.527169843825	1.41278364591	1.27274475839	1.0
119	2014-11-07	24.74	24.48	24.959999	24.4	2588600	-0.551938886174	0.460777087883	0.259999999999998	-0.846641053171	-0.738592895324	1.18155849565	-0.404030497746	-1.20007209748	1.0
120	2014-11-10	26.25	25.25	27.07	25.216	7731100	2.68640473441	1.65560721572	1.0	1.74204783045	-0.408965344888	1.18155849565	1.64126274067	1.12579989332	0.0
121	2014-11-11	25.809999	26.35	26.450001	25.4	3538900	-0.986345686705	-0.821914791489	-0.5400010000000002	0.073596758424	-0.260493902111	1.18155849565	-1.50233397704	-1.71117000179	1.0
122	2014-11-12	27.65	26.0	28.254999	25.853001	9199000	2.12405816616	2.6391392322	1.6499999999999986	2.66425290579	0.520314870272	-0.743737763135	2.63935740572	2.34022390197	0.0
123	2014-11-13	27.32	27.75	28.4	26.91	5948200	-0.712048808185	-0.615875615062	-0.4299999999999997	0.801770530596	0.813006037888	-0.217365169975	-1.74283809744	-2.55779067326	0.0
124	2014-11-14	27.01	27.360001	27.450001	26.299999	6197000	-0.138062822501	-0.504441513543	-0.3500009999999989	0.180941548991	0.756409279406	0.0934631173839	0.258361042049	1.45153461344	0.0
125	2014-11-17	25.0	27.780001	28.0	24.799999	11833000	1.12205394374	-4.10255502528	-2.7800009999999986	4.33142140055	0.715854762029	-0.083559488411	-2.06451199271	-1.23045324935	1.0
126	2014-11-18	25.41	25.0	25.459999	24.85	4693700	-1.07506447184	0.699020679739	0.41000000000000014	-0.770598480447	0.653444924058	0.0934631173839	1.79959398193	2.08197088448	0.0
127	2014-11-19	24.5	25.049999	25.9	24.49	3676500	-0.513556892297	-0.882212834317	-0.5499989999999997	0.94892077974	0.451179822016	-0.541825702331	-1.69373418913	-2.15259149069	0.0
128	2014-11-20	23.75	24.370001	24.389999	23.58	7407300	1.27498144506	-1.02588687517	-0.6200009999999985	-0.273084837216	0.72792992416	-0.718848308126	-0.106404348923	1.12346111195	1.0
129	2014-11-21	24.08	24.424999	25.26	23.799999	4113400	-0.844642870938	-0.559369806763	-0.3449990000000014	1.12175271061	0.913358392511	-0.780673709061	0.707302614617	0.257851707486	0.0
130	2014-11-24	24.040001	23.73	24.299999	23.549999	4636700	-0.0140464822982	0.561480198175	0.31000099999999975	-0.392167699315	1.11499688294	-0.780673709061	-0.42607383943	-0.702556460703	0.0
131	2014-11-25	23.790001	24.08	24.087999	23.48	3228300	-0.63996075078	-0.473552096667	-0.2899989999999981	-0.707486971554	1.35753556954	-0.780673709061	-0.181562713283	0.247187607043	0.0
132	2014-11-26	23.780001	23.74	24.1	23.530001	2227000	-0.649274231331	0.0923911690182	0.040001000000000175	-0.781724452852	0.81138571394	-0.780673709061	0.156146620521	0.16480592696	0.0
133	2014-11-28	23.52	23.85	24.120001	23.27	1939700	-0.38617429838	-0.547482384592	-0.33000000000000185	-0.156282960208	0.202490530558	-0.780673709061	-0.329874235558	-0.283483499184	0.0
134	2014-12-01	21.969999	23.530001	23.639999	21.780001	6087800	2.90706126766	-2.71023352883	-1.5600019999999972	2.2550093916	-0.0739605356031	-0.639653298628	-1.52838773162	-0.499519507338	1.0
135	2014-12-02	23.91	22.15	24.74	22.1	14818700	1.88408493306	3.29860547674	1.7600000000000016	3.98316181073	-0.197656139532	-0.905478506292	3.1734776629	2.38199903566	1.0
136	2014-12-03	24.6	24.4	25.25	24.17	18634800	0.175194946411	0.36083936024	0.20000000000000284	0.274449601863	-0.402400324029	-1.11160732511	-0.911093294809	-2.58233023245	0.0
137	2014-12-04	24.469999	24.309999	24.74	24.200001	5097600	-1.25386111149	0.294257979155	0.16000000000000014	-0.878957211803	-0.406886851315	-1.43543996424	-0.238682737499	0.759601643716	0.0
138	2014-12-05	23.85	24.360001	24.5	23.4	8307100	0.715598103746	-0.840161211906	-0.510000999999999	0.356037083769	-0.406800473076	-1.54914031721	-0.45413199877	-0.0468484557832	0.0
139	2014-12-08	23.24	22.879999	23.700001	22.860001	17062300	1.33187306761	0.671577521003	0.3600009999999969	-0.127950199578	-0.388841970072	-1.54914031721	-0.263735291795	0.113971327578	1.0
140	2014-12-09	25.42	22.610001	25.950001	22.0	20204100	0.0686187972553	5.14644006726	2.8099990000000012	6.60351844617	-0.107518357741	-1.11160732511	2.70649664787	1.33993731593	0.0
141	2014-12-10	24.75	24.940001	25.16	24.190001	11808900	-0.802287743139	-0.291138097014	-0.19000099999999875	0.00952984886342	-0.0314344679062	-1.11160732511	-2.39019519856	-2.84379376104	1.0
142	2014-12-11	24.790001	24.84	25.5	24.629999	7112100	-0.776456806835	-0.0600513332924	-0.04999899999999968	-0.199822260068	0.0304001005814	-1.02280472324	0.950814544688	2.22395120355	0.0
143	2014-12-12	23.969999	24.389999	24.6	23.950001	4668800	-0.697750573767	-0.686975684331	-0.41999999999999815	-0.629708562536	-0.0016199962724	-1.02280472324	-1.06642113565	-1.25294986226	0.0
144	2014-12-15	23.26	24.200001	24.379999	22.92	7204100	0.589854777817	-1.57838039237	-0.9400009999999988	1.19142721877	-0.432439426378	-1.02280472324	-0.199597145229	0.594691760974	0.0
145	2014-12-16	23.129999	23.0	23.200001	22.709999	7588500	-0.121316265216	0.255938242901	0.12999900000000153	-0.926046350039	-0.320088557976	-1.11160732511	0.190215689319	0.100969789602	1.0
146	2014-12-17	23.5	23.219999	23.531	23.02	8794600	0.0320210954861	0.520046421419	0.2800009999999986	-0.892897100486	-0.309874123353	-1.26130987344	0.356568858674	-0.0174872944518	1.0
147	2014-12-18	24.27	23.889999	24.629999	23.799999	7931100	-0.341409650822	0.678666980251	0.38000100000000003	-0.230891753824	-0.324645082538	-1.11160732511	0.562998999979	0.0466330070196	1.0
148	2014-12-19	24.57	24.23	24.719999	23.98	9375400	0.0656689886845	0.601407440706	0.33999999999999986	-0.448553261694	-0.300389451069	-1.11160732511	-0.135465111487	-0.361337191955	1.0
149	2014-12-22	24.9	24.280001	25.02	23.945	8317100	-0.362752206942	1.07562791892	0.619999	0.255279533397	-0.337312716593	-1.11160732511	0.30746384805	0.310290591056	0.0
150	2014-12-23	24.73	24.82	24.950001	24.389999	4739000	-0.823623269724	-0.126558442634	-0.08999999999999986	-0.854601105604	-0.464489512563	-1.43543996424	-0.358934096229	-0.348776010489	0.0
151	2014-12-24	24.610001	24.709999	24.950001	24.49	1217000	-1.27818417527	-0.143904159936	-0.09999799999999937	-1.06223113392	-0.479605990966	-1.90153591116	0.0529309987127	0.275964869111	0.0
152	2014-12-26	24.559999	24.5	24.629999	24.18	1401400	0.0212480060486	0.123886215526	0.059999000000001246	-1.07846856179	-0.50511111015	-2.39706803863	-0.00519493566311	-0.0721219132772	0.0
153	2014-12-29	24.08	23.93	24.18	23.530001	4095400	2.59311829883	0.281339198197	0.14999999999999858	-0.619406897413	-0.508211123199	-2.61813586337	-0.518265635877	-0.249299318838	0.0
154	2014-12-30	23.25	23.51	24.0	23.129999	7023700	0.83964514569	-0.432985566036	-0.26000000000000156	-0.0867046630805	-0.506255687142	-0.0987275990032	-0.588416595894	0.0431266754385	0.0
155	2014-12-31	23.139999	23.299999	23.48	22.85	5262600	-0.562966687824	-0.260162738695	-0.16000000000000014	-0.616561229156	-0.508470266554	0.0205249759992	0.364582769953	0.470091537832	1.0
156	2015-01-02	24.02	23.370001	24.110001	23.15	3358500	-0.724293672088	1.16953937472	0.6499990000000011	0.0869563941796	-0.556420014575	-0.120495434338	0.88066809413	0.0895807011128	1.0
157	2015-01-05	24.58	24.02	24.950001	24.0	5029600	0.523835648579	0.984047390561	0.5599999999999987	0.0122986630302	-0.543265352932	-0.120495434338	-0.0222286683802	-0.542320109182	0.0
158	2015-01-06	24.530001	24.6	25.01	24.15	9797800	1.17804950583	-0.0943772660568	-0.06999900000000281	-0.202467497011	-0.545925807446	-0.188886850176	-0.271749904545	0.00339951283177	1.0
159	2015-01-07	24.809999	24.860001	25.09	24.57	9084400	-0.30455939306	-0.0599895472284	-0.050001999999999214	-0.94214275773	-0.557966280288	0.0205249759992	0.455772063387	0.417503765356	1.0
160	2015-01-08	25.08	24.82	25.290001	24.51	12821700	0.398678956758	0.454779160235	0.259999999999998	-0.399416479016	-0.508346132523	0.143403415082	0.0910124846064	-0.269749085396	0.0
161	2015-01-09	24.940001	25.01	25.555	24.75	8119800	-0.731405631411	-0.0924542228504	-0.06999900000000281	-0.34844355655	-0.473248618436	0.143403415082	-0.287784842028	-0.154359130366	0.0
162	2015-01-12	24.110001	24.879999	24.879999	23.84	4223400	-0.895737849028	-1.25292682711	-0.7699980000000011	0.18907848604	-0.478933503151	0.0205249759992	-0.762781772534	-0.153480769071	0.0
163	2015-01-13	23.84	24.27	24.33	23.59	4772100	-0.0101241954062	-0.707471736462	-0.4299999999999997	-0.425686023944	-0.464317934529	0.0205249759992	0.256355735393	0.560362168181	0.0
164	2015-01-14	23.82	23.6	24.299999	23.5	3828200	-0.486077846637	0.40723053015	0.21999999999999886	-0.269131646435	-0.553375058016	0.0876734944828	0.000821284935793	-0.263908632067	0.0
165	2015-01-15	23.32	24.02	24.030001	22.959999	5076800	0.274882685516	-1.17847040675	-0.6999999999999993	0.333501415569	-0.594811990683	0.0335293277703	-0.591422000518	-0.282314926488	1.0
166	2015-01-16	24.07	23.190001	24.17	23.08	6879100	0.316780699535	1.58731306866	0.8799990000000015	0.382011603797	-0.597646349671	0.337485742887	1.17328012453	0.914873653728	1.0
167	2015-01-20	24.559999	24.040001	24.780001	23.809999	6678800	-0.241099181254	0.914650079535	0.5199980000000011	0.0555662422763	-0.598773667428	0.0335293277703	-0.0863634077988	-0.833582058925	0.0
168	2015-01-21	24.48	24.42	24.879999	24.23	7540000	-0.0115383454406	0.124218641931	0.05999999999999872	-0.645313429864	-0.600927826559	0.0335293277703	-0.281770425213	0.0358271896934	0.0
169	2015-01-22	24.34	24.41	24.49	24.0	4051200	-0.870817885536	-0.0952920262331	-0.07000000000000028	-0.986069614415	-0.630920061063	0.0876734944828	-0.000182420599525	0.207894183984	1.0
170	2015-01-23	24.65	24.23	25.07	23.889999	7164200	0.917189420101	0.737520163335	0.41999999999999815	0.495228498349	-0.689467606177	0.723920174954	0.423707900404	0.165536436443	1.0
171	2015-01-26	25.01	24.469999	25.040001	24.469999	7530100	-0.124635028997	0.932679828571	0.5400010000000002	-0.831672134402	-0.678001845017	0.723920174954	0.151135909241	-0.210302037614	1.0
172	2015-01-27	25.34	24.68	25.639999	24.33	11316400	0.531458536987	1.12538351425	0.6600000000000001	0.710621738718	-0.560199446387	0.857725856518	0.173182157022	0.0293986010782	1.0
173	2015-01-28	25.99	25.459999	26.33	25.379999	14564800	0.218087264012	0.881112452111	0.5300009999999986	-0.101541179763	-0.344534538586	-0.0883912505557	0.556987288839	0.183794338593	0.0
174	2015-01-29	24.690001	25.389999	25.98	24.52	12245400	-0.430092135203	-1.11364182711	-0.6999980000000008	1.022226038	-0.409634017713	-0.327239257286	-1.82300426699	-1.16340655707	1.0
175	2015-01-30	24.84	24.6	25.0	24.52	5581400	-0.989182006738	0.425124865789	0.23999999999999844	-1.02208298412	-0.620039392566	-0.658172873434	1.20734979458	1.75842484446	1.0
176	2015-02-02	25.48	24.99	25.48	24.35	5630800	-0.185956643414	0.831264464949	0.490000000000002	0.311112477045	-0.648204801277	-0.379105913229	0.339532019441	-0.785669000835	1.0
177	2015-02-03	26.32	25.629999	26.440001	25.459999	10489600	1.05441052418	1.1327757957	0.6900009999999988	-0.0595100111019	-0.490854386866	-1.19558646093	0.506881979827	0.0891403153899	1.0
178	2015-02-04	26.709999	26.23	26.91	26.1	7972400	-0.54733110276	0.777332730595	0.4799989999999994	-0.434210081455	-0.312914349722	-0.115948708888	-0.0312477883472	-0.253392807038	1.0
179	2015-02-05	26.809999	26.690001	26.99	26.43	4467900	-0.837230261438	0.208276225221	0.11999800000000249	-0.942332664503	-0.251840433419	-0.083559488411	0.00482969362318	0.104625535942	0.0
180	2015-02-06	26.459999	26.66	26.92	26.049999	4904700	-0.0568242179028	-0.286339049762	-0.20000100000000032	-0.320907092459	-0.298549665193	0.240273150719	-0.377974237914	-0.16107702475	1.0
181	2015-02-09	26.610001	26.809999	27.35	26.48	8417700	0.841431565515	-0.284604119483	-0.1999980000000008	-0.330579087158	-0.310642703963	0.446401969539	0.430724619811	0.429776999502	0.0
182	2015-02-10	26.32	26.65	26.93	26.198	4944500	-0.798057283609	-0.487551798793	-0.3299999999999983	-0.589935710545	-0.341117687418	0.623424575334	-0.495222496855	-0.5483098312	1.0
183	2015-02-11	26.450001	26.27	26.809999	26.188	6130200	0.149463196496	0.305401402691	0.18000100000000074	-0.802411683675	-0.32383287745	0.710300819055	0.376611102532	0.510847367518	1.0
184	2015-02-12	26.5	26.67	27.0	26.360001	7894900	0.219274510976	-0.239849056312	-0.1700000000000017	-0.777317627793	-0.544479391427	0.544696811048	-0.0943811270655	-0.322924160562	0.0
185	2015-02-13	26.23	26.700001	26.860001	26.129999	3844400	-0.943939189321	-0.702759147568	-0.4700009999999999	-0.592806409577	-0.779964205234	0.0934631173839	-0.306823881401	-0.0591178482949	1.0
186	2015-02-17	27.299999	26.42	27.309999	25.98	5805000	0.541866815596	1.39605792052	0.879998999999998	0.560119161978	-0.815337096576	1.12741432894	1.37870976702	0.828398865228	1.0
187	2015-02-18	28.0	27.4	28.49	27.190001	12621900	1.50669648641	0.925668680472	0.6000000000000014	0.424253210806	-0.632124198635	-0.115948708888	-0.0332490865946	-0.908805794861	0.0
188	2015-02-19	27.83	28.219999	28.219999	27.429001	4433700	-1.14098841352	-0.54680105224	-0.3899990000000031	-0.559107900505	-0.517238250605	0.35014723803	-0.464155726165	-0.0484582467997	1.0
189	2015-02-20	28.209999	27.92	28.27	27.450001	4147400	-0.292594043623	0.451124989378	0.2899989999999981	-0.506901899753	-0.339165331038	0.961810320928	0.678240749741	0.651071811196	0.0
190	2015-02-23	28.110001	28.200001	28.49	28.0	3698800	-0.355902429595	-0.108641224311	-0.08999999999999986	-1.12794432376	-0.263803740707	1.16793913975	-0.411040503069	-0.661071290093	0.0
191	2015-02-24	27.49	27.9	28.139999	27.48	3618600	-0.230301782392	-0.582889112731	-0.41000000000000014	-0.790076167873	-0.292309154328	1.26843473937	-0.537310988494	0.0581711597001	0.0
192	2015-02-25	27.299999	27.34	27.66	26.870001	6402600	0.918560457797	-0.0373879018571	-0.040001000000000175	-0.522742760661	-0.394527389914	1.14918216427	0.205249426521	0.398226719875	1.0
193	2015-02-26	28.0	27.57	28.35	27.200001	5438000	-0.417617378347	0.665903000381	0.4299999999999997	0.132915348689	-0.459630956993	0.901876531315	0.780457676525	0.15516520587	0.0
194	2015-02-27	27.67	28.0	28.17	27.34	8232400	0.547497309342	-0.462939362105	-0.3299999999999983	-0.475323468236	-0.578508690737	0.504172000235	-0.893055455715	-0.902235839931	1.0
195	2015-03-02	28.15	27.84	28.219999	27.67	10054900	0.122710430852	0.481972682339	0.3099999999999987	-1.01005270734	-0.794114082659	1.06748053932	0.900708534203	1.06591044405	0.0
196	2015-03-03	27.530001	29.299999	29.9	27.34	24166700	1.8395147504	-2.46746137017	-1.769998000000001	2.69316495269	-0.814105915027	0.504172000235	-1.08645917068	-1.13287813767	1.0
197	2015-03-04	27.719999	28.0	28.200001	27.299999	7162000	-1.22073971609	-0.389324511456	-0.2800009999999986	-0.344647142663	-0.81682688009	0.381293561152	0.740369080191	1.08781805986	1.0
198	2015-03-05	29.0	28.33	29.040001	27.049999	10052700	0.387377915783	0.997896402727	0.6700000000000017	1.6065662216	-0.676472743953	0.67397987716	1.15324078676	-0.0244979564582	0.0
199	2015-03-06	28.620001	28.5	29.280001	28.5	11476100	0.00683157718506	0.196509356518	0.12000099999999847	-0.607142461818	-0.634283271731	0.939427481466	-1.27886388998	-1.26259040806	1.0
200	2015-03-09	28.92	28.52	29.16	28.52	6116500	-0.877087935383	0.601121088554	0.40000000000000213	-0.8713905828	-0.544111886021	1.00453588985	0.853607928343	1.34446412008	0.0
201	2015-03-10	28.25	28.59	28.76	27.75	8779700	0.433556733919	-0.467332137446	-0.33999999999999986	-0.17464906962	-0.578249419538	0.939427481466	-1.02533113862	-1.10307875245	0.0
202	2015-03-11	27.51	28.139999	28.139999	27.110001	6990100	-0.494847559523	-0.900021113181	-0.629998999999998	-0.0969203489946	-0.610969415515	0.583205621859	-0.285780838104	0.552473597696	1.0
203	2015-03-12	28.200001	27.780001	28.26	27.530001	6445100	-0.312046430575	0.646202615053	0.4200000000000017	-0.671813732957	-0.612999349915	0.382251421812	1.14522236603	0.607251248032	0.0
204	2015-03-13	28.08	28.200001	28.299999	27.811001	8797800	0.331347566322	-0.152499217477	-0.12000100000000202	-1.12932844461	-0.639782689957	0.3916299096	-0.764787279611	-1.13828458853	0.0
205	2015-03-16	27.719999	27.870001	28.190001	27.41	10363300	0.0596219091495	-0.198953702887	-0.15000199999999708	-0.567628629646	-0.617357146221	-0.780673709061	-0.174547497029	0.506609664643	1.0
206	2015-03-17	28.530001	28.0	28.700001	27.690001	14498600	0.380721567588	0.803262865399	0.5300009999999986	-0.164404451801	-0.655148376242	0.901876531315	1.12117351727	0.584464905753	1.0
207	2015-03-18	29.01	28.02	29.059999	28.02	9694200	-0.68007358935	1.47949116245	0.990000000000002	-0.125569761034	-0.642473303755	1.06748053932	-0.111417565458	-0.791078270836	0.0
208	2015-03-19	28.940001	29.0	29.129999	28.639999	6348500	-0.700049050088	-0.0623636038066	-0.059999000000001246	-1.1536818341	-0.650104888013	1.12162470603	-0.251706959216	0.0679640124468	1.0
209	2015-03-20	29.110001	29.15	29.16	28.84	8733200	0.346735181347	-0.033639877792	-0.03999899999999812	-1.46534445483	-0.601164919374	0.723920174954	0.332515500454	0.340086996454	0.0
210	2015-03-23	29.0	28.959999	29.200001	28.74	8168400	-0.292738023599	0.0798705973203	0.040001000000000175	-1.2084044798	-0.592025878387	0.669776008242	-0.254716372249	-0.353449936099	1.0
211	2015-03-24	29.74	28.790001	29.99	28.709999	18103200	1.5675971653	1.38325630414	0.9499989999999983	0.256400802274	-0.435808103846	0.0335293277703	0.926763691723	0.609442469732	0.0
212	2015-03-25	29.709999	29.84	30.6	29.66	12682400	-0.633698630438	-0.156673156532	-0.13000100000000003	-0.383249636811	-0.475716186167	0.143403415082	-0.574387365909	-0.863527017271	1.0
213	2015-03-26	29.780001	29.629999	30.280001	29.360001	5719300	-0.996199877622	0.231630826128	0.15000199999999708	-0.414731917889	-0.439207237747	0.0335293277703	0.246338521663	0.567375722368	1.0
214	2015-03-27	30.08	29.889999	30.200001	29.719999	5221000	-0.325347903672	0.284983178893	0.19000099999999875	-1.201306802	-0.431433088255	-0.0987275990032	0.275393872875	-0.0585385794432	0.0
215	2015-03-30	29.75	30.219999	30.27	29.24	4873200	-0.295559703381	-0.618228997217	-0.4699990000000014	-0.237091041704	-0.663117637459	0.961810320928	-0.560355530458	-0.422976965957	0.0
216	2015-03-31	29.379999	29.58	29.74	29.35	4493100	-0.312090899825	-0.255809608777	-0.20000099999999676	-1.34737935786	-0.746177630741	1.16793913975	-0.116426673375	0.326649075067	0.0
217	2015-04-01	29.219999	29.450001	29.809999	29.01	5100300	-0.0025407526114	-0.299036470113	-0.23000199999999893	-0.609235447647	-0.761845905618	1.26843473937	0.0168549196853	0.0232648396688	1.0
218	2015-04-02	29.49	29.4	30.07	29.299999	6989900	0.339264291727	0.149127780348	0.08999999999999986	-0.668145706149	-0.795517938192	1.31478617228	0.335523610753	0.106377219124	1.0
219	2015-04-06	30.030001	29.440001	30.52	29.4	10998700	0.634126354306	0.849111531384	0.5899999999999999	-0.0628014744136	-0.795915069483	1.36893033899	0.373602992232	-0.0445130340143	1.0
220	2015-04-07	31.0	30.129999	31.84	30.122	11665500	-0.110762323453	1.21330058889	0.8700009999999985	0.911906493402	-0.6741186643	0.197547581794	0.744378791611	0.152096338616	1.0
221	2015-04-08	32.66	31.469999	32.950001	31.450001	12985400	-0.0344849440506	1.58180858608	1.1900009999999952	0.416294865275	0.105274459034	-1.45555358902	1.25745760885	0.179851959561	1.0
222	2015-04-09	32.689999	33.0	33.709999	32.365002	8605400	-0.688688835964	-0.364339354518	-0.31000099999999975	0.109818393781	0.710839345055	-0.975532428772	-0.937148352117	-1.10965472545	1.0
223	2015-04-10	33.23	32.700001	33.560001	32.540001	7258400	-0.426145641343	0.691102154419	0.5299989999999966	-0.416272636667	1.3996207316	-1.90153591116	0.906722750598	1.17838502193	1.0
224	2015-04-13	34.110001	33.389999	34.77	33.049999	17579200	1.86629048267	0.911882690076	0.7200019999999938	0.636185355678	2.39217875269	-2.55337031151	0.597071576134	-0.344102932084	0.0
225	2015-04-14	33.220001	33.77	33.82	32.700001	10773100	-0.761111180265	-0.648489642055	-0.5499989999999997	-0.285070063058	2.50870311682	-2.11966358507	-1.4903079493	-0.994550614338	1.0
226	2015-04-15	33.549999	33.830002	34.23	33.400002	7788300	-0.601197656682	-0.318282462142	-0.28000300000000067	-0.747740917637	2.28672510731	-1.8318331413	1.16425920077	1.55465852095	1.0
227	2015-04-16	33.950001	33.549999	34.075001	33.040001	6753200	-0.391833859937	0.514437737291	0.40000200000000063	-0.430741359828	1.70296710451	-1.66622913329	0.0308872561875	-0.85724197141	0.0
228	2015-04-17	33.189999	33.130001	33.720001	32.650002	7254500	-0.0910015687347	0.0975865623196	0.05999800000000022	-0.346575793108	0.713781718196	-1.35238998608	-1.05239280756	-0.434523313151	0.0
229	2015-04-20	33.0	33.299999	33.389999	32.669998	4531000	-0.744052495643	-0.34846806909	-0.2999989999999997	-0.901072025024	-0.181897124204	-1.35238998608	0.403668562643	0.876023099579	1.0
230	2015-04-21	33.720001	33.07	33.849998	32.869999	5947100	0.255097945294	0.833221166273	0.6500010000000032	-0.500182297831	-0.672952330243	-1.16216262703	0.77444346013	-0.00697490206185	1.0
231	2015-04-22	33.759998	33.889999	34.049999	33.48	7423300	0.161691950171	-0.135210010399	-0.13000100000000003	-1.15697446653	-0.71499815035	-1.30318303747	-0.499232208276	-0.710738441517	0.0
232	2015-04-23	33.66	33.93	34.040001	33.5	8136700	-0.0592369050846	-0.305123149297	-0.2700000000000031	-1.20284946335	-0.781086875941	-1.2143804355	0.00583560378328	0.409622732071	1.0
233	2015-04-24	34.720001	33.799999	35.290001	33.799999	11236200	0.354427289666	1.14503526803	0.9200020000000038	0.243402053129	-0.664767888111	0.243899014702	1.24643268118	0.550571871655	1.0
234	2015-04-27	35.279999	34.93	36.75	34.93	15443500	0.345006165243	0.436004753101	0.34999899999999684	0.682522262122	-0.425117759224	-0.0987275990032	-0.146490941053	-0.856952943174	0.0
235	2015-04-28	35.02	35.450001	35.5	34.43	8637300	-0.838881735973	-0.477123853248	-0.4300009999999972	-0.446466123321	-0.337657401592	-1.8318331413	-0.467158425112	0.0127495112766	0.0
236	2015-04-29	34.200001	34.779999	34.970001	34.0	8296000	-0.256199883051	-0.664550064614	-0.5799979999999962	-0.564396477676	-0.357659910146	-1.30318303747	-0.609459639191	0.037868675282	0.0
237	2015-04-30	33.560001	34.200001	34.509998	33.119999	5762800	-0.642286625416	-0.748536232308	-0.6400000000000006	0.113881774749	-0.334457139555	-1.2143804355	-0.182564615035	0.235649074581	0.0
238	2015-05-01	33.529999	33.880001	34.0	32.709999	5292600	-0.317310982848	-0.402953605898	-0.3500020000000035	-0.0308807102209	-0.38350400329	-1.18494425504	0.251344122222	0.129748001124	1.0
239	2015-05-04	34.290001	34.009998	34.91	33.700001	7758900	0.47796622272	0.362333362087	0.28000299999999356	-0.180245615293	-0.512902895062	-0.975532428772	0.730354572137	0.127122148849	0.0
240	2015-05-05	33.700001	34.0	34.139999	33.150002	4681500	-0.774851206959	-0.340821660901	-0.2999989999999997	-0.505391345929	-0.510903192722	-1.0373578298	-1.18967860047	-0.987250266781	0.0
241	2015-05-06	32.48	33.549999	33.650002	32.380001	7477000	0.668437150482	-1.29185138655	-1.0699990000000028	-0.0206767684802	-0.237803019601	-0.639653298628	-0.778815607704	0.472575381085	1.0
242	2015-05-07	33.080002	33.799999	33.799999	32.360001	10170000	0.324280740593	-0.855236678587	-0.7199969999999993	0.220857468313	-0.15701610556	-0.804982906769	1.39875601929	1.02369717411	1.0
243	2015-05-08	33.740002	32.959999	33.849998	32.099998	11417200	-0.0207027958611	0.998527111241	0.7800029999999936	0.715602714344	-0.219024412455	-1.04156169872	0.0619472125835	-0.977170795949	1.0
244	2015-05-11	34.459999	34.0	34.52	33.509998	7216300	-0.733192902383	0.580679062866	0.4599990000000034	-0.49173681444	-0.400176782002	-1.09570586543	0.450761552527	0.290571275552	0.0
245	2015-05-12	32.77	34.189999	34.43	32.599998	11040900	0.570922432385	-1.68925824986	-1.4199989999999971	0.830504525338	-0.49808327348	-1.01400424049	-2.23586825737	-1.25498959501	0.0
246	2015-05-13	32.759998	32.759998	32.889999	32.279999	9156700	-0.446662525914	0.0229283695325	0.0	-1.06399009339	-0.489064845659	-1.09570586543	1.31858143209	2.0626856737	1.0
247	2015-05-14	33.380001	32.970001	33.639999	32.700001	7195700	-0.509844850326	0.535585550076	0.4099999999999966	-0.553336005157	-0.490697462402	-1.94749685161	0.351561253911	-0.902229646573	1.0
248	2015-05-15	33.400002	33.0	33.849998	32.299999	12119500	0.794982777985	0.522629545193	0.40000200000000063	0.411392241348	-0.492171295344	-2.87577784477	-0.415053220795	-0.352431742222	1.0
249	2015-05-18	33.91	33.439999	34.25	33.299999	7399900	-0.764385074182	0.602349960792	0.47000099999999634	-0.559836454733	-0.550681208189	-1.02280472324	0.672226733767	0.646981814064	1.0
250	2015-05-19	34.150002	33.950001	34.200001	33.57	7250100	-0.228211584458	0.265787549371	0.20000100000000032	-1.07019508309	-0.498739387026	0.527169843825	-0.0893648040137	-0.480527721494	0.0
251	2015-05-20	33.73	34.080002	34.349998	33.459999	5678700	-0.513594383693	-0.400454286181	-0.3500020000000035	-0.662925679653	-0.598751854216	0.35014723803	-0.529295473852	-0.127338766171	1.0
252	2015-05-21	33.860001	33.82	34.09	33.470001	10710200	1.08800803403	0.0716878863803	0.04000099999999662	-1.07969655088	-0.616774941252	0.0756270034681	0.485840940735	0.562849531715	1.0
253	2015-05-22	34.889999	34.060001	34.889999	33.799999	10199700	-0.268036732781	1.02753152467	0.8299980000000033	-0.380778746105	-0.457462870749	0.363457447237	0.959829054985	0.0781822349448	0.0
254	2015-05-26	34.209999	35.07	35.369999	33.959999	9760600	-0.261334816933	-0.988011532666	-0.8600009999999969	0.0969163901229	-0.49074625329	0.719679306746	-1.44621334932	-1.23556253588	1.0
255	2015-05-27	34.25	34.099998	34.470001	33.360001	4805900	-0.936052611103	0.20427305994	0.15000200000000063	-0.335425098132	-0.577040335389	0.885283314754	0.727345359525	1.35921674235	0.0
256	2015-05-28	34.02	33.73	34.25	33.490002	6050600	0.177337060252	0.377369248608	0.29000000000000625	-0.863440132451	-0.720436697388	0.730015655194	-0.418058825839	-0.773109353101	0.0
257	2015-05-29	33.68	33.950001	34.369999	33.400002	8288300	0.338310220009	-0.304931098249	-0.2700010000000006	-0.534891269453	-0.750561751256	0.730015655194	-0.205612263516	0.190806344441	1.0
258	2015-06-01	34.759998	33.880001	34.959999	33.799999	9605200	0.0319466728312	1.09370756717	0.879997000000003	-0.266054402308	-0.749974395643	0.795124063581	1.38271727382	0.73447615489	1.0
259	2015-06-02	34.799999	34.290001	35.049999	34.0	7089100	-0.579254804452	0.636073274122	0.5099980000000031	-0.445016523635	-0.718358192801	0.648314030246	-0.781818707493	-1.25732739771	0.0
260	2015-06-03	34.77	34.959999	35.189999	34.57	8312900	0.0519085340265	-0.201120136288	-0.18999900000000025	-1.10801122503	-0.692383516682	0.803581689806	0.155144317929	0.706137993131	0.0
261	2015-06-04	34.119999	34.619999	34.619999	33.889999	6243200	-0.560407216914	-0.57246651864	-0.5	-0.926306196489	-0.72535591424	0.803581689806	-0.687625211958	-0.452047872066	1.0
262	2015-06-05	35.669998	34.080002	36.59	33.950001	21242800	3.29051358388	1.94627946196	1.5899959999999993	1.93648947648	-0.593046138653	0.504172000235	2.15834635903	1.41866909247	1.0
263	2015-06-08	36.23	36.009998	37.060001	35.77	19732100	-0.302095634646	0.27479212806	0.2200019999999938	-0.165399237091	-0.310616504355	0.381293561152	-0.600438013968	-1.70108864666	1.0
264	2015-06-09	36.43	36.299999	36.66	35.450001	11905400	-0.774879837376	0.170567754805	0.13000100000000003	-0.293694861826	-0.043104855591	-0.35807972307	0.138106977644	0.658372480107	0.0
265	2015-06-10	36.259998	36.0	36.599998	35.779999	8395000	-0.627045483418	0.320663207725	0.25999800000000306	-0.849750073715	0.0790832056616	-0.637146683178	-0.215635289439	-0.172177216466	1.0
266	2015-06-11	36.869999	36.369999	37.150002	36.34	6144100	-0.588218695	0.589674891388	0.5	-0.880064570378	0.219716059384	-1.01400424049	0.831565789181	0.521948041264	1.0
267	2015-06-12	37.950001	36.970001	38.0	36.860001	10378600	0.802139912581	1.11572352658	0.9799999999999969	-0.443054392272	0.443329214642	-0.379105913229	0.728347862538	-0.20928068863	0.0
268	2015-06-15	36.630001	37.27	37.82	36.529999	7435500	-0.610657394918	-0.684988156608	-0.6399990000000031	-0.207571208898	0.36882282265	-0.178151713181	-2.0905678517	-1.3378154002	0.0
269	2015-06-16	36.5	36.43	37.0	36.240002	5084100	-0.658099268409	0.102142200459	0.07000000000000028	-0.94720730434	0.219039105055	0.15278190287	0.998913645153	1.87309176878	0.0
270	2015-06-17	35.450001	37.029999	37.150002	35.380001	11766200	1.71002149441	-1.7360681705	-1.5799979999999962	0.524642135335	0.0623535944778	0.3916299096	-1.33097139914	-1.44970260236	1.0
271	2015-06-18	35.57	35.5	35.900002	35.055	8543600	-0.596587574513	0.104217379691	0.07000000000000028	-0.792786105025	-0.388082781602	-0.253995258563	0.842584403612	1.24352827916	0.0
272	2015-06-19	34.610001	35.0	35.220001	33.919998	10461100	0.127148257432	-0.436436307973	-0.3899990000000031	-0.0793606440349	-0.121863362654	-0.392347665673	-1.3530174465	-1.28376621437	0.0
273	2015-06-22	34.59	34.950001	35.040001	34.41	6621600	-0.731859008887	-0.40170944198	-0.3600009999999969	-1.09033550024	0.146589675458	-0.604028706721	0.675233340913	1.20219037608	0.0
274	2015-06-23	34.59	35.0	35.0	34.41	6173100	-0.297182381107	-0.459994709186	-0.4099999999999966	-1.15145241902	0.338907034583	-0.604028706721	-0.178554803404	-0.632879870016	1.0
275	2015-06-24	34.779999	34.900002	35.48	34.669998	4968300	-0.482263769609	-0.118823501409	-0.12000300000000408	-0.820659104188	0.43734659764	-0.894751665388	0.205248123788	0.235501704799	0.0
276	2015-06-25	34.02	34.57	34.740002	33.639999	5549700	-0.0288552029309	-0.632953246795	-0.5499999999999972	-0.356722811745	0.539821169866	-0.639653298628	-0.971216719444	-0.579564553273	0.0
277	2015-06-26	33.455002	33.099998	33.549999	32.080002	10686000	1.14534539002	0.46507612761	0.355004000000001	0.279299931346	0.0949970017061	-0.639653298628	-0.0517884778249	0.599289131422	0.0
278	2015-06-29	32.5	32.619999	33.175999	31.719999	9346500	-0.380863508376	-0.128726315644	-0.11999899999999997	0.307872676199	0.316182570074	-0.736285633495	-0.808881378536	-0.451611342585	1.0
279	2015-06-30	34.099998	33.07	34.099998	33.029999	9319700	-0.202975493242	1.3069263327	1.029997999999999	-0.368040678794	-0.10543988479	-0.736285633495	2.32018565936	1.52851470679	0.0
280	2015-07-01	33.25	34.080002	34.205002	32.93	7856400	-0.426845482702	-0.981090038954	-0.8300020000000004	-0.0519109917482	-0.149861238741	-0.213776305185	-2.25089978995	-2.58685548826	0.0
281	2015-07-02	33.130001	33.48	33.639999	32.799999	4676400	-0.786669138062	-0.408038120254	-0.34999899999999684	-0.716983319299	-0.321374005957	0.17188173488	0.784463780377	1.9977591694	0.0
282	2015-07-06	31.889999	31.6	32.400002	31.200001	9617600	1.33576962218	0.401259053902	0.2899989999999981	-0.0556937310936	-0.0179885469989	-0.217365169975	-1.45323217314	-1.33153375776	0.0
283	2015-07-07	30.610001	30.200001	30.965	28.129999	25428900	2.18883426962	0.582607415741	0.41000000000000014	2.85864803483	0.696672549813	-0.533983080234	-0.565363335641	0.650344529856	0.0
284	2015-07-08	30.32	28.91	30.860001	28.709999	13745300	-0.866106354743	2.03356305031	1.4100000000000001	1.77350489234	1.21674301552	-0.468874671847	0.329507189734	0.343298515436	1.0
285	2015-07-09	32.779999	32.84	33.419998	31.879999	14262100	-0.144205465246	-0.0523928752031	-0.060001000000006854	0.424542745888	0.752664756072	-0.113043304794	2.6583955432	0.905088951674	0.0
286	2015-07-10	32.400002	32.880001	33.25	32.349998	9779300	-0.655304820521	-0.578897232318	-0.4799989999999994	-0.593336637445	0.512848996227	0.15278190287	-2.20279828444	-2.66135090576	1.0
287	2015-07-13	33.900002	32.950001	34.450001	32.950001	8597100	-0.374381809343	1.21151482961	0.9500010000000003	0.316238368125	0.629296155076	0.15278190287	2.41287820627	2.81070940248	1.0
288	2015-07-14	33.919998	33.66	34.369999	33.5	5304600	-0.755026145027	0.341361351557	0.25999800000000306	-0.689343557449	0.828924956722	0.15278190287	-1.10650612442	-2.1493778683	0.0
289	2015-07-15	32.389999	33.470001	34.0	32.150002	7342100	0.359034417847	-1.30731463183	-1.0800020000000004	0.910415284768	0.570247699532	0.337485742887	-1.40011434458	0.241934164263	1.0
290	2015-07-16	33.84	32.799999	34.34	32.730999	7117700	-0.243199677226	1.33006827908	1.0400010000000037	0.495638515134	0.704857501158	0.337485742887	2.67543087928	2.05275380637	1.0
291	2015-07-17	35.32	34.5	35.400002	34.41	10091900	0.408064196987	1.00277229737	0.8200000000000003	-0.552065679123	1.46036732882	0.546897569159	0.307463346998	-1.71642689181	0.0
292	2015-07-20	35.060001	34.939999	35.400002	34.52	5817800	-0.813903936779	0.164516792424	0.1200019999999995	-0.721111104903	1.85707273038	0.546897569159	-1.03434965732	-0.428383022424	1.0
293	2015-07-21	35.310001	35.389999	35.400002	35.0	4792800	-0.454689707366	-0.0702597884841	-0.07999800000000334	-1.44798481002	1.52314851656	0.546897569159	0.754400715222	1.12696561766	1.0
294	2015-07-22	35.380001	34.990002	35.41	34.650002	5068200	-0.115357758981	0.482424305334	0.3899990000000031	-0.907350242556	0.510204526621	0.42764499406	-0.150496644064	-0.627622527173	0.0
295	2015-07-23	34.700001	35.450001	35.450001	33.915001	7820100	0.589772731918	-0.849253711638	-0.75	0.257718966629	0.350158591574	0.272377334501	-0.748751841077	-0.214830200209	0.0
296	2015-07-24	34.639999	35.400002	35.560001	33.970001	8765200	-0.0232879206984	-0.862134595542	-0.7600029999999975	0.343890915934	-0.0435972173844	-0.113280705564	0.424707597531	0.657789690974	0.0
297	2015-07-27	32.150002	32.799999	33.32	32.060001	9862900	-0.0169286264074	-0.794029517803	-0.649996999999999	-0.00324273045077	0.460350746439	0.623424575334	-2.83913226167	-1.67347912469	1.0
298	2015-07-28	32.48	32.0	32.540001	31.42	23242000	1.77130230235	0.641305482526	0.4799999999999969	-0.216643556007	0.77100918467	0.810796418676	2.09821571926	2.74541437878	1.0
299	2015-07-29	33.290001	32.66	33.470001	32.509998	5709100	-1.29440396851	0.818148209425	0.630001	-0.512410815752	0.512126457665	0.0335293277703	0.162162139648	-1.54829606859	1.0
300	2015-07-30	33.369999	33.099998	33.82	33.0	3850800	-0.67154538376	0.359207219429	0.2700010000000006	-0.745824573369	0.571857657185	0.17188173488	-0.414053022618	-0.161226264225	0.0
301	2015-07-31	33.029999	33.700001	33.700001	31.73	6954300	0.971684394601	-0.796683678273	-0.6700020000000038	1.06098030867	0.512762031249	-0.217365169975	-0.268743297399	0.222213680201	0.0
302	2015-08-03	32.919998	32.529999	33.939999	32.450001	5380800	-0.527422205673	0.517172581243	0.3899990000000031	0.350632915985	0.440669196133	-0.217365169975	0.133096566995	0.206141025497	1.0
303	2015-08-04	33.990002	33.169998	34.02	33.0	8671500	0.689388154714	1.04206561551	0.8200039999999973	-0.446061800813	0.158749318052	-0.176840359161	1.18831676782	0.418823958464	1.0
304	2015-08-05	34.32	34.32	34.990002	34.16	7432600	-0.406307665884	0.0229283695325	0.0	-0.771507907224	-0.140662782076	-0.217365169975	-0.409044415752	-0.930139371116	0.0
305	2015-08-06	32.810001	34.299999	34.77	32.630001	9153900	0.137533759064	-1.7678990133	-1.489998	1.30972553984	-0.287800281079	-0.372632829534	-1.68170565613	-0.38631062216	0.0
306	2015-08-07	32.07	33.029999	34.200001	31.65	15015800	0.731227993548	-1.17525798241	-0.9599989999999963	2.07538062871	-0.389641290873	0.0250717015456	0.309465847768	1.18582942349	0.0
307	2015-08-10	30.059999	30.879999	31.0	29.67	21184300	0.397811999527	-1.07178071742	-0.8200000000000003	0.25173309521	0.43788715149	0.537519081371	-1.99937555196	-1.33007119046	0.0
308	2015-08-11	28.02	29.67	29.700001	27.370001	24493500	0.0280593339813	-2.2696729931	-1.6500000000000021	2.2034097074	2.71186400476	-0.718848308126	-0.987250554614	0.736376946085	0.0
309	2015-08-12	26.77	26.969999	27.02	25.639999	32296300	0.263855984205	-0.282781206063	-0.19999900000000181	0.656972526498	5.57292053787	-1.90153591116	-0.349916078574	0.211984297973	1.0
310	2015-08-13	27.049999	27.469999	27.57	26.9	12373300	-1.09473454082	-0.607379595307	-0.4200000000000017	-0.750800004603	7.2243420897	-1.37902658285	0.776446762582	0.382303450716	1.0
311	2015-08-14	28.120001	27.0	28.225	27.0	10130000	-0.462123138426	1.7330098138	1.1200009999999985	0.293733592673	7.52494240901	-0.993368542785	0.732358075009	-0.23177226213	0.0
312	2015-08-17	27.33	27.799999	27.959999	27.129999	10546400	-0.139111635733	-0.674041978632	-0.4699990000000014	-0.459969854597	7.77663777246	-1.18494425504	-1.56546781681	-1.10016204607	0.0
313	2015-08-18	26.620001	26.51	27.139999	26.200001	7864300	-0.568162408879	0.193988600405	0.1100009999999969	-0.182719453952	6.79066478635	-1.61082124858	-0.0142087444887	1.08884557299	1.0
314	2015-08-19	26.780001	26.68	27.0	26.0	10029100	0.200974076871	0.177446934441	0.1000009999999989	-0.0762009787948	4.16914903794	-2.53910224174	0.515900197902	0.103453983423	0.0
315	2015-08-20	24.9	26.1	26.280001	24.889999	12159200	0.109654700049	-1.87248040593	-1.2000000000000028	0.822636413672	2.99477977909	-0.823776881344	-2.32706366363	-1.46489474854	1.0
316	2015-08-21	25.049999	24.030001	26.059999	23.66	16420100	0.310127409346	1.77280600097	1.019998000000001	3.09826097755	1.26808370858	-0.658172873434	1.51599866646	2.18801786703	0.0
317	2015-08-24	23.93	22.700001	24.940001	21.549999	21356300	0.237791108033	2.25671162092	1.2299989999999994	5.60050298329	0.961629507359	-0.59330186572	-1.71678093572	-1.98797000808	1.0
318	2015-08-25	25.059999	26.5	27.92	24.995001	13116300	-0.759174969535	-2.21723178415	-1.4400009999999988	3.92149609174	0.813971155716	-0.207643825655	2.06114064458	2.10446361194	1.0
319	2015-08-26	25.59	25.51	25.799999	24.549999	12724400	-0.242205389628	0.152211445554	0.0799999999999983	0.528983781539	0.794095026004	-0.0883912505557	-0.433087652741	-1.63097403658	1.0
320	2015-08-27	27.1	26.48	27.15	26.030001	12850800	-0.184383982263	0.988169583168	0.620000000000001	0.154857232411	0.805211319928	0.0205249759992	1.51900447192	1.15778567994	0.0
321	2015-08-28	26.77	26.27	27.48	26.27	10343500	-0.48217533923	0.807571324733	0.5	0.355630089201	0.378259556189	0.0565271713604	-1.31694357209	-1.52653567649	0.0
322	2015-08-31	25.879999	26.66	26.705	25.665001	10443100	-0.18482612604	-1.18321008136	-0.7800009999999986	0.0382751982776	0.138872453672	0.197547581794	-0.447120189664	0.782241478024	0.0
323	2015-09-01	24.879999	25.17	25.92	24.68	10543700	-0.184820434087	-0.452055026429	-0.2900010000000002	0.561931579025	0.112945272087	0.243899014702	-0.544322296549	-0.0765009678601	0.0
324	2015-09-02	24.870001	25.24	25.65	24.219999	7220200	-0.656606647581	-0.581400509048	-0.36999899999999997	0.957450588114	-0.0217255447652	-0.310031036597	0.511894695311	0.468046458928	0.0
325	2015-09-03	24.41	24.92	25.139999	24.389999	9376900	0.235008818607	-0.820764320748	-0.5100000000000016	-0.444367203118	0.0548322909934	-0.310031036597	-0.700653442084	-0.742144243544	0.0
326	2015-09-04	22.809999	24.0	24.459999	22.639999	14607800	0.611377443386	-2.02115324947	-1.1900009999999988	2.04489769596	0.689486694026	-0.743737763135	-1.44320864617	-0.202996577616	1.0
327	2015-09-08	23.950001	24.08	25.98	23.280001	31308800	1.4616420198	-0.199630894897	-0.12999899999999798	3.86733463275	0.684342487333	-0.707735567774	2.28661834312	1.89193517696	1.0
328	2015-09-09	24.67	24.799999	25.85	24.5	20122700	-0.717708148184	-0.193169505611	-0.12999899999999798	0.826245233979	0.705187133294	-0.743737763135	-0.326869532406	-1.76141969403	0.0
329	2015-09-10	24.190001	24.5	24.82	24.035	12979300	-0.714381103699	-0.498694179178	-0.30999900000000125	-0.347782158766	0.745397013827	-0.852653989787	-0.805869460248	0.0326151302532	1.0
330	2015-09-11	24.26	24.1	24.290001	23.15	11195200	-0.39844615743	0.296622250802	0.16000000000000014	0.435558977693	0.21243859265	-1.0373578298	0.557987386807	0.806925441783	0.0
331	2015-09-14	24.209999	23.5	24.469999	23.290001	8213800	-0.585585131571	1.26845214783	0.7099989999999998	0.557462686708	-0.312201352306	-1.30318303747	-0.200602153497	-0.530047269424	1.0
332	2015-09-15	24.98	24.290001	25.139999	24.1	9320700	-0.00309197003797	1.19399896655	0.6899990000000003	0.17639467829	-0.518606997904	-1.65901440452	0.897703630631	0.564452837234	1.0
333	2015-09-16	26.99	25.4	27.049999	25.190001	16470400	0.915248049643	2.60355726628	1.5899999999999999	1.68978738667	0.167839748467	-1.98284704365	1.66531138901	0.204680809916	1.0
334	2015-09-17	27.639999	26.34	27.959999	26.32	11761000	-0.614080903086	2.05757688514	1.2999989999999997	1.15135807761	1.11446565666	-0.950481585986	-0.539313389053	-1.18210369099	0.0
335	2015-09-18	26.43	27.02	27.540001	26.285	12731200	-0.0790030295631	-0.877250502084	-0.5899999999999999	0.425748286097	1.33606597479	-1.45555358902	-1.38708912076	-0.0789838032319	0.0
336	2015-09-21	25.98	26.940001	26.940001	25.85	6746200	-0.881564300848	-1.44612044219	-0.9600009999999983	0.122669404637	0.804501041553	-0.362626448519	0.482830826231	1.09103195978	0.0
337	2015-09-22	25.540001	25.5	25.85	25.139999	6286400	-0.297798194656	0.087596873838	0.040001000000000175	-0.580312211758	0.57633727987	0.0668764090039	-0.412044208604	-0.673925969531	0.0
338	2015-09-23	24.379999	25.629999	25.879999	24.059999	12222300	1.17255535726	-1.98766187992	-1.25	1.78333673833	0.635800699722	-0.207643825655	-1.06040852262	-0.253686787039	1.0
339	2015-09-24	25.34	24.33	25.43	24.129999	7729900	-0.732630564012	1.73428851236	1.0100000000000016	0.708861360943	0.448922430103	-0.253995258563	1.78356305286	1.44028960816	1.0
340	2015-09-25	25.940001	25.77	26.799999	25.6	12661100	0.727693764911	0.294884720809	0.17000099999999918	0.39698512972	0.246118645427	-0.395015668996	-0.244694448638	-1.35534470638	0.0
341	2015-09-28	24.690001	25.620001	25.889999	24.67	12208200	-0.250762779303	-1.4735345309	-0.9299999999999997	0.506673279224	0.109602494701	0.0565271713604	-1.60655180123	-0.429114408325	0.0
342	2015-09-29	24.43	24.799999	24.907	24.110001	9020200	-0.578069836132	-0.592122497823	-0.36999899999999997	-0.340749813696	0.235323777932	-0.120495434338	0.71030801924	1.36433013344	1.0
343	2015-09-30	26.059999	25.459999	26.5	25.200001	13389200	0.504641508773	0.994455686551	0.6000000000000014	0.610049280465	0.0675265444649	-0.120495434338	1.72844432689	0.174592279602	1.0
344	2015-10-01	26.5	26.75	27.07	25.440001	7539200	-0.83336740942	-0.362353320806	-0.25	1.17540296866	-0.297810257403	-0.185603842724	-0.710670355184	-1.39069075482	1.0
345	2015-10-02	28.91	26.98	29.4	26.5	19914300	2.18511290594	2.97194697116	1.9299999999999997	3.4123938639	0.7824111254	-0.905478506292	2.67442827606	1.89909003903	0.0
346	2015-10-05	28.780001	29.15	29.15	28.35	12350000	-0.750472536297	-0.500339585712	-0.36999899999999997	-0.590921112872	1.66703331479	-0.213776305185	-1.74584219933	-2.47087617096	0.0
347	2015-10-06	27.709999	28.700001	28.700001	27.445	11769200	-0.26711231295	-1.39912635123	-0.9900020000000005	0.296215671779	1.88236104729	-0.213776305185	-0.6054541366	1.09468317796	0.0
348	2015-10-07	27.540001	28.139999	28.68	27.42	14352300	0.119948493733	-0.85606960305	-0.5999979999999994	0.336320897419	1.56026554498	0.0250717015456	0.536949053391	0.51610674073	0.0
349	2015-10-08	27.32	27.41	27.49	26.23	16777700	0.0466207209541	-0.112433275048	-0.08999999999999986	0.377617719522	1.40676317217	0.0714231344533	-0.337892856716	-0.626312558948	1.0
350	2015-10-09	28.41	27.469999	28.77	27.290001	14903900	-0.361014398708	1.43361912491	0.9400009999999988	0.741721088877	1.54731392823	0.272377334501	1.32159234827	0.836436675187	1.0
351	2015-10-12	28.719999	28.620001	28.75	27.950001	8970700	-0.776984340794	0.166968603366	0.09999800000000292	-0.5759837008	1.08475900072	0.337485742887	-0.467162433521	-1.06013723711	0.0
352	2015-10-13	26.91	28.32	28.32	26.83	13936000	0.605063163896	-2.02959453377	-1.4100000000000001	0.79352984607	0.0714824268118	0.3916299096	-1.9943630369	-0.48870916185	0.0
353	2015-10-14	25.52	27.0	27.0	25.1	21679500	0.608178856394	-2.23682009277	-1.4800000000000004	1.76062460951	0.289432778344	0.546897569159	-0.200602854969	1.13952712048	1.0
354	2015-10-15	26.26	26.059999	26.700001	25.389999	17715900	-0.464338571614	0.33931630947	0.20000100000000032	0.589586251187	0.353699794885	0.623424575334	1.4278142766	0.536991838998	1.0
355	2015-10-16	26.889999	26.370001	26.950001	26.139999	9598500	-0.864272175137	0.835859351225	0.5199980000000011	-0.443871056962	0.182265048281	0.710300819055	-0.10339914472	-1.04932725679	1.0
356	2015-10-19	27.09	26.889999	27.415001	26.629999	8152800	-0.417558904987	0.329550522936	0.20000100000000032	-0.513889750499	-0.0416365538028	1.10283073136	-0.0733331734685	0.174301323245	0.0
357	2015-10-20	26.530001	27.09	27.4	26.459999	7138700	-0.379463141637	-0.829269403076	-0.5599990000000012	-0.199711794826	-0.0268569181389	1.26843473937	-0.631505686551	-0.195403915253	0.0
358	2015-10-21	26.01	26.32	26.889999	25.825001	6717100	-0.284584035632	-0.462626101157	-0.3099999999999987	0.0968514424109	0.0615263019737	1.31478617228	-0.14047742613	0.3260655848	1.0
359	2015-10-22	26.200001	26.299999	26.93	25.809999	15818900	1.7691405757	-0.133818086479	-0.09999799999999937	0.200070407663	0.0978059039574	1.26843473937	0.461789586718	0.218268817983	1.0
360	2015-10-23	27.1	27.23	27.52	26.93	17484800	-0.0458638480279	-0.173886478525	-0.129999999999999	-0.90109114037	-0.175612891902	1.26843473937	0.754399412489	0.0140589390433	0.0
361	2015-10-26	26.84	27.299999	27.49	26.780001	7516300	-1.02682585954	-0.671706219038	-0.4599989999999998	-0.664057186367	-0.642904462229	0.885283314754	-0.880026323697	-0.834310070615	1.0
362	2015-10-27	27.66	27.709999	28.07	27.09	13398000	0.937684407948	-0.0514569026637	-0.04999899999999968	-0.182014958735	-0.527505664702	0.738473281419	1.26647542609	1.23958575405	1.0
363	2015-10-28	27.68	27.5	28.110001	27.24	9983600	-0.568931769997	0.292765655203	0.17999999999999972	-0.385189862939	-0.58254730132	0.861351720501	-0.605451230503	-1.13448509493	1.0
364	2015-10-29	27.690001	27.74	27.85	26.82	9818800	-0.2227849875	-0.0513764544823	-0.04999899999999968	-0.0891934455013	-0.55861440732	0.861351720501	0.161158033272	0.562991949732	0.0
365	2015-10-30	27.620001	27.549999	27.805	27.450001	7372000	-0.56072809099	0.127677640519	0.07000199999999879	-1.366305304	-0.519282112116	0.901876531315	-0.0803503939269	-0.167212305285	1.0
366	2015-11-02	28.65	27.5	28.879999	27.309999	9802300	0.279977207074	1.74688880576	1.1499999999999986	0.896848875614	-0.266619581034	1.02112910641	1.18630655087	0.597756187707	1.0
367	2015-11-03	29.370001	28.709999	29.9	28.65	10877800	-0.0394613258568	0.970635662104	0.6600019999999986	0.219907922492	0.107494293182	1.32257890608	0.0569401088716	-0.720376124356	0.0
368	2015-11-04	29.27	30.0	30.26	29.17	7948000	-0.589981354202	-0.98021672488	-0.7300000000000004	-0.109335015963	0.10397401034	1.12162470603	-0.409041209026	-0.0912571980551	0.0
369	2015-11-05	28.799999	29.559999	29.57	27.870001	9722400	0.125425963889	-1.03698733136	-0.7600000000000016	1.01972067315	-0.141950963676	0.764444985768	-0.303818677198	0.16553693308	1.0
370	2015-11-06	29.700001	29.0	29.950001	28.370001	11373800	0.047876770003	1.01801939821	0.7000010000000003	0.787056962665	-0.028533316355	0.810796418676	1.3015519082	0.749669805592	0.0
371	2015-11-09	28.76	29.889999	29.950001	28.41	10377300	-0.326056053325	-1.53559854623	-1.129998999999998	0.717768056931	-0.287260010559	0.243899014702	-1.76187984249	-1.68327237182	0.0
372	2015-11-10	28.200001	28.620001	28.700001	27.299999	12392000	0.0831537731655	-0.582052712188	-0.41999999999999815	0.547635390827	-0.359210679303	1.31478617228	0.222287368067	1.32547858602	0.0
373	2015-11-11	27.879999	28.440001	28.49	26.85	14746300	0.0771128460018	-0.788821297262	-0.5600019999999972	1.01864761708	-0.393935462617	1.14918216427	-0.148495746658	-0.364408483967	1.0
374	2015-11-12	28.780001	28.18	29.450001	27.65	15874700	-0.0876765554463	0.900683009167	0.6000009999999989	1.27957391945	-0.491267651208	1.10283073136	1.10413888266	0.562849224969	0.0
375	2015-11-13	26.75	27.82	28.25	26.6	23067700	0.459261034956	-1.56265397148	-1.0700000000000003	1.13609129981	-0.214242202257	0.901876531315	-2.9333374818	-2.06802110131	1.0
376	2015-11-16	28.809999	26.709999	29.58	26.531	26242700	0.00108689888562	3.26414136318	2.1000000000000014	3.73090154438	-0.210579718707	0.901876531315	3.87494757983	3.73942659665	1.0
377	2015-11-17	28.93	29.190001	29.950001	28.67	13884100	-0.882769505499	-0.344271955345	-0.26000099999999904	0.272620291674	-0.261889834834	1.14918216427	-1.71978724223	-3.49657882239	0.0
378	2015-11-18	28.559999	29.15	29.200001	27.950001	10246800	-0.579289762169	-0.811475552808	-0.5900009999999973	0.234415082246	-0.317470231829	1.06230592055	-0.0793495944878	1.36739559727	1.0
379	2015-11-19	29.049999	28.709999	29.215	28.327	9054000	-0.367873973432	0.511139737792	0.33999999999999986	-0.426469892709	-0.296118125644	1.12741432894	0.823547368443	0.368574412295	1.0
380	2015-11-20	29.99	29.33	30.049999	29.129999	11573300	0.205307068953	0.950599456192	0.6600000000000001	-0.412261805015	-0.215425034105	1.06230592055	0.618116423214	-0.278516762132	1.0
381	2015-11-23	30.68	30.08	31.07	29.99	14031700	0.109695405121	0.845238360216	0.6000000000000014	-0.174052403478	0.221176135384	0.9806042956	0.199236112018	-0.215853375065	0.0
382	2015-11-24	30.35	30.6	31.18	30.1	8037400	-0.819247276333	-0.313878336891	-0.25	-0.179877901224	0.408983579083	1.12741432894	-0.659564547363	-0.327741307572	0.0
383	2015-11-25	29.99	30.450001	30.75	29.825001	6705600	-0.439464679186	-0.599850132958	-0.4600010000000019	-0.433781440495	0.34131842763	1.26843473937	-0.0272382773475	0.448326515324	0.0
384	2015-11-27	29.950001	29.1	30.049999	29.07	6163400	-0.316244250553	1.22710056752	0.8500009999999989	-0.297981720561	0.371006594061	1.38768731447	0.142118092007	0.0118707409867	1.0
385	2015-11-30	30.68	30.379999	30.93	29.84	37066300	7.0831412598	0.430024613513	0.3000009999999982	-0.166015653097	-0.297334576313	1.38768731447	0.760412225941	0.227175538523	1.0
386	2015-12-01	31.5	30.379999	31.58	30.200001	12626800	-1.15640642291	1.54275063797	1.1200009999999985	0.301826331127	-0.110572730195	1.03474846231	0.383624515002	-0.287717185141	1.0
387	2015-12-02	31.93	31.700001	32.439999	31.299999	12022500	-0.268318022822	0.322036914485	0.2299989999999994	-0.159204701372	0.0915574672595	0.546897569159	0.0449128786051	-0.123099047533	0.0
388	2015-12-03	31.559999	32.0	32.48	31.08	9512600	-0.502012038156	-0.543918605664	-0.44000099999999875	0.272937313049	-0.140374485986	0.738473281419	-0.545326202505	-0.203583018492	1.0
389	2015-12-04	32.25	31.35	32.369999	31.1	9732600	-0.165222433167	1.20642523651	0.8999999999999986	0.0565806734234	-0.194276182512	0.861351720501	1.1061410828	0.873829409299	1.0
390	2015-12-07	32.529999	32.360001	32.619999	31.889999	6434600	-0.690953406567	0.239497939385	0.16999799999999965	-0.860062702378	-0.0598901771661	0.9806042956	-0.249706963702	-0.867325838942	0.0
391	2015-12-08	31.889999	31.969999	32.25	31.58	7787000	0.106436738629	-0.0802311979514	-0.08000000000000185	-0.939766193526	-0.0383329782176	1.03474846231	-0.763782471763	-0.0991409628447	0.0
392	2015-12-09	31.58	31.77	32.080002	31.205	5257000	-0.670677733945	-0.223617956076	-0.19000000000000128	-0.590667097072	-0.133823216455	0.9806042956	0.163162037195	0.557002271535	1.0
393	2015-12-10	31.6	31.58	31.75	31.16	7783400	0.499153028194	0.049036755135	0.020000000000003126	-1.06101862732	-0.367291008437	0.815000287593	0.111051120896	-0.145739889722	0.0
394	2015-12-11	30.549999	31.15	31.299999	30.530001	11736400	0.538798279104	-0.771136662406	-0.6000009999999989	-0.730757098232	-0.539230579798	0.815000287593	-1.23377019414	-0.660634804433	1.0
395	2015-12-14	30.84	30.780001	30.85	30.030001	7072300	-0.775978613071	0.103287925948	0.059999000000001246	-0.643742902229	-0.56877266229	0.623424575334	1.06004438289	1.26675690606	1.0
396	2015-12-15	31.58	31.0	31.9	31.0	7356700	-0.140407706764	0.794237456708	0.5799999999999983	-0.530802693583	-0.570275674315	0.623424575334	0.401660550311	-0.610096478347	1.0
397	2015-12-16	32.224998	31.9	32.355	31.75	6822600	-0.304251819888	0.442931138537	0.3249980000000008	-1.05089413872	-0.542771024041	0.446401969539	0.249840968964	-0.0594850530674	1.0
398	2015-12-17	32.380001	32.650002	33.48	31.889999	10487100	0.581259268513	-0.317985216293	-0.2700010000000006	0.527767206902	-0.495224888648	0.17188173488	-0.133456397683	-0.133757933286	1.0
399	2015-12-18	32.650002	32.110001	32.790001	31.93	8456100	-0.480081103679	0.716220695899	0.5400010000000037	-0.646637700827	-0.435837955399	0.0335293277703	0.317984517911	0.284140437462	0.0
400	2015-12-21	32.5	32.939999	33.099998	32.380001	4844000	-0.819192236311	-0.527740158296	-0.43999900000000025	-0.886073938434	-0.440593035566	-0.379105913229	-0.323862825049	-0.353303910158	1.0
401	2015-12-22	32.529999	32.450001	32.639999	32.150002	6373200	0.259678122381	0.124559454814	0.07999799999999624	-1.25001581606	-0.385517017821	-0.615684705182	0.192222599338	0.316354326621	1.0
402	2015-12-23	32.540001	32.57	33.099998	32.509998	4869400	-0.541501111188	-0.0150425546568	-0.02999900000000366	-1.09012106576	-0.350584634227	-0.929523852493	-0.040263100326	-0.169839998039	1.0
403	2015-12-24	32.580002	32.650002	32.779999	32.540001	1728900	-1.13549333195	-0.0654563068494	-0.07000000000000028	-1.65599213605	-0.329103754303	-1.69081273087	0.0429083736308	0.0514532945299	0.0
404	2015-12-28	31.889999	32.5	32.544998	31.370001	6195100	3.55296787584	-0.750837081346	-0.6100010000000005	-0.124294444778	-0.585055701064	-2.11155564698	-0.786835331175	-0.394058702749	1.0
405	2015-12-29	32.650002	32.189999	32.945	32.049999	6311100	-0.171616725334	0.612045768197	0.4600030000000004	-0.591609438622	-0.787136114688	0.0785324074648	1.32961367511	1.10593763395	0.0
406	2015-12-30	32.080002	32.09	32.610001	31.91	3746300	-0.789035788037	0.0100842137712	-0.00999800000000306	-0.895941888642	-0.846252882442	-0.359000584536	-1.29991074127	-1.52011458126	1.0
407	2015-12-31	32.264999	31.959999	32.709999	31.629999	3464000	-0.308251371258	0.416347279346	0.30500000000000327	-0.274873643903	-0.847630702816	-0.929523852493	0.755901864275	1.27676224649	0.0
408	2016-01-04	29.530001	30.66	30.66	29.0	18265300	6.0068910747	-1.49645740848	-1.1299990000000015	0.856741194108	-0.0419933025793	-0.132074680237	-3.25901347252	-2.08422727838	1.0
409	2016-01-05	30.0	30.049999	30.299999	29.6	9426400	-0.901624999822	-0.045664505235	-0.04999899999999968	-0.817259240923	0.337994128632	-0.492843265293	2.47350458598	3.20728782529	0.0
410	2016-01-06	29.76	29.23	30.030001	29.049999	12988900	0.350069625333	0.770424936728	0.5300000000000011	-0.296201641022	0.686804952466	-0.492843265293	-1.1425768923	-2.42661555803	0.0
411	2016-01-07	27.950001	28.34	29.15	27.65	18155700	0.378910025189	-0.544388628093	-0.38999899999999954	0.758795892707	1.78811843516	-1.61208496668	-1.73281527194	0.0621907950288	0.0
412	2016-01-08	27.620001	28.58	28.9	27.469999	15164100	-0.43812031574	-1.36181949633	-0.9599989999999998	0.632333305566	2.63650752005	-1.66622913329	0.857617238922	1.41954367055	0.0
413	2016-01-11	27.030001	27.35	27.73	25.969999	18866600	0.155795987714	-0.459411807874	-0.3199990000000028	1.35986729859	3.29569703672	-3.81810637741	-0.781821012328	-1.12294508717	1.0
414	2016-01-12	28.205	27.52	28.299999	27.245001	11202600	-0.788782259924	1.04906287147	0.6849999999999987	-0.0523724747217	3.17294900935	-3.09077958421	1.64276388972	1.26653577105	0.0
415	2016-01-13	27.1	28.370001	28.5	26.780001	8981100	-0.486813690409	-1.82254107988	-1.270000999999997	1.21718607193	2.64140115697	-3.09077958421	-2.16071309974	-2.08671302054	1.0
416	2016-01-14	28.120001	27.35	28.43	26.85	9756900	-0.0733557195187	1.18356455572	0.770000999999997	0.951839233738	1.66309016988	-3.28235529656	2.1347980603	2.49958418549	0.0
417	2016-01-15	26.99	26.5	27.290001	26.35	13641500	0.379422631341	0.785204559135	0.48999999999999844	-0.195232364868	0.372159384858	-2.8897159472	-2.18276185277	-2.52361004241	1.0
418	2016-01-19	27.41	28.32	28.635	26.940001	14022400	-0.158258556158	-1.3017495326	-0.9100000000000001	1.15481445993	0.213983820503	-2.56919396767	1.45988224757	2.19890139347	0.0
419	2016-01-20	26.379999	26.5	26.879999	25.360001	23393300	0.771761247832	-0.163753069301	-0.12000099999999847	0.979218991282	-0.0615798601476	-1.47685417915	-1.6566577115	-1.85928473957	1.0
420	2016-01-21	26.690001	26.17	27.16	25.799999	8423100	-1.12821619265	0.84207680192	0.520000999999997	0.662139092336	-0.540243825329	-1.19558646093	1.14823047633	1.65150548948	1.0
421	2016-01-22	27.27	27.889999	27.889999	26.955	9454400	-0.0209904962699	-0.893512900757	-0.619999	-0.26070261886	-0.5834902575	-0.982242913237	0.215267742564	-0.763179107137	0.0
422	2016-01-25	27.030001	27.120001	27.525	26.950001	6988400	-0.577626839907	-0.113880721218	-0.08999999999999986	-0.926421191131	-0.592791356105	-0.832540365004	-0.609457434566	-0.340739179197	0.0
423	2016-01-26	27.0	26.75	27.200001	26.09	6816300	-0.234577210595	0.408210059871	0.25	0.128350387819	-0.591456736081	-0.743737763135	0.251344122222	0.555247243355	0.0
424	2016-01-27	25.379999	27.040001	27.040001	25.145	21140400	2.85321048704	-2.50790793806	-1.6600019999999986	1.75785417586	-0.417131185649	-1.37902658285	-1.812984548	-1.05166238642	0.0
425	2016-01-28	25.370001	26.0	26.08	24.969999	21548300	-0.170788405006	-0.975986919721	-0.6299990000000015	0.228941418729	-0.187183589048	-1.48890067016	1.11916931292	1.64376281347	1.0
426	2016-01-29	26.030001	25.85	26.35	25.5	11895800	-0.849383638135	0.309990906518	0.1800009999999972	-0.32028348508	-0.374714715673	-1.18494425504	0.409676666214	-0.715267553565	0.0
427	2016-02-01	25.59	25.620001	25.959999	25.139999	10915500	-0.318494575839	-0.0253462363556	-0.030000999999998612	-0.359337488438	-0.315760033178	-0.975532428772	-0.95017507909	-0.639161731556	0.0
428	2016-02-02	24.67	25.32	25.57	24.525	11283200	-0.149887410595	-1.03537895918	-0.6499999999999986	0.154949474117	-0.174933951038	0.35014723803	-0.573383259533	0.40582106204	0.0
429	2016-02-03	23.809999	24.68	24.790001	23.370001	20210000	0.95022183849	-1.43030962799	-0.8700009999999985	1.03600234556	0.334273765788	0.637977681799	-0.391002668461	0.0895781741059	1.0
430	2016-02-04	24.959999	24.0	25.26	23.969999	20951000	-0.14556092024	1.67193228647	0.9599989999999998	0.7272915155	0.323999922614	0.803581689806	1.68635713798	0.917942126594	0.0
431	2016-02-05	23.639999	24.690001	24.950001	23.51	19828500	-0.276623781432	-1.73027043997	-1.0500019999999992	1.08970421539	0.382400999181	1.03474846231	-2.43428789454	-2.25411063199	0.0
432	2016-02-08	23.209999	23.049999	23.26	22.18	30399400	0.575456467751	0.309089880368	0.16000000000000014	0.411702051019	0.412923364012	0.648314030246	0.68225006032	2.00192481606	0.0
433	2016-02-09	22.879999	22.700001	23.525	22.469999	16699000	-0.853352566566	0.34982011309	0.1799980000000012	0.390657621802	0.252774199638	0.529061455147	-0.32686682673	-0.790490968148	1.0
434	2016-02-10	23.24	23.379999	23.559999	22.84	12427200	-0.570337228657	-0.223927008696	-0.1399990000000031	-0.419107020776	0.316086752509	0.382251421812	0.541956858574	0.443360815366	0.0
435	2016-02-11	22.9	22.530001	23.129999	22.135	20207600	0.710468819463	0.699948352593	0.36999899999999997	0.259834598148	0.359558332059	-0.113280705564	-0.693636923097	-0.68722065491	1.0
436	2016-02-12	23.129999	23.1	23.41	22.450001	13903600	-0.651886402825	0.0764657288765	0.02999900000000011	0.140391910961	-0.03623724031	-0.639653298628	0.56400110215	0.747185553344	1.0
437	2016-02-16	24.98	24.76	25.99	24.18	20056900	0.443950307465	0.389226067052	0.21999999999999886	1.78296887672	-0.23547910744	1.12162470603	1.80961680743	0.429923244547	1.0
438	2016-02-17	25.719999	25.42	26.200001	24.860001	17465700	-0.3864427114	0.509454767437	0.2999989999999997	0.711996637365	0.082081963175	0.810796418676	-0.436097967665	-1.28318644888	0.0
439	2016-02-18	25.33	25.9	25.9	25.01	11910900	-0.66071470597	-0.884343070381	-0.5700000000000003	-0.216339645857	0.294457000072	0.243899014702	-0.578392467659	0.231123278316	1.0
440	2016-02-19	25.540001	25.200001	25.82	24.889999	7525300	-0.73356426724	0.579140565497	0.33999999999999986	-0.115817955686	0.44751501872	1.16797613894	0.653189297757	0.686857281299	1.0
441	2016-02-22	26.32	26.09	26.469999	25.67	8158100	-0.076684095794	0.386354295145	0.23000000000000043	-0.438005120429	0.904147803288	1.06748053932	0.634147552708	-0.190875299842	0.0
442	2016-02-23	25.59	26.01	26.17	25.5	5601100	-0.654019874908	-0.642760179634	-0.4200000000000017	-0.6776862678	0.881533276948	0.901876531315	-1.30992815542	-0.961391084152	1.0
443	2016-02-24	25.68	25.1	25.76	24.299999	10381300	1.04067511264	0.975541186362	0.5799999999999983	0.97997671498	0.625760613784	0.861351720501	0.767428544507	1.25799054396	0.0
444	2016-02-25	24.93	24.75	25.1	24.440001	10993300	-0.113192371164	0.322747575833	0.17999999999999972	-0.646092381325	0.318284222772	0.861351720501	-1.0363551644	-1.08204605069	1.0
445	2016-02-26	25.41	25.66	25.799999	25.16	8269300	-0.558683000906	-0.378719534464	-0.25	-0.725280510588	-0.214267076574	0.537519081371	1.07306990734	1.17502373763	1.0
446	2016-02-29	25.709999	25.33	26.0	25.280001	14099100	0.825080238949	0.641385231121	0.37999900000000153	-0.559717731275	-0.755820848848	0.601041735872	-0.156510559828	-0.84059340746	1.0
447	2016-03-01	26.5	26.889999	27.190001	26.309999	17268300	0.127646845989	-0.57498030695	-0.38999899999999954	-0.30992112572	-0.708881707437	0.546897569159	0.756407424821	0.534801493715	1.0
448	2016-03-02	26.639999	27.120001	27.129999	26.26	14655400	-0.418567785493	-0.706723154672	-0.48000199999999893	-0.341409888933	-0.617292749633	0.197547581794	-0.339896159168	-0.607321664129	0.0
449	2016-03-03	25.59	26.780001	26.780001	25.209999	15821400	-0.083261104946	-1.80895949544	-1.1900009999999988	1.10903372452	-0.635147572404	0.197547581794	-1.09748139268	-0.209569191015	1.0
450	2016-03-04	26.48	25.940001	26.549999	25.68	13871800	-0.37777666873	0.881121661146	0.5399990000000017	-0.297917416192	-0.600232520497	0.197547581794	1.74547956276	1.47563348016	0.0
451	2016-03-07	26.139999	26.280001	26.559999	25.9	12718100	-0.319600526619	-0.196691187238	-0.14000199999999907	-0.719099026785	-0.613992984719	-0.27309509067	-1.20971974202	-1.78624822303	0.0
452	2016-03-08	26.07	25.85	26.34	25.76	9149100	-0.606372674168	0.373780632224	0.21999999999999886	-0.868344709845	-0.620315998798	-0.538920298335	0.339532921333	1.05787714765	1.0
453	2016-03-09	26.34	26.16	26.48	25.77	6110200	-0.681210720964	0.306587595676	0.17999999999999972	-0.620985574645	-0.611479241266	0.17188173488	0.278401983174	-0.160639823348	1.0
454	2016-03-10	26.389999	26.48	26.815001	26.01	8236900	0.306687292712	-0.117188847352	-0.09000100000000089	-0.442021082581	-0.735702854667	0.240273150719	-0.148493542033	-0.240684080506	1.0
455	2016-03-11	27.83	26.75	27.92	26.530001	11863100	0.44056578106	1.6873452718	1.0799999999999983	0.634680820354	-0.54129492059	-1.51737898996	1.60619006655	0.871784271967	0.0
456	2016-03-14	27.74	28.0	28.25	27.690001	7517200	-0.730858669076	-0.35987650994	-0.26000000000000156	-0.986559002264	-0.429727088341	-0.950481585986	-1.09948850312	-1.51061655572	0.0
457	2016-03-15	27.16	27.450001	27.5	26.865	6979100	-0.30277336096	-0.412602837783	-0.2900010000000002	-0.820311237035	-0.397658322611	-0.45494945861	-0.287784641607	0.729949993451	1.0
458	2016-03-16	27.84	27.030001	27.959999	26.950001	7251800	-0.142062534733	1.25830837845	0.8099990000000012	-0.107580246528	-0.257203742266	-1.18227625172	1.13820654851	0.638947553599	0.0
459	2016-03-17	27.030001	27.5	28.040001	26.985001	9674600	0.286411166193	-0.681645266177	-0.4699990000000014	-0.0087491116986	-0.418907758566	-1.06302367672	-1.48629793724	-1.46898449735	1.0
460	2016-03-18	27.08	27.17	27.360001	26.52	12890700	0.283986943023	-0.113628961272	-0.09000000000000341	-0.41491265356	-0.438602476484	-0.853611850446	0.759410123769	1.37937381432	0.0
461	2016-03-21	26.959999	27.26	27.559999	26.58	10530300	-0.464747635553	-0.430761413484	-0.30000100000000174	-0.142549630906	-0.518819792994	-0.907756017159	-0.329873333666	-0.756163420331	1.0
462	2016-03-22	26.99	26.700001	27.040001	26.58	6492000	-0.755774633996	0.470690511042	0.2899989999999981	-1.14204364766	-0.630077726493	-1.07336002507	0.12708706048	0.296560895321	0.0
463	2016-03-23	26.74	26.91	27.049999	26.290001	8036100	0.146623548648	-0.237505444933	-0.1700000000000017	-0.553484385288	-0.683288043378	-1.36119046884	-0.320855115591	-0.247697240305	0.0
464	2016-03-24	26.360001	26.459999	26.459999	26.1	7954800	-0.213504195862	-0.132870262068	-0.09999799999999937	-1.32625489462	-0.678108804034	-1.79489719538	-0.237678430703	0.0939627647327	0.0
465	2016-03-28	25.82	26.32	26.33	25.635	9130400	0.0158232955409	-0.760224002547	-0.5	-0.641414560949	-0.570678538673	-0.743737763135	-0.37897794345	-0.0649641444144	1.0
466	2016-03-29	26.42	25.84	26.629999	25.59	15294100	0.781628062155	0.94826047876	0.5800000000000018	0.0494252554336	-0.62027813503	0.815000287593	0.963841672501	0.638657239949	1.0
467	2016-03-30	27.24	26.66	27.615	26.66	12037400	-0.508070377832	0.919799401131	0.5799999999999983	-0.18002991337	-0.614127852379	0.614046087546	0.374604493143	-0.482138520392	0.0
468	2016-03-31	26.5	27.370001	27.48	26.42	8153700	-0.667389111734	-1.28748129318	-0.8700009999999985	0.0259298461014	-0.726694439847	0.537519081371	-1.27084707261	-0.726366182335	1.0
469	2016-04-01	26.76	26.26	27.25	26.09	10965300	0.301992890032	0.807870122508	0.5	0.257388308288	-0.738035174666	0.180339361105	0.96985338364	1.31861031282	0.0
470	2016-04-04	26.639999	26.76	27.049999	26.370001	8024300	-0.588343353654	-0.161939273558	-0.12000100000000202	-0.704017417748	-0.756563769512	0.0250717015456	-0.463153824413	-0.944302937862	0.0
471	2016-04-05	26.52	26.35	26.76	26.201	6661700	-0.445432140678	0.288897020283	0.16999999999999815	-0.931207901144	-0.76787089523	0.0250717015456	0.00382869376372	0.346663641379	1.0
472	2016-04-06	26.74	26.74	26.99	26.18	9612300	0.444460289123	0.0229283695325	0.0	-0.450452526753	-0.782906483357	-0.115948708888	0.302452435298	0.110027444027	0.0
473	2016-04-07	26.51	26.799999	27.0	26.43	7843900	-0.466002263989	-0.423163051071	-0.2899989999999981	-0.918689040975	-0.786010778931	-0.419905124005	-0.432087354353	-0.401652446027	1.0
474	2016-04-08	26.860001	26.940001	27.34	26.715	4830700	-0.756721988182	-0.0994922372559	-0.0799999999999983	-0.821447412046	-0.782339504016	0.013423999078	0.591059864995	0.571902044485	1.0
475	2016-04-11	27.280001	27.0	27.73	26.959999	8124600	0.791494658772	0.450449875743	0.2800009999999986	-0.551395440811	-0.821435157309	0.537519081371	0.171177251207	-0.327304763484	1.0
476	2016-04-12	28.1	27.190001	28.17	27.190001	10061800	0.147480101406	1.40265751935	0.9099990000000027	-0.179324511913	-0.665794991434	0.108016223945	0.679242851913	0.260188969734	1.0
477	2016-04-13	29.58	28.780001	29.790001	28.719999	13914800	0.357339359099	1.16886548982	0.7999989999999997	-0.115212808079	0.0305432650785	-2.72900835278	1.14021145433	0.147277745515	1.0
478	2016-04-14	29.629999	29.49	29.870001	29.299999	5552900	-1.07157532458	0.218638050649	0.1399990000000031	-1.02915820577	0.543908996329	-1.66622913329	-0.81890029584	-0.997326918467	1.0
479	2016-04-15	29.879999	29.889999	30.01	29.77	7269500	0.250159840803	0.0091360837361	-0.00999999999999801	-1.62065262888	1.01689305198	-2.10635337596	0.536945946874	0.915751080177	0.0
480	2016-04-18	29.34	29.73	29.860001	29.0	9061100	0.159124995974	-0.517865607522	-0.39000000000000057	-0.512149316031	1.06412129002	-1.75013151635	-0.760776165248	-0.735714953793	0.0
481	2016-04-19	28.85	29.66	29.77	28.594999	9290200	-0.16209018831	-1.10290993464	-0.8099999999999987	0.0685152381714	0.824865941793	-0.698972084114	-0.111415561254	0.447303340468	0.0
482	2016-04-20	28.68	28.6	28.790001	28.41	7914100	-0.413937555799	0.138243448879	0.0799999999999983	-1.34533537068	0.546686506217	-0.132074680237	0.0479195859615	0.00909556159495	1.0
483	2016-04-21	28.790001	28.75	29.209999	28.68	6355700	-0.484798112766	0.0802865211774	0.040001000000000175	-1.07441619648	0.0863221916552	0.225105040127	0.142118092007	-0.010478093143	0.0
484	2016-04-22	28.299999	28.6	28.77	27.66	7841400	0.140686508775	-0.409504619454	-0.30000100000000174	0.00815248453795	-0.284041890886	0.426059240077	-0.651550836505	-0.397127131793	0.0
485	2016-04-25	27.43	28.09	28.198999	27.309999	7511600	-0.259894863579	-0.945693665773	-0.6600000000000001	-0.359363709914	-0.332484754153	0.013423999078	-0.593423298765	0.145965454781	0.0
486	2016-04-26	25.07	27.43	27.58	24.549999	51175800	8.24351269385	-3.52396672505	-2.3599999999999994	4.02498041083	1.055679433	0.0335293277703	-2.08956564932	-0.672176944818	1.0
487	2016-04-27	25.34	25.110001	25.84	25.0	22144500	-1.02270403202	0.400536525506	0.2299989999999994	-0.292298066535	1.86418250447	0.344357615129	1.77855003674	2.02076863324	1.0
488	2016-04-28	25.65	25.360001	26.299999	25.360001	12202900	-0.850828726459	0.494349866167	0.2899989999999981	-0.105413171076	2.11515235226	0.491167648464	-0.320854213699	-1.52785128301	0.0
489	2016-04-29	25.559999	25.58	26.280001	24.9	13835300	-0.00452910823199	-0.00930556488757	-0.02000099999999705	0.794231749802	1.92577280604	0.491167648464	-0.262733390044	0.195479408239	0.0
490	2016-05-02	25.290001	25.52	25.65	24.969999	9604700	-0.642912666804	-0.348613212525	-0.2299989999999994	-0.635767321053	1.7364211393	0.344357615129	-0.172540186169	0.110323279114	0.0
491	2016-05-03	24.4	25.129999	25.129999	24.25	12706800	0.270262472009	-1.17461690722	-0.729999000000003	-0.174878955018	1.78302876311	0.815000287593	-0.809882779236	-0.29458731343	0.0
492	2016-05-04	24.219999	24.309999	24.719999	24.139999	15384200	0.107206253277	-0.12969453588	-0.08999999999999986	-0.786303860476	1.56921174799	0.648314030246	0.371598387048	0.63924182574	1.0
493	2016-05-05	24.85	25.07	25.17	24.59	13347900	-0.39104754572	-0.338839918883	-0.21999999999999886	-0.821290781591	0.708153887302	0.857725856518	0.64216757681	-0.0408604135675	1.0
494	2016-05-06	25.200001	24.93	25.450001	24.48	15385500	0.0228936475301	0.4694116932	0.2700010000000006	-0.00847971785428	-0.158111447886	0.738473281419	-0.0923747180971	-0.434081744263	0.0
495	2016-05-09	23.43	23.99	23.99	22.67	45307400	2.6257209442	-0.939392551064	-0.5599999999999987	0.883763434993	-0.442302959203	0.537519081371	-2.07052620911	-0.817368505331	1.0
496	2016-05-10	23.77	23.23	24.190001	23.219999	15698200	-1.14794277876	0.981239866208	0.5399999999999991	0.12700035296	-0.325516660328	0.861351720501	1.6863573384	2.0838712959	0.0
497	2016-05-11	23.129999	24.01	24.01	23.0	19287300	0.133239819949	-1.48803227967	-0.880001	0.209762696188	-0.122445754419	1.31478617228	-1.29890723615	-1.89229650559	0.0
498	2016-05-12	22.110001	23.530001	23.68	22.02	28229900	0.474570642814	-2.46494657914	-1.4199999999999982	1.78111621975	0.25443571667	0.9806042956	-0.607452528751	0.628725022043	1.0
499	2016-05-13	22.639999	22.48	22.940001	22.35	16484800	-0.803060610856	0.316343908387	0.15999899999999911	-0.668038299104	0.222907501767	1.26843473937	1.17127211219	0.82094694108	1.0
500	2016-05-16	23.370001	22.82	23.51	22.82	14553200	-0.368988698204	1.0165247193	0.5500009999999982	-0.472273383115	0.00647236046865	1.43403874738	0.228301784882	-0.731328201334	1.0
501	2016-05-17	23.879999	23.280001	24.42	23.280001	14692000	-0.184959472007	1.08542841279	0.5999980000000029	0.498617362218	-0.0445093982805	1.43403874738	0.156142411692	0.0345063684854	0.0
502	2016-05-18	23.6	23.74	23.93	23.309999	12681700	-0.397534422325	-0.220185350824	-0.13999999999999702	-0.665882562123	-0.0821322599479	1.43403874738	-0.5202696398	-0.265219944134	0.0
503	2016-05-19	23.110001	23.35	23.940001	22.84	12931400	-0.17021475993	-0.400797222877	-0.23999900000000096	0.446396291034	-0.258361297912	1.31478617228	-0.241688142123	0.246894342783	1.0
504	2016-05-20	23.450001	23.18	23.91	23.18	11508700	-0.358596339052	0.503119450595	0.2700010000000006	-0.396906410951	-0.631929868004	1.14918216427	0.662207515832	0.398955067525	0.0
505	2016-05-23	22.889999	23.41	23.459999	22.799999	8444100	-0.5855487418	-0.89279629837	-0.5200010000000006	-0.544126619977	-0.624699751117	0.861351720501	-0.95418479051	-0.908808000515	1.0
506	2016-05-24	23.790001	23.190001	24.040001	23.01	17843300	1.41780343717	1.08955551283	0.6000000000000014	0.262193714528	-0.62217731542	0.504172000235	1.45287023804	1.32401777155	0.0
507	2016-05-25	22.98	23.799999	23.9	22.805	17970000	-0.188498418667	-1.39743195423	-0.8199989999999993	0.418129483746	-0.617820512057	0.381293561152	-1.63661727143	-1.74666746614	1.0
508	2016-05-26	23.17	23.309999	23.389999	22.860001	12505400	-0.640462103456	-0.22466831617	-0.13999899999999954	-0.843987175515	-0.754020596904	0.17188173488	0.957829259891	1.59234768904	1.0
509	2016-05-27	24.25	23.32	24.280001	23.18	16123500	0.221384941931	1.6669841588	0.9299999999999997	0.388313101284	-0.727423201899	0.0205249759992	0.894695520331	-0.319124827647	1.0
510	2016-05-31	24.610001	24.57	25.0	24.17	95370800	6.9394775161	0.0900446438423	0.040001000000000175	-0.268471277444	-0.59915673383	-0.0987275990032	-0.32285731573	-0.652162232436	0.0
511	2016-06-01	23.790001	24.35	24.370001	23.68	17704700	-1.3815394597	-0.925163526154	-0.5599990000000012	-0.535888727621	-0.604336197548	-0.386558042772	-0.940154057372	-0.105424796327	0.0
512	2016-06-02	23.66	24.0	24.219999	23.445	11889700	-0.675823940536	-0.561094459406	-0.33999999999999986	-0.333211734717	-0.603519907964	-0.852653989787	0.50387497184	0.82036650367	0.0
513	2016-06-03	22.98	23.709999	23.9	22.85	13132700	-0.0469770196257	-1.24633830598	-0.7299989999999994	0.321543732801	-0.588963623289	-1.92511401215	-0.822906700323	-0.816198398902	1.0
514	2016-06-06	23.32	23.16	23.504999	23.120001	9133400	-0.641092708684	0.307730724394	0.16000000000000014	-1.17196846893	-0.584317408879	-0.45494945861	0.825550470474	0.902749045564	0.0
515	2016-06-07	22.01	23.51	23.540001	21.709999	35788700	4.03976562254	-2.60734433567	-1.5	2.18384101093	-0.384778772389	0.857725856518	-1.81899696061	-1.44123159331	0.0
516	2016-06-08	21.24	22.200001	22.27	21.209999	27727700	-0.525934724007	-1.75978220137	-0.9600010000000019	0.522639541087	0.0631954114117	0.013423999078	0.138108581007	1.2566767341	1.0
517	2016-06-09	21.709999	21.07	21.82	20.82	20359200	-0.584763866304	1.27513762104	0.6399989999999995	0.414762015069	0.280545039964	0.160234032413	0.795486503427	0.0979048078043	0.0
518	2016-06-10	21.059999	21.4	21.530001	20.885	13280000	-0.703812285656	-0.632052430452	-0.34000099999999733	-0.445727469832	0.669448385115	-0.0222005928285	-1.20069921911	-1.10439387694	0.0
519	2016-06-13	20.99	20.950001	21.280001	20.799999	9726000	-0.587487584009	0.101637884129	0.03999899999999812	-0.839544420005	0.725768404987	0.431848862978	0.472811608296	1.04925752722	0.0
520	2016-06-14	20.9	21.059999	21.139999	20.379999	15179100	0.615477137074	-0.290271137906	-0.15999900000000267	-0.138554988633	0.402492474795	0.17188173488	-0.180560611112	-0.480969991517	0.0
521	2016-06-15	20.17	21.0	21.0	19.91	19726900	0.236324196539	-1.60644624566	-0.8299999999999983	0.740699255355	0.406400680778	0.885283314754	-0.75576635586	-0.226807102631	1.0
522	2016-06-16	20.43	19.950001	20.51	19.51	26123200	0.272100032557	1.0148093419	0.4799989999999994	0.560828622219	0.125648049575	0.885283314754	0.780456073161	0.818029080745	0.0
523	2016-06-17	20.129999	20.51	20.559999	19.85	14205900	-0.861363798354	-0.740874397621	-0.38000100000000003	-0.206055865269	-0.00759900689246	0.738473281419	-0.659565850095	-0.883537917232	1.0
524	2016-06-20	21.059999	20.68	22.040001	20.6	28239300	1.23589554203	0.780448306865	0.37999900000000153	1.58427243075	-0.54786969466	0.344357615129	1.28752047359	1.06328137824	1.0
525	2016-06-21	21.129999	21.370001	21.48	20.91	11895400	-1.03937494047	-0.440062542737	-0.24000199999999694	-0.632765402187	-0.670253572934	0.648314030246	-0.635514496079	-1.14325009859	1.0
526	2016-06-22	21.200001	21.120001	21.52	20.77	15245800	0.210248499929	0.179084198753	0.08000000000000185	-0.179596749413	-0.673190441268	0.648314030246	0.214270550692	0.62200480515	1.0
527	2016-06-23	21.459999	21.42	21.51	21.040001	6173500	-1.06305459492	0.0999108349625	0.03999899999999812	-0.890447708629	-0.71203459436	0.803581689806	0.251342518858	-0.0437853874993	0.0
528	2016-06-24	20.639999	20.389999	21.25	20.25	23683000	3.92037339651	0.528386227405	0.25	0.519581781629	-0.713667129474	0.546897569159	-1.0724290388	-0.649238178744	0.0
529	2016-06-27	20.24	20.540001	20.65	19.909	11272600	-0.959869523607	-0.579193484552	-0.30000100000000174	-0.132437927845	-0.687996019557	0.0668764090039	0.186210186728	0.778881420702	1.0
530	2016-06-28	20.32	20.530001	20.99	20.174999	14651600	0.236533410875	-0.398762832872	-0.21000099999999833	0.054743613165	-0.675846666598	0.143403415082	0.204246622878	-0.139458729317	1.0
531	2016-06-29	20.389999	20.48	20.823	20.305	11708100	-0.490585975808	-0.158238813236	-0.09000100000000089	-0.710295196619	-0.695277851309	-0.0627254037389	-0.0593064487385	-0.178750662463	1.0
532	2016-06-30	21.23	20.389999	21.34	20.34	14122900	0.100735045042	1.72126879382	0.8400010000000009	0.483257557753	-0.679729293185	-0.0222005928285	0.892693320192	0.47301382408	1.0
533	2016-07-01	21.309999	21.23	21.5	20.98	8291600	-0.798478485474	0.178273166714	0.07999900000000082	-0.757663111875	-0.710053259516	-0.0627254037389	-0.48720517843	-0.77530188943	0.0
534	2016-07-05	20.860001	21.18	21.299999	20.4	10698100	0.222707265869	-0.599923559271	-0.31999899999999926	0.207935134184	-0.713162940043	-0.185603842724	-0.383983544008	0.227472045532	0.0
535	2016-07-06	20.379999	20.549999	20.639999	20.035	13669100	0.204523034977	-0.31810687564	-0.16999999999999815	-0.488778282419	-0.699314969022	-0.395015668996	-0.19759945455	0.123025461721	1.0
536	2016-07-07	20.57	20.459999	20.665001	20.309999	6776100	-0.931192472473	0.244570937571	0.11000100000000046	-1.13315630451	-0.714756685176	-0.780673709061	0.455777875579	0.269541290688	1.0
537	2016-07-08	20.719999	20.610001	20.73	20.34	9715300	0.431156627073	0.242951796266	0.10999800000000093	-1.05073152559	-0.776600635655	-1.11160732511	-0.0643182623306	-0.360756886008	1.0
538	2016-07-11	21.76	20.879999	22.01	20.85	17041800	0.896428905348	1.7603884713	0.880001	0.817333645513	-0.660989043255	-1.43543996424	1.07908452458	0.579791958811	1.0
539	2016-07-12	22.209999	22.139999	22.299999	21.870001	12988200	-0.544268372707	0.15326983254	0.07000000000000028	-1.02346859624	-0.512729105476	-1.26624709145	-0.203610263797	-0.752807306892	0.0
540	2016-07-13	21.68	22.200001	22.299999	21.51	9907000	-0.543351246882	-0.942707374159	-0.5200010000000006	-0.150000548948	-0.52535780227	-0.718848308126	-0.691630013078	-0.0677354529575	0.0
541	2016-07-14	21.68	21.950001	21.98	21.629999	8905600	-0.345613882778	-0.484170890237	-0.2700010000000006	-1.19941537565	-0.564497912748	-1.59298513457	0.461786680622	0.660126003768	0.0
542	2016-07-15	21.41	21.73	21.780001	21.309999	6555400	-0.58208615427	-0.58416068142	-0.3200000000000003	-0.897385588568	-0.561738047352	-0.820264769213	-0.404028493542	-0.561452764704	1.0
543	2016-07-18	22.139999	21.4	22.35	21.4	10227500	0.614738933417	1.44846869738	0.739999000000001	0.251130790609	-0.485471839161	-0.820264769213	0.993902733452	0.727757457123	1.0
544	2016-07-19	22.42	21.85	22.6	21.85	11323700	-0.0431466867675	1.09836682691	0.5700000000000003	-0.261667307181	-0.411020335002	0.961810320928	-0.257719973088	-0.772815007925	1.0
545	2016-07-20	22.66	22.52	22.9	22.32	12076600	-0.10224648338	0.279212548985	0.14000000000000057	-0.693136627248	-0.455825941251	1.02112910641	0.214267444176	0.360975293649	0.0
546	2016-07-21	21.99	22.870001	22.870001	21.940001	12080400	-0.198354080007	-1.56334900699	-0.880001	0.136759267304	-0.614057463368	1.02112910641	-0.850966062185	-0.520407161827	0.0
547	2016-07-22	21.92	22.059999	22.059999	21.65	7038500	-0.804963517486	-0.23869804741	-0.13999899999999954	-1.06270094139	-0.771356365043	1.02112910641	0.440743436905	0.749522362775	0.0
548	2016-07-25	21.85	22.0	22.02	21.51	4859800	-0.648369627245	-0.258152136374	-0.14999999999999858	-0.820032423419	-0.774981098632	1.06748053932	-0.162522070547	-0.446934889969	1.0
549	2016-07-26	22.48	21.85	22.65	21.74	10490800	1.48400278673	1.21157087506	0.629999999999999	0.115384917589	-0.755419125575	1.26843473937	0.729348862397	0.451540210746	0.0
550	2016-07-27	22.360001	22.5	22.639999	22.200001	5465700	-0.894483914407	-0.233581785851	-0.13999899999999954	-1.01162102524	-0.76085237987	1.33354314776	-0.588414391269	-0.733815389585	0.0
551	2016-07-28	22.139999	22.200001	22.27	21.969999	5436400	-0.20659664778	-0.0884946390636	-0.06000200000000078	-1.33147577077	-0.781117222024	1.33354314776	-0.032251694303	0.431088413818	0.0
552	2016-07-29	21.65	22.110001	22.129999	21.549999	8820700	0.705309601003	-0.834765215539	-0.4600010000000019	-0.649340103626	-0.813198896872	1.24666690403	-0.410038601317	-0.211613320466	1.0
553	2016-08-01	21.84	21.690001	22.129999	21.66	7058500	-0.488960082156	0.308024248726	0.1499990000000011	-0.907655112036	-0.803092394773	1.31478617228	0.508885282278	0.462931168928	0.0
554	2016-08-02	21.799999	21.860001	21.98	21.559999	5046600	-0.612775401008	-0.0902276592461	-0.06000200000000078	-1.03143218189	-0.80443123286	1.06748053932	-0.275760517857	-0.501418443447	0.0
555	2016-08-03	21.73	21.65	21.780001	21.51	6009100	0.0781832107279	0.175261453565	0.08000000000000185	-1.38844135943	-0.839075191548	0.669776008242	-0.011202838814	0.205414021689	0.0
556	2016-08-04	21.370001	21.65	21.73	21.219999	9724800	0.699238190605	-0.510235520417	-0.2799990000000001	-0.796438515767	-0.803594573699	0.143403415082	-0.355927589293	-0.1730552418	1.0
557	2016-08-05	21.85	21.5	22.173	21.290001	8377000	-0.400097142244	0.694035313867	0.3500000000000014	0.0986901698618	-0.80320910117	0.0668764090039	0.767427141564	0.565912132576	1.0
558	2016-08-08	22.35	21.82	22.370001	21.549999	11757600	0.387292301871	1.02427230441	0.5300000000000011	-0.09101365374	-0.78506921747	0.121020575619	0.142117891587	-0.456281850162	1.0
559	2016-08-09	22.370001	22.360001	22.690001	22.049999	19990900	0.818196551809	0.0413653726732	0.00999999999999801	-0.538527678671	-0.796316933556	0.546897569159	-0.232668320684	-0.123098536289	1.0
560	2016-08-10	23.41	24.110001	24.6	23.26	33722200	0.798770133532	-1.17398737641	-0.7000010000000003	0.921853477761	-0.595304436697	-0.658172873434	1.23240234888	0.760330327327	0.0
561	2016-08-11	23.290001	23.65	24.0	23.07	17637900	-0.891527063784	-0.604598458658	-0.3599989999999984	0.0401784075196	-0.44468377834	-0.297404288281	-0.857978973604	-1.1794725656	1.0
562	2016-08-12	24.65	23.27	24.889999	22.93	27840200	0.641267995497	2.46773689534	1.379999999999999	2.25736491022	0.0956254851856	-1.65901440452	1.79157516035	1.49389168906	1.0
563	2016-08-15	25.32	24.860001	25.620001	24.85	16615100	-0.78439185541	0.785741032868	0.4599989999999998	-0.429538073673	0.802044234443	-2.36823976762	-0.239683035887	-1.27690144684	0.0
564	2016-08-16	25.02	25.57	25.58	24.75	13730800	-0.450930561042	-0.863807159464	-0.5500000000000007	-0.317924072359	1.10452636758	-2.25836568031	-0.528289563691	0.0818368273334	1.0
565	2016-08-17	25.389999	24.9	25.440001	24.799999	12086200	-0.372764660309	0.834184506052	0.48999900000000096	-0.70483926309	1.29500745867	-3.81810637741	0.752396110037	0.710667616424	1.0
566	2016-08-18	25.4	25.34	25.52	25.120001	10071300	-0.440932188561	0.120541173478	0.05999999999999872	-1.21399958065	1.01782285081	-3.36035861957	-0.308827183853	-0.675386477251	1.0
567	2016-08-19	25.91	26.15	26.200001	25.700001	20568700	1.31497729242	-0.355428563848	-0.23999999999999844	-1.0330627681	0.817921244747	-1.94749685161	0.62913774332	0.53932647199	0.0
568	2016-08-22	25.77	25.950001	25.99	25.52	7850800	-1.0968134995	-0.263027942418	-0.18000100000000074	-1.08740800133	0.506252054787	-1.61208496668	-0.510251323757	-0.641206854282	1.0
569	2016-08-23	25.940001	25.809999	26.299999	25.785	9013700	0.0163171596723	0.230574668275	0.1300019999999975	-0.996542166075	-0.0152915826226	-0.872368825925	0.38763312411	0.558901835744	0.0
