#index	date	close	open	high	low	volume	percent_change	dollar_change	spread
0	2014-05-22	20.90	21.75	22.799999	20.24	84449700	-0.039080459770115004	-0.8500000000000014	0.12004684642438458	
1	2014-05-23	20.10	21.25	21.25	19.940001	20890300	-0.054117647058823465	-1.1499999999999986	0.06336149939540514	
2	2014-05-26	20.10	20.10	20.10	20.10	000	0.0	0.0	0.0	
3	2014-05-27	22.969999	20.280001	22.98	20.25	15338100	0.13264289286770758	2.6899980000000028	0.126242774566474	
4	2014-05-28	24.780001	22.98	25.299999	22.799999	16783000	0.07832902523933848	1.8000009999999982	0.10469011506092724	
5	2014-05-29	25.40	25.040001	25.690001	24.24	8525900	0.014376956294849924	0.3599989999999984	0.05749409085063263	
6	2014-05-30	25.00	25.27	25.559999	23.790001	6302800	-0.010684606252473272	-0.2699999999999996	0.07041965386910687	
7	2014-06-02	24.60	25.40	25.440001	24.07	3808800	-0.03149606299212587	-0.7999999999999972	0.05480003999999994	
8	2014-06-03	25.10	24.17	25.25	24.030001	3388500	0.03847745138601571	0.9299999999999997	0.04952299573777152	
9	2014-06-04	24.540001	24.99	25.280001	24.440001	2990800	-0.01800716286514599	-0.44999899999999826	0.033918836383629386	
10	2014-06-05	25.780001	24.799999	26.75	24.60	7933500	0.03951621127081493	0.9800019999999989	0.08501383946223799	
11	2014-06-06	26.58	26.50	27.040001	26.309999	4317500	0.0030188679245282376	0.0799999999999983	0.027505727204220006	
12	2014-06-09	28.43	27.00	29.09	26.58	10659800	0.052962962962962955	1.4299999999999997	0.09056467616814005	
13	2014-06-10	28.35	28.82	28.860001	27.700001	5617200	-0.016308119361554435	-0.46999999999999886	0.04058072415602589	
14	2014-06-11	29.00	28.10	29.49	28.10	6555600	0.032028469750889625	0.8999999999999986	0.04868651488616452	
15	2014-06-12	27.17	29.59	29.60	26.34	9159600	-0.08178438661710032	-2.419999999999998	0.11486962649753352	
16	2014-06-13	27.790001	27.68	28.200001	27.129999	5161800	0.003974024566474005	0.11000100000000046	0.0385794837104834	
17	2014-06-16	26.889999	27.219999	27.440001	26.379999	6160000	-0.012123439093440151	-0.33000000000000185	0.03917952464163821	
18	2014-06-17	27.018999	27.219999	27.450001	26.629999	3652000	-0.007384276538731706	-0.2010000000000005	0.030236620521640122	
19	2014-06-18	26.52	27.440001	27.889999	26.030001	5278300	-0.03352773201429545	-0.9200009999999992	0.06893988011601412	
20	2014-06-19	25.83	27.00	27.00	25.799999	3716900	-0.0433333333333334	-1.1700000000000017	0.04542877153132691	
21	2014-06-20	25.450001	25.75	25.969999	24.92	7613400	-0.011650446601941736	-0.2999989999999997	0.04101558513641434	
22	2014-06-23	26.370001	25.110001	26.459999	25.10	5590900	0.05017920947115844	1.259999999999998	0.05283601193333281	
23	2014-06-24	27.040001	26.51	27.34	26.51	5737700	0.01999249339871741	0.5300009999999986	0.030999065714303095	
24	2014-06-25	27.07	27.25	27.35	26.450001	1923600	-0.006605504587155953	-0.17999999999999972	0.03313692930780564	
25	2014-06-26	28.299999	27.139999	28.35	26.809999	3622300	0.0427413427686567	1.1600000000000001	0.05555559363476168	
26	2014-06-27	28.01	28.360001	28.50	27.709999	3066300	-0.012341360636764396	-0.3500009999999989	0.028029128472075074	
27	2014-06-30	28.51	28.17	28.530001	27.68	3986200	0.012069577564785227	0.33999999999999986	0.029992978122794594	
28	2014-07-01	29.690001	29.00	31.219999	28.860001	12626000	0.02379313793103444	0.6900009999999988	0.0804224896844013	
29	2014-07-02	28.959999	30.40	30.41	28.50	6108200	-0.04736845394736838	-1.4400009999999988	0.06435310081457381	
30	2014-07-03	27.790001	29.280001	29.35	27.530001	4398200	-0.05088797640409912	-1.4899999999999984	0.06378128390463357	
31	2014-07-07	27.629999	28.01	28.73	27.450001	3826200	-0.013566619064619779	-0.38000100000000003	0.04601002958321405	
32	2014-07-08	26.469999	28.08	28.08	25.809999	6454700	-0.05733621794871784	-1.610000999999997	0.08322643598948543	
33	2014-07-09	26.360001	27.09	27.15	26.049999	4549900	-0.026947176079734198	-0.7299989999999994	0.04115999922993449	
34	2014-07-10	27.700001	25.83	27.796	25.280001	4717600	0.07239647696476974	1.870001000000002	0.09400332348209749	
35	2014-07-11	27.040001	27.51	27.90	26.85	3315400	-0.017084660123591472	-0.4699990000000014	0.038496791228289695	
36	2014-07-14	28.040001	27.629999	28.23	27.50	2850400	0.014839016099855763	0.41000199999999865	0.02622597449254537	
37	2014-07-15	28.209999	28.200001	28.40	27.75	3427000	0.00035453899451987634	0.009997999999999507	0.02304555929799676	
38	2014-07-16	29.110001	28.50	29.299999	28.299999	3799600	0.02140354385964914	0.6100010000000005	0.034716194502409405	
39	2014-07-17	27.559999	28.82	29.389999	27.50	3749200	-0.04371967383761274	-1.260000999999999	0.0670450171522706	
40	2014-07-18	27.82	27.74	28.33	27.50	1993900	0.002883922134102446	0.08000000000000185	0.02987760979121664	
41	2014-07-21	28.540001	27.67	28.66	27.67	2098800	0.031442031080592646	0.8700009999999985	0.035225048297010286	
42	2014-07-22	28.73	28.84	29.379999	28.50	2304200	-0.0038141470180304937	-0.10999999999999943	0.03057144346013554	
43	2014-07-23	27.879999	28.889999	29.059999	27.809999	2476900	-0.034960195048812495	-1.009999999999998	0.044037345218860144	
44	2014-07-24	29.049999	28.00	29.23	27.90	2733300	0.037499964285714275	1.0499989999999997	0.04662576768844472	
45	2014-07-25	29.030001	29.10	29.48	28.50	3872000	-0.0024054639175258696	-0.06999900000000281	0.033717529094830063	
46	2014-07-28	29.49	29.26	30.35	29.07	5040700	0.007860560492139332	0.22999999999999687	0.04357446808510642	
47	2014-07-29	29.620001	29.83	30.219999	29.50	3316500	-0.007039859202145486	-0.20999899999999982	0.024222001274650993	
48	2014-07-30	29.07	30.059999	30.10	29.02	3085100	-0.03293409956533934	-0.989999000000001	0.03652968098308278	
49	2014-07-31	28.58	28.50	28.90	28.10	2979500	0.0028070175438595895	0.0799999999999983	0.028030833917308942	
50	2014-08-01	27.940001	28.549999	28.790001	27.299999	4572400	-0.02136595521421913	-0.6099980000000009	0.05275277040184106	
51	2014-08-04	27.790001	28.200001	28.299999	27.559999	5315300	-0.014539006576630977	-0.41000000000000014	0.026433290715010098	
52	2014-08-05	27.73	27.700001	28.187	27.50	2893700	0.0010829963507943594	0.02999900000000011	0.0247880204801007	
53	2014-08-06	27.51	27.559999	27.73	27.299999	2412100	-0.0018141872936932864	-0.04999899999999968	0.015616524707036974	
54	2014-08-07	27.48	27.75	28.07	27.379999	3863500	-0.009729729729729714	-0.2699999999999996	0.024986456635886247	
55	2014-08-08	28.360001	27.84	28.379999	27.60	3737900	0.01867819683908048	0.5200010000000006	0.02775797103633504	
56	2014-08-11	28.209999	28.799999	29.00	28.09	4218700	-0.020486111822434434	-0.5899999999999999	0.03192422494033416	
57	2014-08-12	28.77	28.299999	28.98	28.299999	2742600	0.01660780977412755	0.4700009999999999	0.023830419201514293	
58	2014-08-13	30.469999	28.950001	30.559999	28.950001	8378200	0.05250424689104505	1.519998000000001	0.05419044092898017	
59	2014-08-14	30.01	30.40	30.700001	29.709999	5536900	-0.012828947368420955	-0.389999999999997	0.03277609667273632	
60	2014-08-15	29.58	28.690001	30.700001	28.10	10580600	0.03102122582707472	0.8899989999999995	0.08923977880144533	
61	2014-08-18	30.040001	30.075001	30.610001	29.52	6617900	-0.001163757234787794	-0.03500000000000014	0.03626385972672847	
62	2014-08-19	30.209999	30.42	31.809999	29.889999	10274700	-0.006903385930309069	-0.21000100000000188	0.06333498372645534	
63	2014-08-20	30.93	30.08	31.15	30.07	4141000	0.028257978723404305	0.8500000000000014	0.035404032125880947	
64	2014-08-21	30.82	31.02	31.450001	30.530001	4314800	-0.006447453255963871	-0.1999999999999993	0.02975420439844766	
65	2014-08-22	30.959999	30.809999	31.200001	30.809999	2418200	0.004868549330365073	0.14999999999999858	0.0126275542375766	
66	2014-08-25	31.34	31.309999	31.450001	30.74	3470900	0.000958192301443338	0.030000999999998612	0.022665634839036528	
67	2014-08-26	32.009998	31.190001	32.080002	31.120001	5343000	0.02629038068963205	0.8199970000000043	0.03037977896170542	
68	2014-08-27	32.639999	31.85	33.099998	31.83	7758900	0.024803736263736314	0.7899990000000017	0.039385889895889155	
69	2014-08-28	31.440001	32.299999	32.310001	31.379999	6761400	-0.026625325901712904	-0.8599980000000009	0.02918111076247249	
70	2014-08-29	31.92	31.540001	32.07	31.299999	3442200	0.012048160683317719	0.37999900000000153	0.024267286097269383	
71	2014-09-02	31.07	32.00	32.349998	30.32	7451100	-0.02906249999999999	-0.9299999999999997	0.06437285555731724	
72	2014-09-03	30.809999	31.50	31.549999	30.57	2753800	-0.021904793650793612	-0.6900009999999988	0.031455593507552435	
73	2014-09-04	30.26	30.809999	31.469999	29.679001	3774500	-0.017851315087676557	-0.5499989999999997	0.058653939064253195	
74	2014-09-05	29.030001	30.34	30.42	28.90	7136500	-0.04317729070533953	-1.3099990000000012	0.05120431107959736	
75	2014-09-08	29.129999	29.00	29.60	28.93	3337100	0.004482724137931087	0.12999900000000153	0.023051780888556413	
76	2014-09-09	29.059999	29.219999	29.57	28.99	3332200	-0.0054757017616598866	-0.16000000000000014	0.019903912831294255	
77	2014-09-10	28.35	29.040001	29.23	28.02	7511800	-0.0237603641955797	-0.6900009999999988	0.042167624287025224	
78	2014-09-11	29.120001	28.67	29.17	28.18	5500600	0.01569588419951157	0.45000099999999676	0.03426198244917843	
79	2014-09-12	29.25	29.32	29.889999	29.01	4192600	-0.0023874488403820013	-0.07000000000000028	0.03004947925559153	
80	2014-09-15	28.870001	29.59	29.60	28.360001	5209900	-0.0243325109834404	-0.7199990000000014	0.04242213406736004	
81	2014-09-16	27.799999	28.549999	28.76	27.049999	7236700	-0.02626970319683724	-0.75	0.06069214057469893	
82	2014-09-17	28.10	27.98	28.24	27.73	3438400	0.004288777698356004	0.120000000000001	0.01818830242510692	
83	2014-09-18	29.549999	27.870001	29.77	27.870001	7522900	0.060279796904205395	1.6799980000000012	0.0661789968652038	
84	2014-09-19	28.35	30.00	30.200001	27.639999	12505800	-0.05499999999999995	-1.6499999999999986	0.08774642673521853	
85	2014-09-22	26.969999	27.68	28.33	26.68	8150400	-0.02565032514450861	-0.7100009999999983	0.060384264599895	
86	2014-09-23	26.57	27.02	27.16	25.84	5964700	-0.01665433012583269	-0.4499999999999993	0.049262922186975186	
87	2014-09-24	27.18	27.01	27.431999	26.799999	2863900	0.006293965198074718	0.16999999999999815	0.023325336778003376	
88	2014-09-25	26.57	27.459999	27.65	26.094999	5455200	-0.03241074407905112	-0.8899989999999995	0.05756065255525906	
89	2014-09-26	26.93	26.60	27.00	26.530001	2482700	0.01240601503759392	0.3299999999999983	0.01756020922847007	
90	2014-09-29	26.33	26.48	26.700001	26.00	3475400	-0.005664652567975911	-0.15000000000000213	0.02651016852868776	
91	2014-09-30	25.82	26.33	26.35	25.299999	5396500	-0.01936954044815792	-0.509999999999998	0.04026849472674983	
92	2014-10-01	25.02	25.52	26.16	24.98	4900200	-0.019592476489028215	-0.5	0.04669568658488325	
93	2014-10-02	25.690001	25.02	26.18	24.99	4961200	0.026778617106314916	0.6700009999999992	0.046933542754219286	
94	2014-10-03	25.98	25.98	26.379999	25.799999	2125100	0.0	0.0	0.022324865280985443	
95	2014-10-06	25.959999	26.34	26.794001	25.85	2441900	-0.014426765375854215	-0.38000100000000003	0.0360994653173894	
96	2014-10-07	25.35	25.799999	26.040001	25.280001	4094400	-0.017441822381465917	-0.44999899999999826	0.02971652062006889	
97	2014-10-08	26.40	25.34	26.43	25.01	4149300	0.041831097079715815	1.0599999999999987	0.05488983378430608	
98	2014-10-09	25.66	26.299999	26.40	25.559999	4066600	-0.02433456366291115	-0.6399989999999995	0.03233260262379903	
99	2014-10-10	25.01	25.209999	25.41	24.10	5530100	-0.007933320425756394	-0.19999899999999826	0.05217045105875047	
100	2014-10-13	24.059999	25.00	25.200001	23.83	7505700	-0.03760003999999995	-0.9400009999999988	0.05585002152160671	
101	2014-10-14	23.90	24.17	24.40	22.60	7695200	-0.01117087298303695	-0.2700000000000031	0.07489078427293519	
102	2014-10-15	24.299999	23.25	24.33	22.889999	4349400	0.04516124731182794	1.0499989999999997	0.06056786667860913	
103	2014-10-16	25.02	23.65	25.049999	23.33	3851500	0.057928118393234716	1.370000000000001	0.07068004931169103	
104	2014-10-17	25.07	25.639999	26.27	24.379999	4941400	-0.022230851101047205	-0.5699989999999993	0.07454155146009757	
105	2014-10-20	25.41	25.40	25.77	24.610001	3292300	0.0003937007874016364	0.010000000000001563	0.045660263727612636	
106	2014-10-21	25.40	25.459999	25.799999	24.90	3216300	-0.002356598678578159	-0.059999000000001246	0.03539123152558462	
107	2014-10-22	25.440001	25.50	26.00	25.08	2541400	-0.002352901960784363	-0.059999000000001246	0.03612092587120294	
108	2014-10-23	24.66	25.73	25.98	24.60	3985600	-0.04158569762922659	-1.0700000000000003	0.05477277237547128	
109	2014-10-24	24.02	24.65	24.74	23.299999	8052100	-0.025557809330628765	-0.629999999999999	0.05917407026915959	
110	2014-10-27	24.129999	23.75	24.549999	23.700001	3532900	0.015999957894736908	0.37999900000000153	0.035505347441632126	
111	2014-10-28	24.780001	24.309999	24.799999	24.16	2725800	0.019333690634869928	0.47000199999999737	0.026074516194744327	
112	2014-10-29	24.10	24.700001	24.879999	24.09	2875600	-0.024291537478075362	-0.6000009999999989	0.03237700753325811	
113	2014-10-30	23.879999	24.200001	24.35	23.51	4398400	-0.01322322259408166	-0.3200019999999988	0.03494176372712146	
114	2014-10-31	23.889999	24.290001	24.50	23.732	5523600	-0.01646776383418019	-0.40000200000000063	0.03188044831880451	
115	2014-11-03	24.77	23.60	25.40	23.57	5740700	0.0495762711864406	1.1699999999999982	0.07566673557990482	
116	2014-11-04	24.91	24.76	25.059999	24.299999	4505100	0.006058158319870701	0.14999999999999858	0.0306019730219449	
117	2014-11-05	23.91	25.360001	25.360001	23.879999	4620700	-0.057176693328994756	-1.4500010000000003	0.060077206006145564	
118	2014-11-06	24.530001	23.950001	24.60	23.610001	3420200	0.024217117986759094	0.5799999999999983	0.0408415412194084	
119	2014-11-07	24.74	24.48	24.959999	24.40	2588600	0.010620915032679657	0.259999999999998	0.022754937017472623	
120	2014-11-10	26.25	25.25	27.07	25.216	7731100	0.039603960396039604	1.0	0.07199999999999997	
121	2014-11-11	25.809999	26.35	26.450001	25.40	3538900	-0.020493396584440233	-0.5400010000000002	0.040260775311748064	
122	2014-11-12	27.65	26.00	28.254999	25.853001	9199000	0.0634615384615384	1.6499999999999986	0.08954326188257232	
123	2014-11-13	27.32	27.75	28.40	26.91	5948200	-0.015495495495495485	-0.4299999999999997	0.05411294715816228	
124	2014-11-14	27.01	27.360001	27.450001	26.299999	6197000	-0.012792433742966562	-0.3500009999999989	0.042302813273812544	
125	2014-11-17	25.00	27.780001	28.00	24.799999	11833000	-0.10007202663527617	-2.7800009999999986	0.12125808788825147	
126	2014-11-18	25.41	25.00	25.459999	24.85	4693700	0.016400000000000005	0.41000000000000014	0.024201507637373474	
127	2014-11-19	24.50	25.049999	25.90	24.49	3676500	-0.021956048780680578	-0.5499989999999997	0.05691221103758247	
128	2014-11-20	23.75	24.370001	24.389999	23.58	7407300	-0.025441156116489224	-0.6200009999999985	0.03366579314908997	
129	2014-11-21	24.08	24.424999	25.26	23.799999	4113400	-0.014124831693954272	-0.3449990000000014	0.06020002185754099	
130	2014-11-24	24.040001	23.73	24.299999	23.549999	4636700	0.013063674673409176	0.31000099999999975	0.03140045988276199	
131	2014-11-25	23.790001	24.08	24.087999	23.48	3228300	-0.012043147840531484	-0.2899989999999981	0.02540208846036997	
132	2014-11-26	23.780001	23.74	24.10	23.530001	2227000	0.0016849620893007657	0.040001000000000175	0.02398985639751998	
133	2014-11-28	23.52	23.85	24.120001	23.27	1939700	-0.01383647798742146	-0.33000000000000185	0.035887734853282616	
134	2014-12-01	21.969999	23.530001	23.639999	21.780001	6087800	-0.06629842472169879	-1.5600019999999972	0.08175815384615388	
135	2014-12-02	23.91	22.15	24.74	22.10	14818700	0.07945823927765244	1.7600000000000016	0.11463308727746405	
136	2014-12-03	24.60	24.40	25.25	24.17	18634800	0.008196721311475526	0.20000000000000284	0.044081632653061156	
137	2014-12-04	24.469999	24.309999	24.74	24.200001	5097600	0.0065816539112157155	0.16000000000000014	0.02214018130956045	
138	2014-12-05	23.85	24.360001	24.50	23.40	8307100	-0.020936000782594347	-0.510000999999999	0.04563368501070976	
139	2014-12-08	23.24	22.879999	23.700001	22.860001	17062300	0.015734310128247685	0.3600009999999969	0.03642671371263472	
140	2014-12-09	25.42	22.610001	25.950001	22.00	20204100	0.12428124173899865	2.8099990000000012	0.16448057121631127	
141	2014-12-10	24.75	24.940001	25.16	24.190001	11808900	-0.007618323672079996	-0.19000099999999875	0.03904201974155732	
142	2014-12-11	24.790001	24.84	25.50	24.629999	7112100	-0.0020128421900160905	-0.04999899999999968	0.03505947944671605	
143	2014-12-12	23.969999	24.389999	24.60	23.950001	4668800	-0.01722017290775609	-0.41999999999999815	0.026881680185346618	
144	2014-12-15	23.26	24.200001	24.379999	22.92	7204100	-0.0388430149238423	-0.9400009999999988	0.06152545171669928	
145	2014-12-16	23.129999	23.00	23.200001	22.709999	7588500	0.005652130434782675	0.12999900000000153	0.021244396731940122	
146	2014-12-17	23.50	23.219999	23.531	23.02	8794600	0.012058613783747302	0.2800009999999986	0.021875000468214875	
147	2014-12-18	24.27	23.889999	24.629999	23.799999	7931100	0.015906279443544558	0.38000100000000003	0.03446843925391285	
148	2014-12-19	24.57	24.23	24.719999	23.98	9375400	0.014032191498142792	0.33999999999999986	0.0303278278688525	
149	2014-12-22	24.90	24.280001	25.02	23.945	8317100	0.025535377860981142	0.619999	0.04371695722413667	
150	2014-12-23	24.73	24.82	24.950001	24.389999	4739000	-0.0036261079774375445	-0.08999999999999986	0.02260351160443999	
151	2014-12-24	24.610001	24.709999	24.950001	24.49	1217000	-0.004046863781742742	-0.09999799999999937	0.018653730738037385	
152	2014-12-26	24.559999	24.50	24.629999	24.18	1401400	0.002448938775510255	0.059999000000001246	0.018344843423254115	
153	2014-12-29	24.08	23.93	24.18	23.530001	4095400	0.006268282490597517	0.14999999999999858	0.027077650489481405	
154	2014-12-30	23.25	23.51	24.00	23.129999	7023700	-0.011059123777116186	-0.26000000000000156	0.03721133447390926	
155	2014-12-31	23.139999	23.299999	23.48	22.85	5262600	-0.006866953084418594	-0.16000000000000014	0.027131784114202546	
156	2015-01-02	24.02	23.370001	24.110001	23.15	3358500	0.02781339204906329	0.6499990000000011	0.040514917904306516	
157	2015-01-05	24.58	24.02	24.950001	24.00	5029600	0.023313905079100698	0.5599999999999987	0.03909469135802471	
158	2015-01-06	24.530001	24.60	25.01	24.15	9797800	-0.0028454878048781627	-0.06999900000000281	0.03500915866050982	
159	2015-01-07	24.809999	24.860001	25.09	24.57	9084400	-0.0020113434428260567	-0.050001999999999214	0.02093819206764645	
160	2015-01-08	25.08	24.82	25.290001	24.51	12821700	0.010475423045930621	0.259999999999998	0.03126256513026047	
161	2015-01-09	24.940001	25.01	25.555	24.75	8119800	-0.0027988404638145865	-0.06999900000000281	0.0322322315869423	
162	2015-01-12	24.110001	24.879999	24.879999	23.84	4223400	-0.030948473912720053	-0.7699980000000011	0.042457603592569976	
163	2015-01-13	23.84	24.27	24.33	23.59	4772100	-0.017717346518335383	-0.4299999999999997	0.030762835169403386	
164	2015-01-14	23.82	23.60	24.299999	23.50	3828200	0.009322033898305037	0.21999999999999886	0.033740995360607325	
165	2015-01-15	23.32	24.02	24.030001	22.959999	5076800	-0.02914238134887591	-0.6999999999999993	0.04520498521335018	
166	2015-01-16	24.07	23.190001	24.17	23.08	6879100	0.03794734635845861	0.8799990000000015	0.04612780266339831	
167	2015-01-20	24.559999	24.040001	24.780001	23.809999	6678800	0.02163053154615098	0.5199980000000011	0.03991777777777767	
168	2015-01-21	24.48	24.42	24.879999	24.23	7540000	0.0024570024570024045	0.05999999999999872	0.026584826175869162	
169	2015-01-22	24.34	24.41	24.49	24.00	4051200	-0.0028676771814830104	-0.07000000000000028	0.020102564102564037	
170	2015-01-23	24.65	24.23	25.07	23.889999	7164200	0.01733388361535279	0.41999999999999815	0.048281546644844554	
171	2015-01-26	25.01	24.469999	25.040001	24.469999	7530100	0.022067879937387826	0.5400010000000002	0.02303969327081024	
172	2015-01-27	25.34	24.68	25.639999	24.33	11316400	0.026742301458670993	0.6600000000000001	0.0523790083966414	
173	2015-01-28	25.99	25.459999	26.33	25.379999	14564800	0.020817007887549352	0.5300009999999986	0.036929096927679116	
174	2015-01-29	24.690001	25.389999	25.98	24.52	12245400	-0.02756983172783901	-0.6999980000000008	0.058306709265175755	
175	2015-01-30	24.84	24.60	25.00	24.52	5581400	0.009756097560975546	0.23999999999999844	0.01941747572815536	
176	2015-02-02	25.48	24.99	25.48	24.35	5630800	0.01960784313725498	0.490000000000002	0.04477907667921534	
177	2015-02-03	26.32	25.629999	26.440001	25.459999	10489600	0.026921616344971325	0.6900009999999988	0.037728662901417916	
178	2015-02-04	26.709999	26.23	26.91	26.10	7972400	0.01829961875714828	0.4799989999999994	0.0306006805931371	
179	2015-02-05	26.809999	26.690001	26.99	26.43	4467900	0.004495990839415948	0.11999800000000249	0.02093457943925229	
180	2015-02-06	26.459999	26.66	26.92	26.049999	4904700	-0.007501912978244573	-0.20000100000000032	0.03275606236363077	
181	2015-02-09	26.610001	26.809999	27.35	26.48	8417700	-0.007459828700478534	-0.1999980000000008	0.032572070385623396	
182	2015-02-10	26.32	26.65	26.93	26.198	4944500	-0.012382739212007441	-0.3299999999999983	0.027638285822163464	
183	2015-02-11	26.450001	26.27	26.809999	26.188	6130200	0.006851960411115369	0.18000100000000074	0.023596319734516032	
184	2015-02-12	26.50	26.67	27.00	26.360001	7894900	-0.006374203224596989	-0.1700000000000017	0.02407368817002067	
185	2015-02-13	26.23	26.700001	26.860001	26.129999	3844400	-0.017603033048575537	-0.4700009999999999	0.02758367603280411	
186	2015-02-17	27.299999	26.42	27.309999	25.98	5805000	0.03330806207418614	0.879998999999998	0.04951597262687964	
187	2015-02-18	28.00	27.40	28.49	27.190001	12621900	0.021897810218978155	0.6000000000000014	0.04693137184115522	
188	2015-02-19	27.83	28.219999	28.219999	27.429001	4433700	-0.01381995087951644	-0.3899990000000031	0.028224728425062125	
189	2015-02-20	28.209999	27.92	28.27	27.450001	4147400	0.010386783667621708	0.2899989999999981	0.029217851936893826	
190	2015-02-23	28.110001	28.200001	28.49	28.00	3698800	-0.003191489248528745	-0.08999999999999986	0.017403657701876782	
191	2015-02-24	27.49	27.90	28.139999	27.48	3618600	-0.014695340501792121	-0.41000000000000014	0.023830980321357612	
192	2015-02-25	27.299999	27.34	27.66	26.870001	6402600	-0.001463094367227512	-0.040001000000000175	0.028916508581927375	
193	2015-02-26	28.00	27.57	28.35	27.200001	5438000	0.015596663039535717	0.4299999999999997	0.041389202807270147	
194	2015-02-27	27.67	28.00	28.17	27.34	8232400	-0.011785714285714224	-0.3299999999999983	0.02981857373809958	
195	2015-03-02	28.15	27.84	28.219999	27.67	10054900	0.011135057471264321	0.3099999999999987	0.019646329701732444	
196	2015-03-03	27.530001	29.299999	29.90	27.34	24166700	-0.060409490116364886	-1.769998000000001	0.09009326060179479	
197	2015-03-04	27.719999	28.00	28.200001	27.299999	7162000	-0.010000035714285664	-0.2800009999999986	0.0323044514053204	
198	2015-03-05	29.00	28.33	29.040001	27.049999	10052700	0.02364984115778333	0.6700000000000017	0.06942271062271065	
199	2015-03-06	28.620001	28.50	29.280001	28.50	11476100	0.0042105614035087184	0.12000099999999847	0.02731095890562042	
200	2015-03-09	28.92	28.52	29.16	28.52	6116500	0.014025245441795306	0.40000000000000213	0.022284122562674116	
201	2015-03-10	28.25	28.59	28.76	27.75	8779700	-0.01189227002448408	-0.33999999999999986	0.035538353272343476	
202	2015-03-11	27.51	28.139999	28.139999	27.110001	6990100	-0.022388024960484112	-0.629998999999998	0.037016999766702564	
203	2015-03-12	28.200001	27.780001	28.26	27.530001	6445100	0.015118789952527422	0.4200000000000017	0.026080706463711915	
204	2015-03-13	28.08	28.200001	28.299999	27.811001	8797800	-0.0042553544590300555	-0.12000100000000202	0.017377327338711265	
205	2015-03-16	27.719999	27.870001	28.190001	27.41	10363300	-0.005382202892637036	-0.15000199999999708	0.028062637164957674	
206	2015-03-17	28.530001	28.00	28.700001	27.690001	14498600	0.018928607142857094	0.5300009999999986	0.03573323835603688	
207	2015-03-18	29.01	28.02	29.059999	28.02	9694200	0.035331905781584655	0.990000000000002	0.036471997194459115	
208	2015-03-19	28.940001	29.00	29.129999	28.639999	6348500	-0.0020689310344828016	-0.059999000000001246	0.016914048724300232	
209	2015-03-20	29.110001	29.15	29.16	28.84	8733200	-0.0013721783876500214	-0.03999899999999812	0.010985238397095127	
210	2015-03-23	29.00	28.959999	29.200001	28.74	8168400	0.0013812500476951045	0.040001000000000175	0.01587305065343434	
211	2015-03-24	29.74	28.790001	29.99	28.709999	18103200	0.032997532719779975	0.9499989999999983	0.0437382873101266	
212	2015-03-25	29.709999	29.84	30.60	29.66	12682400	-0.004356601876675604	-0.13000100000000003	0.03157010968211776	
213	2015-03-26	29.780001	29.629999	30.280001	29.360001	5719300	0.005062504389554555	0.15000199999999708	0.030971216966840538	
214	2015-03-27	30.08	29.889999	30.200001	29.719999	5221000	0.006356674685736817	0.19000099999999875	0.01600807096895229	
215	2015-03-30	29.75	30.219999	30.27	29.24	4873200	-0.015552581586783023	-0.4699990000000014	0.034350509160422066	
216	2015-03-31	29.379999	29.58	29.74	29.35	4493100	-0.0067613590263690595	-0.20000099999999676	0.013229308229804991	
217	2015-04-01	29.219999	29.450001	29.809999	29.01	5100300	-0.0078099148451641455	-0.23000199999999893	0.027271143685017884	
218	2015-04-02	29.49	29.40	30.07	29.299999	6989900	0.003061224489795914	0.08999999999999986	0.02615048395313298	
219	2015-04-06	30.030001	29.440001	30.52	29.40	10998700	0.02004076018883287	0.5899999999999999	0.03766604884257448	
220	2015-04-07	31.00	30.129999	31.84	30.122	11665500	0.0288749096871858	0.8700009999999985	0.056208082058041585	
221	2015-04-08	32.66	31.469999	32.950001	31.450001	12985400	0.037813823889857615	1.1900009999999952	0.046779978898798986	
222	2015-04-09	32.689999	33.00	33.709999	32.365002	8605400	-0.009393969696969689	-0.31000099999999975	0.04094982555868227	
223	2015-04-10	33.23	32.700001	33.560001	32.540001	7258400	0.016207919993641486	0.5299989999999966	0.03094190761501742	
224	2015-04-13	34.110001	33.389999	34.77	33.049999	17579200	0.021563402862036438	0.7200019999999938	0.050962992592592696	
225	2015-04-14	33.220001	33.77	33.82	32.700001	10773100	-0.016286615339058324	-0.5499989999999997	0.03343779618692646	
226	2015-04-15	33.549999	33.830002	34.23	33.400002	7788300	-0.008276765694545352	-0.28000300000000067	0.024636330889932646	
227	2015-04-16	33.950001	33.549999	34.075001	33.040001	6753200	0.011922563693668087	0.40000200000000063	0.030666666666666776	
228	2015-04-17	33.189999	33.130001	33.720001	32.650002	7254500	0.0018109869661639979	0.05999800000000022	0.03226776236429442	
229	2015-04-20	33.00	33.299999	33.389999	32.669998	4531000	-0.009008979249518887	-0.2999989999999997	0.021719487507081362	
230	2015-04-21	33.720001	33.07	33.849998	32.869999	5947100	0.019655306924705265	0.6500010000000032	0.0293456800517191	
231	2015-04-22	33.759998	33.889999	34.049999	33.48	7423300	-0.003835969425670388	-0.13000100000000003	0.01685141242504424	
232	2015-04-23	33.66	33.93	34.040001	33.50	8136700	-0.007957559681697705	-0.2700000000000031	0.015978724663411648	
233	2015-04-24	34.720001	33.799999	35.290001	33.799999	11236200	0.027218994888136054	0.9200020000000038	0.043491009924109654	
234	2015-04-27	35.279999	34.93	36.75	34.93	15443500	0.010020011451474287	0.34999899999999684	0.0518444673386194	
235	2015-04-28	35.02	35.450001	35.50	34.43	8637300	-0.012129788092248494	-0.4300009999999972	0.0303675318523126	
236	2015-04-29	34.200001	34.779999	34.970001	34.00	8296000	-0.01667619369396751	-0.5799979999999962	0.028124122934183926	
237	2015-04-30	33.560001	34.200001	34.509998	33.119999	5762800	-0.018713449745220784	-0.6400000000000006	0.04102712393662571	
238	2015-05-01	33.529999	33.880001	34.00	32.709999	5292600	-0.010330637239355556	-0.3500020000000035	0.038273282895712704	
239	2015-05-04	34.290001	34.009998	34.91	33.700001	7758900	0.008232961378004007	0.28000299999999356	0.035431889244976304	
240	2015-05-05	33.700001	34.00	34.139999	33.150002	4681500	-0.008823499999999991	-0.2999989999999997	0.029246587455737334	
241	2015-05-06	32.48	33.549999	33.650002	32.380001	7477000	-0.03189266861080988	-1.0699990000000028	0.03846739419154014	
242	2015-05-07	33.080002	33.799999	33.799999	32.360001	10170000	-0.021301687020759952	-0.7199969999999993	0.04306214050445373	
243	2015-05-08	33.740002	32.959999	33.849998	32.099998	11417200	0.023665140281102358	0.7800029999999936	0.0524737623317277	
244	2015-05-11	34.459999	34.00	34.52	33.509998	7216300	0.013529382352941276	0.4599990000000034	0.029506339899303822	
245	2015-05-12	32.77	34.189999	34.43	32.599998	11040900	-0.04153258384125712	-1.4199989999999971	0.05465955876134347	
246	2015-05-13	32.759998	32.759998	32.889999	32.279999	9156700	0.0	0.0	0.018620269757037424	
247	2015-05-14	33.380001	32.970001	33.639999	32.700001	7195700	0.012435547090216848	0.4099999999999966	0.028334528158718147	
248	2015-05-15	33.400002	33.00	33.849998	32.299999	12119500	0.012121272727272746	0.40000200000000063	0.0466867154612435	
249	2015-05-18	33.91	33.439999	34.25	33.299999	7399900	0.014055054248057733	0.47000099999999634	0.028210869015751594	
250	2015-05-19	34.150002	33.950001	34.200001	33.57	7250100	0.0058910454818543396	0.20000100000000032	0.018502231196671166	
251	2015-05-20	33.73	34.080002	34.349998	33.459999	5678700	-0.01027001113438912	-0.3500020000000035	0.026249785393016093	
252	2015-05-21	33.860001	33.82	34.09	33.470001	10710200	0.001182761679479498	0.04000099999999662	0.018321483180829146	
253	2015-05-22	34.889999	34.060001	34.889999	33.799999	10199700	0.0243687015746125	0.8299980000000033	0.03161711385061649	
254	2015-05-26	34.209999	35.07	35.369999	33.959999	9760600	-0.024522412318220613	-0.8600009999999969	0.0407043885782965	
255	2015-05-27	34.25	34.099998	34.470001	33.360001	4805900	0.004398885888497725	0.15000200000000063	0.03247988390577587	
256	2015-05-28	34.02	33.73	34.25	33.490002	6050600	0.008597687518529686	0.29000000000000625	0.022435365313653227	
257	2015-05-29	33.68	33.950001	34.369999	33.400002	8288300	-0.007952901091225317	-0.2700010000000006	0.028685405460810193	
258	2015-06-01	34.759998	33.880001	34.959999	33.799999	9605200	0.025973936659565124	0.879997000000003	0.033799534291951365	
259	2015-06-02	34.799999	34.290001	35.049999	34.00	7089100	0.014873082097606329	0.5099980000000031	0.03039510783036618	
260	2015-06-03	34.77	34.959999	35.189999	34.57	8312900	-0.005434754160033021	-0.18999900000000025	0.01778284838351998	
261	2015-06-04	34.119999	34.619999	34.619999	33.889999	6243200	-0.014442519192447116	-0.5	0.021239453629311913	
262	2015-06-05	35.669998	34.080002	36.59	33.950001	21242800	0.046654809468614444	1.5899959999999993	0.07569889605734775	
263	2015-06-08	36.23	36.009998	37.060001	35.77	19732100	0.006109469931100629	0.2200019999999938	0.03571431438854682	
264	2015-06-09	36.43	36.299999	36.66	35.450001	11905400	0.003581294864498482	0.13000100000000003	0.03327372519281889	
265	2015-06-10	36.259998	36.00	36.599998	35.779999	8395000	0.007222166666666752	0.25999800000000306	0.022695793598001564	
266	2015-06-11	36.869999	36.369999	37.150002	36.34	6144100	0.013747594549012773	0.5	0.022119115841592384	
267	2015-06-12	37.950001	36.970001	38.00	36.860001	10378600	0.026507978725778147	0.9799999999999969	0.030432433784505317	
268	2015-06-15	36.630001	37.27	37.82	36.529999	7435500	-0.017171961363026643	-0.6399990000000031	0.034912069892935556	
269	2015-06-16	36.50	36.43	37.00	36.240002	5084100	0.0019214932747735462	0.07000000000000028	0.02084184834773078	
270	2015-06-17	35.450001	37.029999	37.150002	35.380001	11766200	-0.042668054082313	-1.5799979999999962	0.048841087196468014	
271	2015-06-18	35.57	35.50	35.900002	35.055	8543600	0.001971830985915501	0.07000000000000028	0.023779428732235854	
272	2015-06-19	34.610001	35.00	35.220001	33.919998	10461100	-0.01114282857142866	-0.3899990000000031	0.03735104098044773	
273	2015-06-22	34.59	34.950001	35.040001	34.41	6621600	-0.010300457502132744	-0.3600009999999969	0.018119096662077987	
274	2015-06-23	34.59	35.00	35.00	34.41	6173100	-0.011714285714285616	-0.4099999999999966	0.016956459261388227	
275	2015-06-24	34.779999	34.900002	35.48	34.669998	4968300	-0.003438481178310651	-0.12000300000000408	0.02324919599240526	
276	2015-06-25	34.02	34.57	34.740002	33.639999	5549700	-0.015909748336708045	-0.5499999999999972	0.03207473392622813	
277	2015-06-26	33.455002	33.099998	33.549999	32.080002	10686000	0.010725197022670545	0.355004000000001	0.04417390128465177	
278	2015-06-29	32.50	32.619999	33.175999	31.719999	9346500	-0.0036786941655025792	-0.11999899999999997	0.044717445404137544	
279	2015-06-30	34.099998	33.07	34.099998	33.029999	9319700	0.031145993347444785	1.029997999999999	0.03185943224235329	
280	2015-07-01	33.25	34.080002	34.205002	32.93	7856400	-0.02435451735008702	-0.8300020000000004	0.03787322032160345	
281	2015-07-02	33.130001	33.48	33.639999	32.799999	4676400	-0.010453972520907911	-0.34999899999999684	0.025221437843845805	
282	2015-07-06	31.889999	31.60	32.400002	31.200001	9617600	0.009177183544303738	0.2899989999999981	0.037801260636340546	
283	2015-07-07	30.610001	30.200001	30.965	28.129999	25428900	0.013576158490855684	0.41000000000000014	0.09324127303926083	
284	2015-07-08	30.32	28.91	30.860001	28.709999	13745300	0.0487720511933587	1.4100000000000001	0.07259841296640218	
285	2015-07-09	32.779999	32.84	33.419998	31.879999	14262100	-0.0018270706455544108	-0.060001000000006854	0.04693687971558786	
286	2015-07-10	32.400002	32.880001	33.25	32.349998	9779300	-0.014598509288366488	-0.4799989999999994	0.027573589419105902	
287	2015-07-13	33.900002	32.950001	34.450001	32.950001	8597100	0.02883159244820661	0.9500010000000003	0.044876587365298995	
288	2015-07-14	33.919998	33.66	34.369999	33.50	5304600	0.007724242424242516	0.25999800000000306	0.025747233671122634	
289	2015-07-15	32.389999	33.470001	34.00	32.150002	7342100	-0.03226776121100206	-1.0800020000000004	0.05617971454600665	
290	2015-07-16	33.84	32.799999	34.34	32.730999	7117700	0.03170734852766318	1.0400010000000037	0.048289346462925556	
291	2015-07-17	35.32	34.50	35.400002	34.41	10091900	0.023768115942028992	0.8200000000000003	0.02835869378401616	
292	2015-07-20	35.060001	34.939999	35.400002	34.52	5817800	0.003434516411978131	0.1200019999999995	0.025142914285714215	
293	2015-07-21	35.310001	35.389999	35.400002	35.00	4792800	-0.002260469122929428	-0.07999800000000334	0.011315473833097613	
294	2015-07-22	35.380001	34.990002	35.41	34.650002	5068200	0.011146012509516379	0.3899990000000031	0.021600055921554985	
295	2015-07-23	34.700001	35.450001	35.450001	33.915001	7820100	-0.021156557936345334	-0.75	0.04376336297182155	
296	2015-07-24	34.639999	35.400002	35.560001	33.970001	8765200	-0.021469010086496536	-0.7600029999999975	0.04540262642200694	
297	2015-07-27	32.150002	32.799999	33.32	32.060001	9862900	-0.019816982311493335	-0.649996999999999	0.03879904482218562	
298	2015-07-28	32.48	32.00	32.540001	31.42	23242000	0.014999999999999902	0.4799999999999969	0.03473948511166238	
299	2015-07-29	33.290001	32.66	33.470001	32.509998	5709100	0.019289681567666875	0.630001	0.029113054903517	
300	2015-07-30	33.369999	33.099998	33.82	33.00	3850800	0.008157130402243548	0.2700010000000006	0.02467278582846935	
301	2015-07-31	33.029999	33.700001	33.700001	31.73	6954300	-0.01988136439521185	-0.6700020000000038	0.05904393825865428	
302	2015-08-03	32.919998	32.529999	33.939999	32.450001	5380800	0.01198890292004015	0.3899990000000031	0.04553088062020843	
303	2015-08-04	33.990002	33.169998	34.02	33.00	8671500	0.024721255635891122	0.8200039999999973	0.030375223347230588	
304	2015-08-05	34.32	34.32	34.990002	34.16	7432600	0.0	0.0	0.02418420745920747	
305	2015-08-06	32.810001	34.299999	34.77	32.630001	9153900	-0.04344017619359114	-1.489998	0.06377586052749228	
306	2015-08-07	32.07	33.029999	34.200001	31.65	15015800	-0.029064457434588367	-0.9599989999999963	0.07834104575024653	
307	2015-08-10	30.059999	30.879999	31.00	29.67	21184300	-0.02655440500500017	-0.8200000000000003	0.043649492735460815	
308	2015-08-11	28.02	29.67	29.700001	27.370001	24493500	-0.055611729019211395	-1.6500000000000021	0.08077656439590923	
309	2015-08-12	26.77	26.969999	27.02	25.639999	32296300	-0.007415610211924806	-0.19999900000000181	0.051358430430934694	
310	2015-08-13	27.049999	27.469999	27.57	26.90	12373300	-0.015289407181995226	-0.4200000000000017	0.02457813736530224	
311	2015-08-14	28.120001	27.00	28.225	27.00	10130000	0.04148151851851846	1.1200009999999985	0.044448475245855	
312	2015-08-17	27.33	27.799999	27.959999	27.129999	10546400	-0.016906439457066217	-0.4699990000000014	0.0301106481064873	
313	2015-08-18	26.620001	26.51	27.139999	26.200001	7864300	0.004149415314975364	0.1100009999999969	0.03538482899708582	
314	2015-08-19	26.780001	26.68	27.00	26.00	10029100	0.003748163418290813	0.1000009999999989	0.03741114782246263	
315	2015-08-20	24.90	26.10	26.280001	24.889999	12159200	-0.04597701149425298	-1.2000000000000028	0.05450988235294114	
316	2015-08-21	25.049999	24.030001	26.059999	23.66	16420100	0.04244685632763815	1.019998000000001	0.09779947025264879	
317	2015-08-24	23.93	22.700001	24.940001	21.549999	21356300	0.054184975586564925	1.2299989999999994	0.14540003977267765	
318	2015-08-25	25.059999	26.50	27.92	24.995001	13116300	-0.05433966037735844	-1.4400009999999988	0.11346000995849527	
319	2015-08-26	25.59	25.51	25.799999	24.549999	12724400	0.0031360250882006384	0.0799999999999983	0.04892367906066536	
320	2015-08-27	27.10	26.48	27.15	26.030001	12850800	0.023413897280966805	0.620000000000001	0.04180660694288914	
321	2015-08-28	26.77	26.27	27.48	26.27	10343500	0.01903311762466692	0.5	0.045625942684766246	
322	2015-08-31	25.879999	26.66	26.705	25.665001	10443100	-0.02925735183795944	-0.7800009999999986	0.03958884734657106	
323	2015-09-01	24.879999	25.17	25.92	24.68	10543700	-0.011521692491060793	-0.2900010000000002	0.049550450540468624	
324	2015-09-02	24.870001	25.24	25.65	24.219999	7220200	-0.014659231378763866	-0.36999899999999997	0.05707447501348073	
325	2015-09-03	24.41	24.92	25.139999	24.389999	9376900	-0.020465489566613225	-0.5100000000000016	0.03040745996351105	
326	2015-09-04	22.809999	24.00	24.459999	22.639999	14607800	-0.04958337499999995	-1.1900009999999988	0.07776116380604922	
327	2015-09-08	23.950001	24.08	25.98	23.280001	31308800	-0.005398629568106229	-0.12999899999999798	0.11242968743640051	
328	2015-09-09	24.67	24.799999	25.85	24.50	20122700	-0.00524189537265699	-0.12999899999999798	0.05457853354717074	
329	2015-09-10	24.190001	24.50	24.82	24.035	12979300	-0.012653020408163317	-0.30999900000000125	0.03224481346796441	
330	2015-09-11	24.26	24.10	24.290001	23.15	11195200	0.006639004149377599	0.16000000000000014	0.0471464433416047	
331	2015-09-14	24.209999	23.50	24.469999	23.290001	8213800	0.03021272340425531	0.7099989999999998	0.04946543805209475	
332	2015-09-15	24.98	24.290001	25.139999	24.10	9320700	0.02840670941100415	0.6899990000000003	0.04221631738956117	
333	2015-09-16	26.99	25.40	27.049999	25.190001	16470400	0.0625984251968504	1.5899999999999999	0.07100584080931478	
334	2015-09-17	27.639999	26.34	27.959999	26.32	11761000	0.049354555808656025	1.2999989999999997	0.060763209721437735	
335	2015-09-18	26.43	27.02	27.540001	26.285	12731200	-0.02183567727609178	-0.5899999999999999	0.04695981290926099	
336	2015-09-21	25.98	26.940001	26.940001	25.85	6746200	-0.03563477967205712	-0.9600009999999983	0.04119429249443882	
337	2015-09-22	25.540001	25.50	25.85	25.139999	6286400	0.0015686666666666735	0.040001000000000175	0.027821355254283864	
338	2015-09-23	24.379999	25.629999	25.879999	24.059999	12222300	-0.04877097342063884	-1.25	0.0727854458222534	
339	2015-09-24	25.34	24.33	25.43	24.129999	7729900	0.04151253596383073	1.0100000000000016	0.05234552043487007	
340	2015-09-25	25.940001	25.77	26.799999	25.60	12661100	0.006596856810244438	0.17000099999999918	0.04641264655941501	
341	2015-09-28	24.690001	25.620001	25.889999	24.67	12208200	-0.03629976439110989	-0.9299999999999997	0.048499262631712795	
342	2015-09-29	24.43	24.799999	24.907	24.110001	9020200	-0.014919315117714318	-0.36999899999999997	0.03237859094817368	
343	2015-09-30	26.059999	25.459999	26.50	25.200001	13389200	0.0235663795587738	0.6000000000000014	0.05046580164851713	
344	2015-10-01	26.50	26.75	27.07	25.440001	7539200	-0.009345794392523364	-0.25	0.061220619718309915	
345	2015-10-02	28.91	26.98	29.40	26.50	19914300	0.07153446997776129	1.9299999999999997	0.1037752728573984	
346	2015-10-05	28.780001	29.15	29.15	28.35	12350000	-0.012692933104631217	-0.36999899999999997	0.027619540348359298	
347	2015-10-06	27.709999	28.700001	28.700001	27.445	11769200	-0.03449484200366406	-0.9900020000000005	0.04449569225314661	
348	2015-10-07	27.540001	28.139999	28.68	27.42	14352300	-0.02132189130497124	-0.5999979999999994	0.0452586206896551	
349	2015-10-08	27.32	27.41	27.49	26.23	16777700	-0.0032834731849689844	-0.08999999999999986	0.04604421706559466	
350	2015-10-09	28.41	27.469999	28.77	27.290001	14903900	0.034219185810672896	0.9400009999999988	0.05297061655280271	
351	2015-10-12	28.719999	28.620001	28.75	27.950001	8970700	0.0034939900945497146	0.09999800000000292	0.02790369724450644	
352	2015-10-13	26.91	28.32	28.32	26.83	13936000	-0.049788135593220345	-1.4100000000000001	0.053956183233749844	
353	2015-10-14	25.52	27.00	27.00	25.10	21679500	-0.05481481481481483	-1.4800000000000004	0.07235338918507231	
354	2015-10-15	26.26	26.059999	26.700001	25.389999	17715900	0.007674635751137224	0.20000100000000032	0.050076530009108014	
355	2015-10-16	26.889999	26.370001	26.950001	26.139999	9598500	0.019719301489598013	0.5199980000000011	0.030416898235073257	
356	2015-10-19	27.09	26.889999	27.415001	26.629999	8152800	0.007437746650715767	0.20000100000000032	0.02908492087967614	
357	2015-10-20	26.530001	27.09	27.40	26.459999	7138700	-0.02067179771133264	-0.5599990000000012	0.03506158084555048	
358	2015-10-21	26.01	26.32	26.889999	25.825001	6717100	-0.011778115501519708	-0.3099999999999987	0.04070315306707431	
359	2015-10-22	26.200001	26.299999	26.93	25.809999	15818900	-0.0038022054677644425	-0.09999799999999937	0.042666704761904706	
360	2015-10-23	27.10	27.23	27.52	26.93	17484800	-0.004774146162320933	-0.129999999999999	0.021719123872630218	
361	2015-10-26	26.84	27.299999	27.49	26.780001	7516300	-0.016849780836988303	-0.4599989999999998	0.026228260550946805	
362	2015-10-27	27.66	27.709999	28.07	27.09	13398000	-0.0018043667197533888	-0.04999899999999968	0.03539823072779902	
363	2015-10-28	27.68	27.50	28.110001	27.24	9983600	0.006545454545454535	0.17999999999999972	0.03153320043494027	
364	2015-10-29	27.690001	27.74	27.85	26.82	9818800	-0.0018024152847872993	-0.04999899999999968	0.03716398994833145	
365	2015-10-30	27.620001	27.549999	27.805	27.450001	7372000	0.0025409075332452386	0.07000199999999879	0.01286927678085914	
366	2015-11-02	28.65	27.50	28.879999	27.309999	9802300	0.04181818181818177	1.1499999999999986	0.055921638468388254	
367	2015-11-03	29.370001	28.709999	29.90	28.65	10877800	0.02298857620998171	0.6600019999999986	0.04304407713498623	
368	2015-11-04	29.27	30.00	30.26	29.17	7948000	-0.02433333333333335	-0.7300000000000004	0.03678083347393285	
369	2015-11-05	28.799999	29.559999	29.57	27.870001	9722400	-0.02571042035556231	-0.7600000000000016	0.05825904928920668	
370	2015-11-06	29.700001	29.00	29.950001	28.370001	11373800	0.02413796551724139	0.7000010000000003	0.05383304848666023	
371	2015-11-09	28.76	29.889999	29.950001	28.41	10377300	-0.037805253857653126	-1.129998999999998	0.05251495400707509	
372	2015-11-10	28.200001	28.620001	28.700001	27.299999	12392000	-0.01467505189814627	-0.41999999999999815	0.049278491753660995	
373	2015-11-11	27.879999	28.440001	28.49	26.85	14746300	-0.019690646283732453	-0.5600019999999972	0.058238636363636256	
374	2015-11-12	28.780001	28.18	29.450001	27.65	15874700	0.021291731724627356	0.6000009999999989	0.06320228119378024	
375	2015-11-13	26.75	27.82	28.25	26.60	23067700	-0.03846153846153847	-1.0700000000000003	0.060472787245739366	
376	2015-11-16	28.809999	26.709999	29.58	26.531	26242700	0.07862224180540034	2.1000000000000014	0.1098342979046937	
377	2015-11-17	28.93	29.190001	29.950001	28.67	13884100	-0.008907193939458893	-0.26000099999999904	0.04404683337840956	
378	2015-11-18	28.559999	29.15	29.200001	27.950001	10246800	-0.02024017152658653	-0.5900009999999973	0.043320049269104995	
379	2015-11-19	29.049999	28.709999	29.215	28.327	9054000	0.01184256397919066	0.33999999999999986	0.030747923502351858	
380	2015-11-20	29.99	29.33	30.049999	29.129999	11573300	0.022502557108762367	0.6600000000000001	0.031018206338502975	
381	2015-11-23	30.68	30.08	31.07	29.99	14031700	0.019946808510638347	0.6000000000000014	0.03554970375246879	
382	2015-11-24	30.35	30.60	31.18	30.10	8037400	-0.008169934640522876	-0.25	0.03543888433141914	
383	2015-11-25	29.99	30.450001	30.75	29.825001	6705600	-0.01510676469271715	-0.4600010000000019	0.030608834702037804	
384	2015-11-27	29.950001	29.10	30.049999	29.07	6163400	0.029209656357388276	0.8500009999999989	0.03319217555982766	
385	2015-11-30	30.68	30.379999	30.93	29.84	37066300	0.009874950950459154	0.3000009999999982	0.03570258820344887	
386	2015-12-01	31.50	30.379999	31.58	30.200001	12626800	0.0368663935769056	1.1200009999999985	0.04460242476733065	
387	2015-12-02	31.93	31.700001	32.439999	31.299999	12022500	0.007255488730110746	0.2299989999999994	0.03583215408090283	
388	2015-12-03	31.559999	32.00	32.48	31.08	9512600	-0.013750031249999961	-0.44000099999999875	0.0440528641292143	
389	2015-12-04	32.25	31.35	32.369999	31.10	9732600	0.028708133971291818	0.8999999999999986	0.039937075471698065	
390	2015-12-07	32.529999	32.360001	32.619999	31.889999	6434600	0.0052533372913060065	0.16999799999999965	0.02249961473262446	
391	2015-12-08	31.889999	31.969999	32.25	31.58	7787000	-0.0025023460275992453	-0.08000000000000185	0.02098340184727227	
392	2015-12-09	31.58	31.77	32.080002	31.205	5257000	-0.005980484734025851	-0.19000000000000128	0.02762437253354387	
393	2015-12-10	31.60	31.58	31.75	31.16	7783400	0.0006333122229260015	0.020000000000003126	0.018676796454574228	
394	2015-12-11	30.549999	31.15	31.299999	30.530001	11736400	-0.019261669341894026	-0.6000009999999989	0.02495941693613321	
395	2015-12-14	30.84	30.780001	30.85	30.030001	7072300	0.0019492851868328806	0.059999000000001246	0.02661470258658395	
396	2015-12-15	31.58	31.00	31.90	31.00	7356700	0.018709677419354784	0.5799999999999983	0.02876318312559919	
397	2015-12-16	32.224998	31.90	32.355	31.75	6822600	0.01018802507836993	0.3249980000000008	0.018869396300020057	
398	2015-12-17	32.380001	32.650002	33.48	31.889999	10487100	-0.008269555389307499	-0.2700010000000006	0.048900535957225696	
399	2015-12-18	32.650002	32.110001	32.790001	31.93	8456100	0.01681722152546815	0.5400010000000037	0.0265596343471447	
400	2015-12-21	32.50	32.939999	33.099998	32.380001	4844000	-0.013357589962282642	-0.43999900000000025	0.022004798624767685	
401	2015-12-22	32.529999	32.450001	32.639999	32.150002	6373200	0.0024652695696371855	0.07999799999999624	0.015081471221914514	
402	2015-12-23	32.540001	32.57	33.099998	32.509998	4869400	-0.0009210623272951692	-0.02999900000000366	0.018123175885068604	
403	2015-12-24	32.580002	32.650002	32.779999	32.540001	1728900	-0.0021439508640765255	-0.07000000000000028	0.007358515569001035	
404	2015-12-28	31.889999	32.50	32.544998	31.370001	6195100	-0.018769261538461552	-0.6100010000000005	0.03649625774959248	
405	2015-12-29	32.650002	32.189999	32.945	32.049999	6311100	0.014290245861765959	0.4600030000000004	0.027606446212115283	
406	2015-12-30	32.080002	32.09	32.610001	31.91	3746300	-0.00031156123402938796	-0.00999800000000306	0.021817078952249266	
407	2015-12-31	32.264999	31.959999	32.709999	31.629999	3464000	0.009543179272314848	0.30500000000000327	0.033631764379346556	
408	2016-01-04	29.530001	30.66	30.66	29.00	18265300	-0.03685580560991525	-1.1299990000000015	0.05515866331352944	
409	2016-01-05	30.00	30.049999	30.299999	29.60	9426400	-0.0016638602883148077	-0.04999899999999968	0.02331387216176301	
410	2016-01-06	29.76	29.23	30.030001	29.049999	12988900	0.01813205610673969	0.5300000000000011	0.03322603831157819	
411	2016-01-07	27.950001	28.34	29.15	27.65	18155700	-0.013761432604093139	-0.38999899999999954	0.05329543341098892	
412	2016-01-08	27.620001	28.58	28.90	27.469999	15164100	-0.03358988803358992	-0.9599989999999998	0.05088971439698007	
413	2016-01-11	27.030001	27.35	27.73	25.969999	18866600	-0.011700146252285295	-0.3199990000000028	0.06472971561732774	
414	2016-01-12	28.205	27.52	28.299999	27.245001	11202600	0.024890988372092977	0.6849999999999987	0.03786444145356667	
415	2016-01-13	27.10	28.370001	28.50	26.780001	8981100	-0.04476563113268826	-1.270000999999997	0.062015466702443414	
416	2016-01-14	28.120001	27.35	28.43	26.85	9756900	0.028153601462522743	0.770000999999997	0.056967729277668425	
417	2016-01-15	26.99	26.50	27.290001	26.35	13641500	0.01849056603773579	0.48999999999999844	0.03514679379323234	
418	2016-01-19	27.41	28.32	28.635	26.940001	14022400	-0.03213276836158192	-0.9100000000000001	0.06082896106226458	
419	2016-01-20	26.379999	26.50	26.879999	25.360001	23393300	-0.004528339622641452	-0.12000099999999847	0.05748857899940585	
420	2016-01-21	26.690001	26.17	27.16	25.799999	8423100	0.019870118456247497	0.520000999999997	0.05145671487974435	
421	2016-01-22	27.27	27.889999	27.889999	26.955	9454400	-0.022230154974189852	-0.619999	0.03390134216644932	
422	2016-01-25	27.030001	27.120001	27.525	26.950001	6988400	-0.0033185839484297904	-0.08999999999999986	0.02123726606695225	
423	2016-01-26	27.00	26.75	27.200001	26.09	6816300	0.009345794392523364	0.25	0.04130236279069769	
424	2016-01-27	25.379999	27.040001	27.040001	25.145	21140400	-0.061390604238513106	-1.6600019999999986	0.07230068676077835	
425	2016-01-28	25.370001	26.00	26.08	24.969999	21548300	-0.024230730769230827	-0.6299990000000015	0.043215922849602316	
426	2016-01-29	26.030001	25.85	26.35	25.50	11895800	0.006963288201160433	0.1800009999999972	0.03276792535142786	
427	2016-02-01	25.59	25.620001	25.959999	25.139999	10915500	-0.0011709991736533738	-0.030000999999998612	0.03202499449277497	
428	2016-02-02	24.67	25.32	25.57	24.525	11283200	-0.0256714060031595	-0.6499999999999986	0.04180836167233453	
429	2016-02-03	23.809999	24.68	24.790001	23.370001	20210000	-0.03525125607779572	-0.8700009999999985	0.058568778275289377	
430	2016-02-04	24.959999	24.00	25.26	23.969999	20951000	0.03999995833333333	0.9599989999999998	0.05269612035735541	
431	2016-02-05	23.639999	24.690001	24.950001	23.51	19828500	-0.04252741828564524	-1.0500019999999992	0.059590357955721034	
432	2016-02-08	23.209999	23.049999	23.26	22.18	30399400	0.006941431971428725	0.16000000000000014	0.046692609022594506	
433	2016-02-09	22.879999	22.700001	23.525	22.469999	16699000	0.00792942696346142	0.1799980000000012	0.04629227731461155	
434	2016-02-10	23.24	23.379999	23.559999	22.84	12427200	-0.005987981436611827	-0.1399990000000031	0.030887988650536068	
435	2016-02-11	22.90	22.530001	23.129999	22.135	20207600	0.01642250259997769	0.36999899999999997	0.0438036089851726	
436	2016-02-12	23.129999	23.10	23.41	22.450001	13903600	0.0012986580086580134	0.02999900000000011	0.041531430705849665	
437	2016-02-16	24.98	24.76	25.99	24.18	20056900	0.008885298869143734	0.21999999999999886	0.07277844792923195	
438	2016-02-17	25.719999	25.42	26.200001	24.860001	17465700	0.01180169158143193	0.2999989999999997	0.052405163324309015	
439	2016-02-18	25.33	25.90	25.90	25.01	11910900	-0.02200772200772202	-0.5700000000000003	0.03474526644544201	
440	2016-02-19	25.540001	25.200001	25.82	24.889999	7525300	0.013492062956664162	0.33999999999999986	0.03665750742382709	
441	2016-02-22	26.32	26.09	26.469999	25.67	8158100	0.008815638175546203	0.23000000000000043	0.030528486929975184	
442	2016-02-23	25.59	26.01	26.17	25.50	5601100	-0.01614763552479822	-0.4200000000000017	0.02596899224806208	
443	2016-02-24	25.68	25.10	25.76	24.299999	10381300	0.023107569721115467	0.5799999999999983	0.05750299330445064	
444	2016-02-25	24.93	24.75	25.10	24.440001	10993300	0.0072727272727272614	0.17999999999999972	0.026570008051529898	
445	2016-02-26	25.41	25.66	25.799999	25.16	8269300	-0.009742790335151987	-0.25	0.025063598981789684	
446	2016-02-29	25.709999	25.33	26.00	25.280001	14099100	0.015001934465061253	0.37999900000000153	0.028213127512012742	
447	2016-03-01	26.50	26.889999	27.190001	26.309999	17268300	-0.014503496262681138	-0.38999899999999954	0.03296505025220163	
448	2016-03-02	26.639999	27.120001	27.129999	26.26	14655400	-0.0176991881379355	-0.48000199999999893	0.03236603422619048	
449	2016-03-03	25.59	26.780001	26.780001	25.209999	15821400	-0.0444361820598886	-1.1900009999999988	0.05995806645105845	
450	2016-03-04	26.48	25.940001	26.549999	25.68	13871800	0.02081723127150233	0.5399990000000017	0.03319339883263261	
451	2016-03-07	26.139999	26.280001	26.559999	25.90	12718100	-0.005327320954059289	-0.14000199999999907	0.025181190385349203	
452	2016-03-08	26.07	25.85	26.34	25.76	9149100	0.008510638297872295	0.21999999999999886	0.022342064714946003	
453	2016-03-09	26.34	26.16	26.48	25.77	6110200	0.0068807339449541175	0.17999999999999972	0.02704761904761908	
454	2016-03-10	26.389999	26.48	26.815001	26.01	8236900	-0.003398829305135985	-0.09000100000000089	0.030452090608134766	
455	2016-03-11	27.83	26.75	27.92	26.530001	11863100	0.04037383177570087	1.0799999999999983	0.05093437156467582	
456	2016-03-14	27.74	28.00	28.25	27.690001	7517200	-0.009285714285714342	-0.26000000000000156	0.020093254395407295	
457	2016-03-15	27.16	27.450001	27.50	26.865	6979100	-0.010564699068681278	-0.2900010000000002	0.023255813527635776	
458	2016-03-16	27.84	27.030001	27.959999	26.950001	7251800	0.02996666555802204	0.8099990000000012	0.03681421474732612	
459	2016-03-17	27.030001	27.50	28.040001	26.985001	9674600	-0.017090872727272777	-0.4699990000000014	0.03869429600780678	
460	2016-03-18	27.08	27.17	27.360001	26.52	12890700	-0.003312476996687648	-0.09000000000000341	0.03096777880184335	
461	2016-03-21	26.959999	27.26	27.559999	26.58	10530300	-0.011005172413793167	-0.30000100000000174	0.03614898628087407	
462	2016-03-22	26.99	26.700001	27.040001	26.58	6492000	0.010861385360996732	0.2899989999999981	0.017135443897644997	
463	2016-03-23	26.74	26.91	27.049999	26.290001	8036100	-0.006317354143441163	-0.1700000000000017	0.028331705498602033	
464	2016-03-24	26.360001	26.459999	26.459999	26.10	7954800	-0.0037792140506127518	-0.09999799999999937	0.013631162438470215	
465	2016-03-28	25.82	26.32	26.33	25.635	9130400	-0.018996960486322188	-0.5	0.02665899501342527	
466	2016-03-29	26.42	25.84	26.629999	25.59	15294100	0.022445820433436604	0.5800000000000018	0.03980095675468816	
467	2016-03-30	27.24	26.66	27.615	26.66	12037400	0.021755438859714864	0.5799999999999983	0.03543599257884966	
468	2016-03-31	26.50	27.370001	27.48	26.42	8153700	-0.031786663069540935	-0.8700009999999985	0.03935399964072764	
469	2016-04-01	26.76	26.26	27.25	26.09	10965300	0.01904036557501904	0.5	0.04375707280271596	
470	2016-04-04	26.639999	26.76	27.049999	26.370001	8024300	-0.004484342301943274	-0.12000100000000202	0.025468090364571025	
471	2016-04-05	26.52	26.35	26.76	26.201	6661700	0.006451612903225736	0.16999999999999815	0.021146207679213203	
472	2016-04-06	26.74	26.74	26.99	26.18	9612300	0.0	0.0	0.0302916978309648	
473	2016-04-07	26.51	26.799999	27.00	26.43	7843900	-0.010820858612718535	-0.2899989999999981	0.021384356056731505	
474	2016-04-08	26.860001	26.940001	27.34	26.715	4830700	-0.0029695618793777437	-0.0799999999999983	0.02323419987976952	
475	2016-04-11	27.280001	27.00	27.73	26.959999	8124600	0.010370407407407356	0.2800009999999986	0.028371443839877622	
476	2016-04-12	28.10	27.190001	28.17	27.190001	10061800	0.033468148824268254	0.9099990000000027	0.03544941154911547	
477	2016-04-13	29.58	28.780001	29.790001	28.719999	13914800	0.027797045594265258	0.7999989999999997	0.036669019248303264	
478	2016-04-14	29.629999	29.49	29.870001	29.299999	5552900	0.004747338080705429	0.1399990000000031	0.019282882599507445	
479	2016-04-15	29.879999	29.889999	30.01	29.77	7269500	-0.00033456006472258533	-0.00999999999999801	0.008030784943308915	
480	2016-04-18	29.34	29.73	29.860001	29.00	9061100	-0.013118062563067627	-0.39000000000000057	0.029118029456576957	
481	2016-04-19	28.85	29.66	29.77	28.594999	9290200	-0.027309507754551543	-0.8099999999999987	0.04016410869936756	
482	2016-04-20	28.68	28.60	28.790001	28.41	7914100	0.0027972027972027374	0.0799999999999983	0.013268191340782123	
483	2016-04-21	28.790001	28.75	29.209999	28.68	6355700	0.0013913391304347887	0.040001000000000175	0.01842193224848919	
484	2016-04-22	28.299999	28.60	28.77	27.66	7841400	-0.010489545454545515	-0.30000100000000174	0.039015817908889576	
485	2016-04-25	27.43	28.09	28.198999	27.309999	7511600	-0.02349590601637594	-0.6600000000000001	0.03202449567723341	
486	2016-04-26	25.07	27.43	27.58	24.549999	51175800	-0.08603718556325189	-2.3599999999999994	0.11542860952380947	
487	2016-04-27	25.34	25.110001	25.84	25.00	22144500	0.009159657142188063	0.2299989999999994	0.033300296664017896	
488	2016-04-28	25.65	25.360001	26.299999	25.360001	12202900	0.011435291347188752	0.2899989999999981	0.03685543938726836	
489	2016-04-29	25.559999	25.58	26.280001	24.90	13835300	-0.0007818999218138018	-0.02000099999999705	0.05396953566620132	
490	2016-05-02	25.290001	25.52	25.65	24.969999	9604700	-0.009012499999999977	-0.2299989999999994	0.026766423405502282	
491	2016-05-03	24.40	25.129999	25.129999	24.25	12706800	-0.029048906846355343	-0.729999000000003	0.035533980123843796	
492	2016-05-04	24.219999	24.309999	24.719999	24.139999	15384200	-0.0037021803250588308	-0.08999999999999986	0.023902741557912357	
493	2016-05-05	24.85	25.07	25.17	24.59	13347900	-0.008775428799361742	-0.21999999999999886	0.02323717948717956	
494	2016-05-06	25.200001	24.93	25.450001	24.48	15385500	0.010830365022061797	0.2700010000000006	0.0386994207321081	
495	2016-05-09	23.43	23.99	23.99	22.67	45307400	-0.02334305960817002	-0.5599999999999987	0.05567271193589189	
496	2016-05-10	23.77	23.23	24.190001	23.219999	15698200	0.023245802841153643	0.5399999999999991	0.041276680851063716	
497	2016-05-11	23.129999	24.01	24.01	23.00	19287300	-0.03665143690129113	-0.880001	0.04285108279276805	
498	2016-05-12	22.110001	23.530001	23.68	22.02	28229900	-0.06034848872297108	-1.4199999999999982	0.07274320452483768	
499	2016-05-13	22.639999	22.48	22.940001	22.35	16484800	0.0071173932384341245	0.15999899999999911	0.026152527175366175	
500	2016-05-16	23.370001	22.82	23.51	22.82	14553200	0.02410170902716907	0.5500009999999982	0.029876596019125498	
501	2016-05-17	23.879999	23.280001	24.42	23.280001	14692000	0.025773108858543562	0.5999980000000029	0.04834601357082287	
502	2016-05-18	23.60	23.74	23.93	23.309999	12681700	-0.005897219882055477	-0.13999999999999702	0.02619353612167294	
503	2016-05-19	23.110001	23.35	23.940001	22.84	12931400	-0.010278329764454003	-0.23999900000000096	0.04735260337166152	
504	2016-05-20	23.450001	23.18	23.91	23.18	11508700	0.01164801553062988	0.2700010000000006	0.03131031457623174	
505	2016-05-23	22.889999	23.41	23.459999	22.799999	8444100	-0.0222127723195216	-0.5200010000000006	0.028509719838222897	
506	2016-05-24	23.790001	23.190001	24.040001	23.01	17843300	0.025873220100335548	0.6000000000000014	0.04384848685191621	
507	2016-05-25	22.98	23.799999	23.90	22.805	17970000	-0.034453740943434466	-0.8199989999999993	0.04681487915380241	
508	2016-05-26	23.17	23.309999	23.389999	22.860001	12505400	-0.006005963363619172	-0.13999899999999954	0.022805422177397165	
509	2016-05-27	24.25	23.32	24.280001	23.18	16123500	0.03987993138936534	0.9299999999999997	0.046247677107420594	
510	2016-05-31	24.610001	24.57	25.00	24.17	95370800	0.0016280423280423352	0.040001000000000175	0.033753557670728726	
511	2016-06-01	23.790001	24.35	24.370001	23.68	17704700	-0.022997905544147892	-0.5599990000000012	0.028666430646729683	
512	2016-06-02	23.66	24.00	24.219999	23.445	11889700	-0.01416666666666666	-0.33999999999999986	0.03252198908938318	
513	2016-06-03	22.98	23.709999	23.90	22.85	13132700	-0.030788655874679684	-0.7299989999999994	0.04497751220769986	
514	2016-06-06	23.32	23.16	23.504999	23.120001	9133400	0.0069084628670120956	0.16000000000000014	0.0165661790017213	
515	2016-06-07	22.01	23.51	23.540001	21.709999	35788700	-0.06380263717566992	-1.5	0.08040430579964851	
516	2016-06-08	21.24	22.200001	22.27	21.209999	27727700	-0.04324328634039259	-0.9600010000000019	0.04880299151006004	
517	2016-06-09	21.709999	21.07	21.82	20.82	20359200	0.03037489321309917	0.6399989999999995	0.046750819232136955	
518	2016-06-10	21.059999	21.40	21.530001	20.885	13280000	-0.015887897196261557	-0.34000099999999733	0.030381583381572718	
519	2016-06-13	20.99	20.950001	21.280001	20.799999	9726000	0.0019092600520638696	0.03999899999999812	0.02288993746089796	
520	2016-06-14	20.90	21.059999	21.139999	20.379999	15179100	-0.0075972938080387685	-0.15999900000000267	0.03622497703110041	
521	2016-06-15	20.17	21.00	21.00	19.91	19726900	-0.03952380952380944	-0.8299999999999983	0.05295117804226378	
522	2016-06-16	20.43	19.950001	20.51	19.51	26123200	0.024060099044606535	0.4799989999999994	0.04952946880808646	
523	2016-06-17	20.129999	20.51	20.559999	19.85	14205900	-0.01852759629449049	-0.38000100000000003	0.034940896529057484	
524	2016-06-20	21.059999	20.68	22.040001	20.60	28239300	0.018375193423597752	0.37999900000000153	0.06899861209867297	
525	2016-06-21	21.129999	21.370001	21.48	20.91	11895400	-0.011230790302723755	-0.24000199999999694	0.02682352941176472	
526	2016-06-22	21.200001	21.120001	21.52	20.77	15245800	0.0037878786085285628	0.08000000000000185	0.0354442327294786	
527	2016-06-23	21.459999	21.42	21.51	21.040001	6173500	0.0018673669467786235	0.03999899999999812	0.02192159566048504	
528	2016-06-24	20.639999	20.389999	21.25	20.25	23683000	0.012260912813188465	0.25	0.04874482323884101	
529	2016-06-27	20.24	20.540001	20.65	19.909	11272600	-0.014605695491446262	-0.30000100000000174	0.036341342904822375	
530	2016-06-28	20.32	20.530001	20.99	20.174999	14651600	-0.010228981479348118	-0.21000099999999833	0.039902128766165695	
531	2016-06-29	20.389999	20.48	20.823	20.305	11708100	-0.004394580078125043	-0.09000100000000089	0.025348667123774614	
532	2016-06-30	21.23	20.389999	21.34	20.34	14122900	0.04119671609596454	0.8400010000000009	0.048053821433297006	
533	2016-07-01	21.309999	21.23	21.50	20.98	8291600	0.0037682053697598123	0.07999900000000082	0.024447579324108567	
534	2016-07-05	20.860001	21.18	21.299999	20.40	10698100	-0.015108545797922533	-0.31999899999999926	0.0428163167741124	
535	2016-07-06	20.379999	20.549999	20.639999	20.035	13669100	-0.00827250648528003	-0.16999999999999815	0.029562620550335695	
536	2016-07-07	20.57	20.459999	20.665001	20.309999	6776100	0.0053763932246526725	0.11000100000000046	0.01730450931768236	
537	2016-07-08	20.719999	20.610001	20.73	20.34	9715300	0.005337117644972503	0.10999800000000093	0.01887248971691268	
538	2016-07-11	21.76	20.879999	22.01	20.85	17041800	0.042145643780921636	0.880001	0.05440900690452643	
539	2016-07-12	22.209999	22.139999	22.299999	21.870001	12988200	0.003161698426454323	0.07000000000000028	0.019391116996217282	
540	2016-07-13	21.68	22.200001	22.299999	21.51	9907000	-0.02342346741335735	-0.5200010000000006	0.036007246216790106	
541	2016-07-14	21.68	21.950001	21.98	21.629999	8905600	-0.012300728368987345	-0.2700010000000006	0.016044051889891036	
542	2016-07-15	21.41	21.73	21.780001	21.309999	6555400	-0.014726184997699046	-0.3200000000000003	0.02178961520630493	
543	2016-07-18	22.139999	21.40	22.35	21.40	10227500	0.03457939252336453	0.739999000000001	0.043638034993983485	
544	2016-07-19	22.42	21.85	22.60	21.85	11323700	0.026086956521739143	0.5700000000000003	0.0338829907386492	
545	2016-07-20	22.66	22.52	22.90	22.32	12076600	0.006216696269982263	0.14000000000000057	0.02567507746790608	
546	2016-07-21	21.99	22.870001	22.870001	21.940001	12080400	-0.038478397967713254	-0.880001	0.04146232631604265	
547	2016-07-22	21.92	22.059999	22.059999	21.65	7038500	-0.006346283152596677	-0.13999899999999954	0.018644793511705293	
548	2016-07-25	21.85	22.00	22.02	21.51	4859800	-0.006818181818181754	-0.14999999999999858	0.023261117445837993	
549	2016-07-26	22.48	21.85	22.65	21.74	10490800	0.028832951945080044	0.629999999999999	0.04105571847507332	
550	2016-07-27	22.360001	22.50	22.639999	22.200001	5465700	-0.006222177777777758	-0.13999899999999954	0.019616495327318396	
551	2016-07-28	22.139999	22.200001	22.27	21.969999	5436400	-0.00270279267104541	-0.06000200000000078	0.013531844835363021	
552	2016-07-29	21.65	22.110001	22.129999	21.549999	8820700	-0.020805109868606602	-0.4600010000000019	0.02650822608527828	
553	2016-08-01	21.84	21.690001	22.129999	21.66	7058500	0.00691558289923551	0.1499990000000011	0.021594256338289604	
554	2016-08-02	21.799999	21.860001	21.98	21.559999	5046600	-0.002744830615515561	-0.06000200000000078	0.01923962437013281	
555	2016-08-03	21.73	21.65	21.780001	21.51	6009100	0.0036951501154735265	0.08000000000000185	0.012448178884278335	
556	2016-08-04	21.370001	21.65	21.73	21.219999	9724800	-0.012932979214780607	-0.2799990000000001	0.02370994830985704	
557	2016-08-05	21.85	21.50	22.173	21.290001	8377000	0.016279069767441926	0.3500000000000014	0.040738131487889184	
558	2016-08-08	22.35	21.82	22.370001	21.549999	11757600	0.024289642529789237	0.5300000000000011	0.037129363821598316	
559	2016-08-09	22.370001	22.360001	22.690001	22.049999	19968600	0.00044722717141193377	0.00999999999999801	0.02861622943812965	
560	2016-08-10	23.41	24.110001	24.60	23.26	33633000	-0.029033636290599917	-0.7000010000000003	0.056397305210494415	
561	2016-08-11	23.290001	23.65	24.00	23.07	17636500	-0.015221945031712408	-0.3599989999999984	0.0396250524153163	
562	2016-08-12	24.65	23.27	24.889999	22.93	27803900	0.059303824666953116	1.379999999999999	0.0818029632721202	
563	2016-08-15	25.32	24.860001	25.620001	24.85	16499700	0.018503579303958993	0.4599989999999998	0.030689556981076862	
564	2016-08-16	25.02	25.57	25.58	24.75	13682800	-0.021509581540868232	-0.5500000000000007	0.03281280885550497	
565	2016-08-17	25.389999	24.90	25.440001	24.799999	12075900	0.01967867469879522	0.48999900000000096	0.025452456262725284	
566	2016-08-18	25.40	25.34	25.52	25.120001	10068300	0.0023677979479083946	0.05999999999999872	0.01576661411115495	
567	2016-08-19	25.91	26.15	26.200001	25.700001	20548900	-0.009177820267686366	-0.23999999999999844	0.019208605455243947	
568	2016-08-22	25.77	25.950001	25.99	25.52	7807000	-0.006936454453315849	-0.18000100000000074	0.018174786964911267	
569	2016-08-23	25.940001	25.809999	26.299999	25.785	8975000	0.005036885123474724	0.1300019999999975	0.019903342995169063	
570	2016-08-24	25.559999	25.969999	26.08	25.51	9582600	-0.01578744766220438	-0.41000000000000014	0.02212303598381652	
