#index	date	close	open	high	low	volume	dVolume	percent_change	dollar_change	spread	var	entropy	slope	concavity	answer
40	2015-02-10	10.27	10.4	10.64	10.18	183100	0.101588203135	-0.34632574285	-0.13000000000000078	-0.252551157299	-0.486638866974	0.49400496836	-0.260704009954	-0.212457564194	0.0
41	2015-02-11	10.25	10.23	10.441	10.18	81800	-0.778532810614	0.0354635826173	0.019999999999999574	-0.792481013066	-0.48684555048	0.191328023291	0.0617472463667	0.200005611666	1.0
42	2015-02-12	11.49	10.39	11.59	10.33	598400	5.50739408768	2.78011415137	1.0999999999999996	1.75337169565	-0.381076086607	0.420029259363	1.75872086415	0.754024765634	0.0
43	2015-02-13	11.02	11.6	12.17	11.01	754800	-0.0330301358143	-1.33678342659	-0.5800000000000001	1.39543031969	-0.382140670696	0.335688625845	-1.84669135011	-1.9566809197	1.0
44	2015-02-17	11.22	11.12	11.364	11.0	148200	-1.00769566688	0.221346646629	0.10000000000000142	-0.590965210943	-0.392360021812	0.255078389573	1.02450395057	1.83256023224	0.0
45	2015-02-18	11.21	11.3	11.3	11.09	98900	-0.576656397725	-0.226535875496	-0.08999999999999986	-0.986358043459	-0.389933951137	0.685197155881	-0.344107899064	-0.942628861999	0.0
46	2015-02-19	11.15	11.12	11.405	11.11	47500	-0.747844969827	0.0550827668654	0.030000000000001137	-0.763959448978	-0.377555905629	0.586989160988	-0.0472688606583	0.243250818827	1.0
47	2015-02-20	11.5	11.4	11.58	11.11	204500	2.75262956207	0.215512826287	0.09999999999999964	-0.350794361651	-0.351036443432	1.10615673626	0.535901639572	0.262086509058	0.0
48	2015-02-23	11.5	11.5	11.73	11.414	175900	-0.400208435845	-0.0161731816048	0.0	-0.735992494522	-0.355479523676	0.983862178159	-0.359869263935	-0.515942818007	1.0
49	2015-02-24	12.27	11.6	12.28	11.5	420700	1.0014100472	1.50935934277	0.6699999999999999	0.339166476222	-0.283708676319	0.719947796999	1.18211759929	0.831385636223	1.0
50	2015-02-25	12.52	12.3	12.71	12.04	520000	-0.0562097648063	0.456240239364	0.21999999999999886	0.0165461135582	-0.248830834731	0.683487277434	-0.369063393443	-0.928982596629	0.0
51	2015-02-26	12.52	12.72	12.81	12.4	773300	0.173569176148	-0.431459422165	-0.20000000000000107	-0.593780391147	-0.301519545406	0.831578277188	-0.0498957548035	0.33243204604	0.0
52	2015-02-27	11.31	12.33	12.615	11.25	349700	-0.773529294622	-2.20112443851	-1.0199999999999996	1.76213059737	-0.294698989718	0.764390526214	-1.70483906627	-0.762536599287	1.0
53	2015-03-02	12.0	11.85	12.88	11.4	722300	0.702870516166	0.318158525985	0.15000000000000036	2.00701455671	-0.320580357599	0.901524435549	2.0870826323	2.0139979014	1.0
54	2015-03-03	12.18	11.89	12.45	11.71	1382900	0.564766904418	0.628026937898	0.28999999999999915	0.229405259141	-0.331288531609	0.98042479342	-0.714499973534	-1.8425135728	1.0
55	2015-03-04	12.55	12.07	12.85	12.03	1168000	-0.414434416392	1.03418790802	0.4800000000000004	0.374891126948	-0.331947950413	1.07616739343	0.528020957136	0.860792377092	0.0
56	2015-03-05	11.09	12.6	12.6	10.5	1982900	0.366277455826	-3.18144535608	-1.5099999999999998	3.51663546325	-0.323808557117	1.07616739343	-2.42460806205	-1.46503096451	0.0
57	2015-03-06	11.03	10.69	11.25	10.58	996100	-0.727654735122	0.823878237092	0.33999999999999986	0.235280191979	-0.273271979453	1.01935070786	1.33053711849	2.17583107664	0.0
58	2015-03-09	10.93	10.99	11.08	10.7	336700	-0.878040279089	-0.160370842567	-0.0600000000000005	-0.531800816638	-0.21216993782	0.901524435549	-0.495154312411	-1.33068252093	0.0
59	2015-03-10	10.44	10.85	10.95	10.37	768600	0.901698124003	-1.01423806721	-0.41000000000000014	0.0306529242962	-0.0940478537907	1.05581122743	-0.654081408195	0.0577769303349	1.0
60	2015-03-11	10.62	10.5	10.69	10.3	1095600	0.117134353438	0.285680588677	0.11999999999999922	-0.467639270051	-0.0965411786214	1.15401922232	0.66199255854	0.695115183434	0.0
61	2015-03-12	10.28	10.57	10.66	10.2	257500	-0.972290235882	-0.740822133439	-0.2900000000000009	-0.2634586606	-0.113075859078	1.15401922232	-0.807754715688	-0.872091124096	0.0
62	2015-03-13	10.02	10.3	10.5	10.0	502000	0.596739108909	-0.734174868197	-0.28000000000000114	-0.119031135729	-0.00441692698855	1.15401922232	-0.0380747311502	0.53328200819	1.0
63	2015-03-16	10.3	10.0	10.55	10.0	449300	-0.368293806031	0.776192965384	0.3000000000000007	0.0221800733279	-0.0381588294678	1.15401922232	0.531961298354	0.199044607062	0.0
64	2015-03-17	10.0	10.3	10.3	10.0	255400	-0.667167368096	-0.785460702953	-0.3000000000000007	-0.676994334091	-0.129345623771	0.409365181452	-0.781485774236	-0.728132634479	1.0
65	2015-03-18	10.01	10.2	10.2	9.83	250100	-0.291211291156	-0.508165233657	-0.1899999999999995	-0.476617383681	-0.41308270882	0.409365181452	0.341511472828	0.699728005531	1.0
66	2015-03-19	10.02	10.0	10.19	9.96	159000	-0.605571592746	0.0366512281944	0.019999999999999574	-0.86376679817	-0.437040771856	0.225622301414	-0.0958664023441	-0.327201513862	1.0
67	2015-03-20	10.41	10.27	10.55	10.04	346100	0.804677529485	0.343876349646	0.14000000000000057	-0.115896729375	-0.476297515178	0.225622301414	0.534588192499	0.319170182511	0.0
68	2015-03-23	10.4	10.38	10.5	9.96	733300	0.751618520374	0.0347173866025	0.019999999999999574	-0.0406716010252	-0.510073044736	0.225622301414	-0.392705440749	-0.51940243458	1.0
69	2015-03-24	10.44	10.35	10.5	10.09	434000	-0.645747748692	0.213498165348	0.08999999999999986	-0.39638292209	-0.510073044736	0.225622301414	0.147121306085	0.373370842153	0.0
70	2015-03-25	10.29	10.23	10.44	10.1	276600	-0.604124276505	0.138737111062	0.05999999999999872	-0.575321018704	-0.522063148585	0.225622301414	-0.278435545434	-0.247053729923	1.0
71	2015-03-26	10.52	10.08	10.53	10.06	271300	-0.289755710047	1.13674052433	0.4399999999999995	-0.220698181987	-0.515331171542	0.409365181452	0.458408262289	0.388362513969	1.0
72	2015-03-27	10.7	10.46	10.88	10.418	321000	-0.104569773904	0.589842992	0.23999999999999844	-0.276442735013	-0.505849975804	0.507573176344	-0.013119236771	-0.324126299131	0.0
73	2015-03-30	10.5	10.68	10.88	10.4	277700	-0.395667097826	-0.461322702385	-0.17999999999999972	-0.229364260219	-0.503192616445	0.362756210749	-0.416347488056	-0.144610639181	1.0
74	2015-03-31	10.6	10.52	10.64	10.4	306200	-0.178298207685	0.184680087594	0.08000000000000007	-0.870856328875	-0.508999438748	0.44165656862	0.353332496482	0.437565949673	0.0
75	2015-04-01	10.59	10.63	10.74	10.15	313500	-0.250402052893	-0.115560594209	-0.040000000000000924	0.0625094547926	-0.520225961867	0.467453010228	-0.181240462062	-0.352379834476	0.0
76	2015-04-02	10.51	10.38	10.65	9.5	978200	1.66815586876	0.314615511743	0.129999999999999	1.60936287604	-0.536823795617	0.340803273496	-0.102433637707	0.0862226666011	1.0
77	2015-04-06	10.85	10.43	10.99	10.35	267100	-0.937494411109	1.04740553919	0.41999999999999993	0.191453877229	-0.528740174061	0.283986587924	0.539841980789	0.30302530517	0.0
78	2015-04-07	10.5	10.61	10.9	10.46	159500	-0.640888662141	-0.290003769631	-0.10999999999999943	-0.332673294795	-0.53029850208	0.0755284107055	-0.861606045664	-0.755425165221	1.0
79	2015-04-08	11.17	10.34	11.49	10.34	469900	1.50875882106	2.10395545154	0.8300000000000001	1.51927792813	-0.504134174637	0.114454325148	1.35680605994	1.22385991633	1.0
80	2015-04-09	11.96	11.11	12.12	10.9	794200	0.359375750241	2.00456256679	0.8500000000000014	1.4862943179	-0.389491262954	0.247412961205	0.411124167675	-0.73370646118	0.0
81	2015-04-10	11.52	12.0	12.18	11.52	192500	-0.965562665552	-1.07266137759	-0.4800000000000004	0.0771152053394	-0.359965047853	0.156138647023	-1.20835607283	-0.692191062305	0.0
82	2015-04-13	11.2	11.49	11.93	10.92	348300	0.468466489236	-0.682799763057	-0.2900000000000009	1.01113130434	-0.357094443607	0.156138647023	0.127419599996	0.907881602668	1.0
83	2015-04-14	11.41	11.06	11.46	10.93	184300	-0.703131614648	0.819656087371	0.34999999999999964	-0.176899493146	-0.361647221941	-0.0467661473944	0.459721709361	0.0160693305392	0.0
84	2015-04-15	10.99	11.39	11.39	10.9	365200	0.626058371351	-0.943730860257	-0.40000000000000036	-0.272985243977	-0.377992442517	-0.297551055765	-0.906263246132	-0.746776123788	1.0
85	2015-04-16	11.26	11.03	11.4	10.952	232600	-0.604504898997	0.534579957735	0.23000000000000043	-0.374940952589	-0.397610151934	0.410636324703	0.80909863067	0.98591517648	0.0
86	2015-04-17	10.92	11.16	11.47	10.86	210400	-0.359565673279	-0.584177588048	-0.2400000000000002	0.0524522985767	-0.427370116238	0.410636324703	-0.872113622245	-0.9964451198	1.0
87	2015-04-20	10.99	11.0	11.267	10.75	309500	0.158827955751	-0.0401842769681	-0.009999999999999787	-0.181232304521	-0.433455797239	0.410636324703	0.462348603506	0.818315973614	1.0
88	2015-04-21	11.0	11.09	11.138	10.94	277000	-0.368319428598	-0.230519298915	-0.08999999999999986	-1.00712872699	-0.471757859606	0.410636324703	-0.161538755974	-0.43925465064	1.0
89	2015-04-22	11.2	11.07	11.73	10.955	706600	1.14710622917	0.293997246304	0.129999999999999	0.459705647723	-0.472045740204	0.555453290298	0.275839119199	0.251707659339	1.0
90	2015-04-23	11.39	11.1	11.8	11.1	566700	-0.45341325014	0.673875414872	0.2900000000000009	0.251051660141	-0.514915344012	0.655225440902	0.0709413758748	-0.145571643784	1.0
91	2015-04-24	12.41	11.4	12.47	11.4	591200	-0.232655127336	2.3238554981	1.0099999999999998	1.03532225748	-0.407977134125	0.260372942533	1.32922367142	0.60305094241	0.0
92	2015-04-27	11.93	12.4	12.4	11.81	543200	-0.346522771309	-1.01728094796	-0.47000000000000064	-0.139265130983	-0.377861214895	0.449855251654	-1.60370364168	-1.55555759817	0.0
93	2015-04-28	11.7	12.52	12.727	11.6	528200	-0.297491474028	-1.74604602647	-0.8200000000000003	1.12574402529	-0.368799127377	0.700640159978	0.354645943554	1.32188238589	0.0
94	2015-04-29	11.36	11.53	11.73	11.3	204100	-0.833757084144	-0.405598579084	-0.16999999999999993	-0.449495383175	-0.382303269922	0.642095968114	-0.428168511709	-0.556497212278	0.0
95	2015-04-30	11.05	11.3	11.42	10.9	319700	0.246117360977	-0.600513997968	-0.25	-0.195111444969	-0.373674233559	0.542323817463	-0.218016980095	0.142921938213	1.0
96	2015-05-01	11.17	11.05	11.31	10.9	200100	-0.614582658438	0.270656192871	0.11999999999999922	-0.468437719672	-0.38853986269	0.339419023092	0.346765261119	0.244404024352	1.0
97	2015-05-04	11.26	11.21	11.45	11.07	756300	2.27157220005	0.101633263086	0.049999999999998934	-0.555891228008	-0.402203118728	0.354850540224	-0.0840453786908	-0.296833768389	0.0
98	2015-05-05	10.88	11.25	11.26	10.56	195600	-0.950695631278	-0.884841253859	-0.3699999999999992	0.279797249925	-0.392341362884	0.413394732089	-0.622558678453	-0.207652541176	1.0
99	2015-05-06	10.96	10.85	11.1	10.67	115200	-0.64839076137	0.25160032429	0.11000000000000121	-0.396683420818	-0.378838040511	0.43270236911	0.466288944724	0.60824036727	0.0
100	2015-05-07	10.93	11.0	11.25	10.8	121100	-0.22534982605	-0.184250849148	-0.07000000000000028	-0.351031764941	-0.361634099179	0.0679523207647	-0.239032133256	-0.475965026497	1.0
101	2015-05-08	11.29	11.01	11.5	10.96	227500	0.531852467787	0.655526852173	0.27999999999999936	-0.141232348711	-0.46102590059	0.166160315657	0.546409216152	0.429493511003	0.0
102	2015-05-11	11.07	11.32	11.59	11.01	414400	0.479620305904	-0.599481593699	-0.25	-0.0453328819574	-0.501936111958	0.0755284107055	-0.679036902574	-0.670280157343	1.0
103	2015-05-12	11.1	11.0	11.31	10.82	298700	-0.527732112234	0.223937772028	0.09999999999999964	-0.257236594831	-0.527820760529	-0.0482006411783	0.317869425522	0.627652660262	0.0
104	2015-05-13	10.98	11.18	11.33	10.96	228400	-0.487606265774	-0.488663430256	-0.1999999999999993	-0.568079620444	-0.532932076432	-0.208004247829	-0.281062439579	-0.388898009412	1.0
105	2015-05-14	12.38	11.06	12.48	10.88	1040200	2.98053000131	3.13609720425	1.3200000000000003	2.35928387751	-0.406504924233	-0.0361196973756	2.11860536204	1.17138906497	1.0
106	2015-05-15	12.39	12.49	12.75	11.73	702000	-0.569766341821	-0.227639994252	-0.09999999999999964	0.811505264468	-0.303041785829	0.0162287023639	-1.32656630936	-1.96206254548	1.0
107	2015-05-18	12.82	12.3	13.16	12.01	1501300	0.769786474033	1.10044035887	0.5199999999999996	1.08307703643	-0.139781500464	-0.327852726611	0.957518149873	1.5102392882	1.0
108	2015-05-19	16.27	15.22	16.35	14.55	9333800	4.50231037427	1.80595659137	1.049999999999999	1.72919584948	1.47422721922	-3.37678669145	4.56949759949	1.46122805341	1.0
109	2015-05-20	17.200001	15.82	19.146	15.36	6262700	-0.573335649581	2.2878008496	1.380001	4.99345813283	3.26446144073	-3.20490214096	-1.73767379829	-3.58193123259	0.0
110	2015-05-21	16.85	17.6	18.370001	16.219999	2244900	-0.859336805711	-1.14169327676	-0.75	2.0271598485	4.18796261541	-2.85867629566	-0.4767684176	1.42220926762	1.0
111	2015-05-22	17.9	16.98	18.65	16.98	2060200	-0.347515338442	1.4148767894	0.9199999999999982	1.20219724695	5.30421665215	-2.22497160047	2.06081487295	1.24346660133	1.0
112	2015-05-26	18.940001	17.889999	19.379999	17.290001	2319100	-0.157214099072	1.53401516491	1.0500019999999992	1.70570087845	6.22789318991	-2.85837463261	0.422946373431	-1.19422027084	1.0
113	2015-05-27	19.110001	18.879999	19.889999	18.35	1253300	-0.692805279608	0.305588485402	0.23000199999999893	0.785399496931	6.25614272821	-2.5121487873	-0.457065266719	-0.284726225149	0.0
114	2015-05-28	18.34	18.700001	18.709999	16.690001	1718300	0.0673236110173	-0.524644821583	-0.36000100000000046	1.58014287702	4.81704776477	-2.22497160047	-1.0179074294	-0.0679222796134	0.0
115	2015-05-29	18.059999	18.43	19.09	17.77	806300	-0.757948589015	-0.546425065765	-0.37000099999999847	0.53771826625	3.62072377728	-1.98372534946	0.325749582578	0.757965326571	0.0
116	2015-06-01	17.02	18.5	18.9	16.950001	1339800	0.333309711031	-2.12914957357	-1.4800000000000004	1.60075366579	1.86290747505	-1.71089202459	-1.46972993876	-1.03219335707	1.0
117	2015-06-02	17.049999	17.07	17.9	16.91	913700	-0.563271220394	-0.047120487416	-0.0200010000000006	0.13127755845	0.109160984942	-1.48469069572	0.903664193002	1.31803571511	1.0
118	2015-06-03	17.51	17.280001	17.6	16.91	605700	-0.580712740762	0.33537660793	0.22999900000000295	-0.390009297817	-0.0629178170064	-1.29762164132	0.341514099722	-0.572639014404	0.0
119	2015-06-04	16.98	17.32	18.09	16.92	1075400	0.43745693056	-0.534657573399	-0.33999999999999986	0.420566796902	-0.0377646643383	-1.11911573818	-1.20310346664	-0.72275341121	1.0
120	2015-06-05	17.129999	17.0	18.1	16.51	2055100	0.561501083545	0.185800949263	0.12999900000000153	1.12885462599	-0.0745082881269	-0.9754737087	0.802530213205	1.19330037356	0.0
121	2015-06-08	17.040001	17.299999	18.120001	17.01	1496400	-0.521016115637	-0.413116583133	-0.2599979999999995	0.31911706607	-0.0334571323864	-0.863550216003	-0.429478149785	-0.817119200599	0.0
122	2015-06-09	16.0	16.559999	16.68	15.06	3932100	1.21739426536	-0.909337989863	-0.5599990000000012	1.3086954272	0.0152510317813	-0.781212473439	-1.40274978588	-0.340467567372	0.0
123	2015-06-10	15.8	15.61	16.1	15.6	1803800	-0.767563088001	0.305307851767	0.19000000000000128	-0.612263382904	-0.0914398711211	-0.226226787835	0.621277144082	1.13314434916	0.0
124	2015-06-11	15.46	15.8	16.0	15.39	2254600	-0.0435058012838	-0.584537084508	-0.33999999999999986	-0.408149920234	-0.0682914129659	0.103327743268	-0.602857235053	-0.845953086625	1.0
125	2015-06-12	15.65	15.45	15.97	15.15	3391200	0.189135630205	0.325732383439	0.20000000000000107	-0.0190959463512	-0.135693854502	0.339419023092	0.512259592265	0.623616652348	0.0
126	2015-06-15	15.63	15.82	15.88	15.11	3110500	-0.347970795964	-0.333386767631	-0.1899999999999995	-0.126013777224	-0.0970465222534	0.509137332103	-0.315212063467	-0.519210233659	0.0
127	2015-06-16	15.6	15.51	15.78	15.13	2011100	-0.595682083262	0.137089129225	0.08999999999999986	-0.329811876816	-0.0905055429143	0.624498209493	0.00264212810011	0.240560005937	1.0
128	2015-06-17	16.41	15.9	17.09	15.84	4370900	0.801619186475	0.831010749138	0.5099999999999998	0.68041242012	-0.223127459076	0.607345326949	1.17029657563	0.52520956952	1.0
129	2015-06-18	16.99	16.5	17.379999	16.336	2025600	-0.763269586813	0.768189266929	0.48999999999999844	0.253805735987	-0.221791397843	0.555453290298	0.0630606934392	-0.707759336883	0.0
130	2015-06-19	16.83	16.92	17.299999	16.6	2673700	0.0205900421774	-0.156663633199	-0.09000000000000341	-0.338492021668	-0.262340571018	0.467453010228	-0.573961136767	-0.171903169922	0.0
131	2015-06-22	15.69	16.860001	17.0	15.64	1566000	-0.651366731801	-1.84905006843	-1.170001000000001	0.856077046376	-0.326892406249	0.467453010228	-1.36991006276	-0.226296030485	1.0
132	2015-06-23	17.24	17.26	17.799999	17.08	6264200	2.47338134686	-0.0467782857759	-0.020000000000003126	-0.331178237997	-0.214614052292	0.309783029579	3.22321435009	2.29153603091	0.0
133	2015-06-24	17.219999	17.24	17.57	17.16	1286800	-0.999387939899	-0.0468153225675	-0.02000099999999705	-0.840527272231	-0.142639137453	0.10132485236	-1.77576665298	-3.02320450147	0.0
134	2015-06-25	17.059999	17.1	17.25	16.85	1169300	-0.35578510525	-0.0779576616159	-0.040001000000000175	-0.851214822708	-0.166785096792	-0.317501102063	0.172077719877	1.49851635822	0.0
135	2015-06-26	16.530001	16.879999	16.93	16.25	1181400	-0.262749920468	-0.563816513246	-0.3499980000000029	-0.360492875312	-0.222504314868	-0.578307679022	-0.646198098865	-0.491340619653	0.0
136	2015-06-29	15.83	16.049999	16.5	15.8	1201000	-0.257037103077	-0.378208011994	-0.2199989999999996	-0.269420355607	-0.248749836121	-0.826813238704	-0.588412338183	0.0958295989821	1.0
137	2015-06-30	16.1	16.200001	16.66	15.93	1214600	-0.261856882747	-0.179213103773	-0.1000009999999989	-0.232899570639	-0.307392171801	0.542323817463	0.872145534946	0.683393983265	0.0
138	2015-07-01	15.88	16.139999	16.4	15.8	896000	-0.512274793793	-0.441646991219	-0.25999899999999876	-0.452175447063	-0.271008501936	0.426962940027	-0.772291907417	-1.00144363149	1.0
139	2015-07-02	16.110001	16.0	16.207001	15.83	341800	-0.838271987589	0.165412377843	0.11000100000000046	-0.849436736165	-0.27923654392	0.426962940027	0.583187178977	0.826004894567	0.0
140	2015-07-06	14.75	15.8	15.82	14.54	2094000	4.41925448894	-1.77141464645	-1.0500000000000007	0.862699853585	-0.0898750844064	0.479311339812	-2.25648920096	-1.46926138365	0.0
141	2015-07-07	13.96	14.58	15.17	12.8	2547300	-0.074109898275	-1.13932592768	-0.6199999999999992	3.19849951861	0.287410071981	0.642095968114	0.147122488187	1.51562310507	0.0
142	2015-07-08	13.68	12.91	13.94	12.91	1176200	-0.76481143019	1.55914810211	0.7699999999999996	0.683174667299	0.538514127962	0.853661949487	-0.0577766999284	-0.367564783538	1.0
143	2015-07-09	15.05	15.45	16.25	15.024	1588800	0.0488100546286	-0.699984311692	-0.3999999999999986	0.76608330382	0.349324367489	0.257244631061	2.00696236087	0.895196553322	1.0
144	2015-07-10	15.28	15.51	15.77	15.15	859900	-0.692072310604	-0.407843531503	-0.23000000000000043	-0.372800103438	0.126250846821	0.426962940027	-1.02316003559	-1.73930167837	1.0
145	2015-07-13	15.73	15.5	15.94	15.28	402500	-0.759014910375	0.375749858841	0.23000000000000043	-0.316190787822	0.0143134988319	0.335688625845	0.776262453855	1.23981259275	1.0
146	2015-07-14	16.1	15.62	16.219999	15.571	962500	1.00104811764	0.795469478563	0.4800000000000022	-0.354414862315	0.0459582154375	0.435460776496	0.158942329738	-0.440600057085	0.0
147	2015-07-15	15.57	16.0	16.0	15.18	1144800	-0.0988861092568	-0.726001188282	-0.4299999999999997	-0.0413812364374	-0.00598741013035	0.420029259363	-1.01002556487	-0.508639183019	1.0
148	2015-07-16	15.77	15.73	15.98	15.72	769500	-0.572237649418	0.0509907215093	0.03999999999999915	-1.04740139793	-0.0171655412596	0.49400496836	0.851128936993	1.0602969328	1.0
149	2015-07-17	16.0	16.0	16.15	15.63	612600	-0.458820261423	-0.0161731816048	0.0	-0.593442992404	-0.0326923788109	0.513312605381	-0.013119236771	-0.649138056064	0.0
150	2015-07-20	15.93	15.99	16.379999	15.67	604900	-0.283723086832	-0.115280892298	-0.0600000000000005	-0.253198292055	-0.0148847904145	0.49400496836	-0.282375886652	-0.0690756773386	0.0
151	2015-07-21	15.93	15.86	16.0	15.7	291300	-0.746669822883	0.100400232202	0.07000000000000028	-0.98024116421	-0.163694454005	0.435460776496	0.102464105617	0.247479239083	1.0
152	2015-07-22	16.200001	15.73	16.24	15.73	184700	-0.607119553768	0.773004359084	0.4700009999999999	-0.609200940462	-0.448917619049	0.435460776496	0.349393600056	0.0704628638055	0.0
153	2015-07-23	16.0	16.25	16.65	15.91	481900	1.20036250142	-0.422514795445	-0.25	-0.213306203056	-0.492317069968	0.420029259363	-0.559515583173	-0.479811043801	0.0
154	2015-07-24	15.97	15.99	16.139999	15.81	188600	-0.829217114761	-0.0492090851691	-0.019999999999999574	-0.929801475051	-0.521801467582	0.37342028866	0.18915279451	0.476584927669	0.0
155	2015-07-27	15.72	15.6	15.88	15.33	414100	0.821994777733	0.186997625315	0.120000000000001	-0.519032708711	-0.521482420261	0.37342028866	-0.40846706831	-0.360453349471	1.0
156	2015-07-28	15.94	15.71	16.02	15.412	398200	-0.307359097034	0.370510913043	0.22999999999999865	-0.425388747022	-0.52434317981	0.294650665881	0.517513380555	0.493881030864	1.0
157	2015-07-29	16.059999	15.93	16.27	15.68	212000	-0.700153462762	0.199367322146	0.12999900000000153	-0.468924893462	-0.533385608938	0.181935088631	-0.116883000297	-0.422918245083	1.0
158	2015-07-30	16.18	15.81	16.32	15.8	385300	0.475881293327	0.601949260701	0.3699999999999992	-0.593154602085	-0.533217473547	0.181935088631	0.0985261286039	0.162720631936	1.0
159	2015-07-31	16.190001	16.15	16.35	16.1	151300	-0.82801502802	0.0492456795834	0.040001000000000175	-1.07712792628	-0.530334537513	0.032409595093	-0.0866720101466	-0.0971385301506	1.0
160	2015-08-03	16.52	16.139999	16.58	15.92	503800	1.85993084189	0.605677183693	0.38000100000000003	-0.368723892752	-0.51257534898	-0.158414255475	0.47679441979	0.285149696979	0.0
161	2015-08-04	16.459999	16.42	16.58	16.32	325400	-0.596286798754	0.048166756506	0.03999899999999812	-1.06706899591	-0.504098928538	-0.327852726611	-0.409780515382	-0.496721418969	0.0
162	2015-08-05	16.4	16.459999	17.0	16.32	533700	0.313607038883	-0.112449364961	-0.059999000000001246	-0.341152276222	-0.498652991383	-0.327852726611	0.032853512285	0.32051651152	0.0
163	2015-08-06	16.040001	16.34	16.584	15.88	287600	-0.694219794067	-0.501095767754	-0.2999989999999997	-0.281656373739	-0.499479742465	-0.966278636907	-0.503034732157	-0.286264024716	0.0
164	2015-08-07	15.95	16.030001	16.32	15.93	188400	-0.587880794559	-0.147988694541	-0.08000099999999932	-0.823650450955	-0.498866253329	-0.618961099757	0.162880569441	0.375676330637	1.0
165	2015-08-10	16.469999	16.15	16.52	16.0	160100	-0.409688606326	0.507162989025	0.3199990000000028	-0.610977838693	-0.509754085992	-0.618961099757	0.717157072899	0.168485967634	0.0
166	2015-08-11	15.89	16.299999	16.5	15.8	249300	0.237663789985	-0.680527676144	-0.4099989999999991	-0.281425351721	-0.507264862845	-0.618961099757	-1.36202727881	-1.08351121432	0.0
167	2015-08-12	15.68	15.7	15.95	15.6	632500	1.13447824837	-0.0498193024961	-0.019999999999999574	-0.882780657447	-0.486881957943	-0.56920775687	0.344137184871	1.09469891794	1.0
168	2015-08-13	15.72	15.67	16.02	15.67	373100	-0.647544815616	0.0681031582153	0.05000000000000071	-0.882982385056	-0.471413501921	-0.56920775687	0.0761954268546	-0.308172546386	1.0
169	2015-08-14	16.129999	15.63	16.219999	15.63	293900	-0.46648647231	0.828745310884	0.49999900000000075	-0.461343931799	-0.471718617298	-0.56920775687	0.478108523586	0.161756744319	1.0
170	2015-08-17	16.360001	16.08	16.52	16.08	543900	0.506243273443	0.44374247661	0.28000100000000216	-0.745963473233	-0.480169640438	-1.13520691715	-0.0564591811699	-0.312014969533	0.0
171	2015-08-18	16.120001	16.17	16.309	15.9	287900	-0.702963500424	-0.0978419405891	-0.049999000000003235	-0.796891182894	-0.491156608517	-1.49791531818	-0.472827813693	-0.122318849654	0.0
172	2015-08-19	15.98	15.98	16.25	15.65	776700	1.28155188722	-0.0161731816048	0.0	-0.450178306052	-0.500457359384	-0.0946462613477	0.0564925386633	0.334355323773	0.0
173	2015-08-20	14.81	15.5	15.98	14.65	2539200	1.80447899617	-1.19194230294	-0.6899999999999995	0.975188699791	-0.389992408122	-0.297551055765	-1.64704647566	-0.859597160905	0.0
174	2015-08-21	13.78	14.68	14.69	13.3	1788000	-0.542962567068	-1.63545004875	-0.9000000000000004	1.25681496508	-0.0562846645334	-1.81461683426	-0.471512527794	0.786409755871	0.0
175	2015-08-24	12.29	12.4	12.9	10.71	2222800	-0.0496740891367	-0.250474999263	-0.11000000000000121	3.51975119768	0.701374614267	-3.43687345861	-1.5354043939	-0.620692108377	1.0
176	2015-08-25	12.42	13.07	13.26	12.4	571500	-0.952086106523	-1.32971053315	-0.6500000000000004	0.399443502109	1.24069149432	-2.99745252162	1.26486476486	1.41798284625	0.0
177	2015-08-26	11.94	12.65	12.74	11.55	832600	0.145887834534	-1.49859733012	-0.7100000000000009	1.23144756204	1.81246343041	-3.29163163021	-1.22674433184	-1.56824285893	1.0
178	2015-08-27	12.3	12.68	12.97	12.0	1500600	0.462019524083	-0.80770613601	-0.379999999999999	0.688550941695	2.02227677102	-2.99133326865	0.973279514744	1.30419990119	1.0
179	2015-08-28	12.37	12.11	12.6	12.11	430300	-0.924957228791	0.550893149849	0.2599999999999998	-0.379616722569	1.88350399785	-2.73638173754	-0.378257522951	-0.874974137907	0.0
180	2015-08-31	11.66	12.35	12.428	11.63	393700	-0.350060912608	-1.49183483187	-0.6899999999999995	0.37091114511	1.56895104955	-2.51915070907	-1.0179062473	-0.159602310997	0.0
181	2015-09-01	11.28	11.4	11.59	11.11	594200	0.19384515966	-0.294196391075	-0.120000000000001	-0.31445945617	1.11244250559	-1.68954624086	0.0998372114718	0.668399255454	0.0
182	2015-09-02	10.99	11.33	11.609	10.89	420800	-0.539283366915	-0.808772446024	-0.33999999999999986	0.312838652699	0.4154622552	-1.32543860178	-0.278435545434	-0.322012089003	0.0
183	2015-09-03	10.97	11.0	11.08	10.85	202500	-0.74698186134	-0.0882064676947	-0.02999999999999936	-0.92165764061	-0.0242027717968	-1.09923727292	0.115598576343	0.190587766551	0.0
184	2015-09-04	10.84	10.87	10.94	10.55	300700	0.171576766107	-0.089067951337	-0.02999999999999936	-0.496130056243	-0.244596283382	-0.912168218541	-0.267927968853	-0.233407464552	1.0
185	2015-09-08	10.99	11.32	11.56	10.91	1040200	1.97840160683	-0.786140285569	-0.33000000000000007	0.138071913697	-0.244383038495	-0.759458757054	0.308675296014	0.315326164096	1.0
186	2015-09-09	11.53	11.2	11.64	11.2	794200	-0.488649353078	0.762043569902	0.33000000000000007	-0.417010960069	-0.309129927348	-0.637900399872	0.58581262833	0.0541251128413	1.0
187	2015-09-10	11.56	11.44	11.6	11.19	513700	-0.595441942001	0.260877918741	0.120000000000001	-0.503963867698	-0.326707867405	-0.545284544195	-0.436049194145	-0.540736736779	0.0
188	2015-09-11	11.52	11.54	11.54	11.24	444500	-0.395500546097	-0.0619482334239	-0.019999999999999574	-0.777413485754	-0.390681333457	-0.480099684129	0.0341648578423	0.366643809928	0.0
189	2015-09-14	11.02	11.5	11.55	10.94	569600	-0.01465718516	-1.11859564698	-0.4800000000000004	0.0218075114767	-0.477377682547	-0.441359815922	-0.700052055735	-0.373521935755	0.0
190	2015-09-15	10.98	11.05	11.16	10.69	439100	-0.481891035329	-0.183490316716	-0.07000000000000028	-0.304778380836	-0.490539813101	-0.428506800867	0.369093861353	0.593248695454	1.0
191	2015-09-16	11.0	11.06	11.27	10.92	1001000	0.898878204057	-0.159458199143	-0.0600000000000005	-0.615254001105	-0.48989679775	-0.441359815922	-0.0879857199086	-0.359491268543	1.0
192	2015-09-17	11.04	10.91	11.25	10.91	365900	-0.852858517045	0.298546033514	0.129999999999999	-0.636604669006	-0.490942517868	-0.480099684129	0.00658246931789	0.0695011864987	0.0
193	2015-09-18	10.99	10.87	11.06	10.87	149200	-0.814213792256	0.275405897324	0.120000000000001	-1.02255152978	-0.491487112502	-0.545284544195	-0.126075685014	-0.0629252478756	1.0
194	2015-09-21	11.04	11.1	11.56	10.99	507700	1.92674375087	-0.158941856738	-0.0600000000000005	-0.0543691029856	-0.498606211032	-0.637900399872	0.106404446835	0.128314668238	1.0
195	2015-09-22	11.06	10.95	11.305	10.89	576300	-0.148564217625	0.249154904145	0.11000000000000121	-0.445545686546	-0.500276902703	-0.759458757054	-0.0525226489486	-0.106554856878	0.0
196	2015-09-23	10.96	11.04	11.12	10.88	264300	-0.767674515406	-0.207565970733	-0.0799999999999983	-0.89666222064	-0.509580120978	-0.912168218541	-0.172046332554	-0.0419753475174	1.0
197	2015-09-24	12.04	10.95	12.17	10.95	1065700	2.50269645012	2.61298694082	1.0899999999999999	1.49674163566	-0.457692718974	-0.881147974624	1.63525683933	0.863867591824	1.0
198	2015-09-25	12.46	12.04	13.65	12.04	1270500	-0.0963496838164	0.905182803266	0.4200000000000017	2.21479101499	-0.337730987709	-0.912168218541	-0.434735747072	-1.24246229832	0.0
199	2015-09-28	12.05	12.32	12.63	11.78	543200	-0.796105925284	-0.595012087684	-0.2699999999999996	0.464177649064	-0.299800463549	-1.00791081856	-0.717126867679	0.120434430489	1.0
200	2015-09-29	12.11	11.99	12.19	11.82	215200	-0.824821286658	0.24816915267	0.11999999999999922	-0.644385536002	-0.276352547896	-1.06676733844	0.551663004443	0.717026088396	1.0
201	2015-09-30	12.5	12.2	12.77	12.162	772800	2.09903485216	0.633307266747	0.3000000000000007	-0.118515330503	-0.227142189394	-1.35401276633	0.378287990861	-0.262622004501	0.0
202	2015-10-01	12.49	12.55	12.74	12.36	384700	-0.731814000656	-0.142446671165	-0.0600000000000005	-0.654433115193	-0.211087309933	-0.775034309206	-0.379570970023	-0.387360402047	1.0
203	2015-10-02	13.0	12.6	13.18	12.5	747600	0.591081492339	0.822309513621	0.40000000000000036	-0.00797182299199	-0.170038489389	-0.310567421353	0.826173442614	0.678970306094	0.0
204	2015-10-05	13.0	13.14	13.5	12.82	984700	0.0180217569144	-0.2975817574	-0.14000000000000057	-0.0391247369935	-0.18579236549	0.613541119074	-0.493840865339	-0.769455832433	0.0
205	2015-10-06	13.0	13.07	13.16	12.91	504200	-0.718787669413	-0.157631050233	-0.07000000000000028	-0.971575526691	-0.260257479975	0.761632118828	0.111658235125	0.441217767166	0.0
206	2015-10-07	12.98	13.23	13.33	12.72	1030500	0.683054626012	-0.515270024001	-0.25	-0.194694704708	-0.423281555619	0.831578277188	-0.0512092018761	-0.123276336981	0.0
207	2015-10-08	12.98	12.9	13.07	12.72	472100	-0.768121280577	0.147623437928	0.08000000000000007	-0.74820854344	-0.438700801283	0.792652362746	-0.00392510726283	0.0245261710508	0.0
208	2015-10-09	12.62	13.01	13.25	12.51	1393700	1.51429306043	-0.807930284668	-0.39000000000000057	0.123168901118	-0.44198149185	0.761632118828	-0.547692195315	-0.261468798977	1.0
209	2015-10-12	13.5	12.75	13.57	12.75	894700	-0.599884277605	1.53748593014	0.75	0.257475567238	-0.4349649149	0.603962138178	1.58009206228	1.07163678712	0.0
210	2015-10-13	13.32	13.42	13.62	13.19	734500	-0.43608380221	-0.212985438681	-0.09999999999999964	-0.603050234458	-0.467416685814	0.508219538164	-1.18602747259	-1.60149361822	0.0
211	2015-10-14	12.78	13.37	13.54	12.665	883200	-0.0869450366943	-1.18170802759	-0.5899999999999999	0.383665273645	-0.481792671878	0.665889518813	-0.405839911475	0.710683458012	1.0
212	2015-10-15	13.01	12.88	13.3	12.75	806700	-0.351488482944	0.250409631823	0.129999999999999	-0.30993452159	-0.502520074878	0.731806126583	0.759187641912	0.527131578727	1.0
213	2015-10-16	13.11	13.2	13.51	13.01	1017100	-0.0335316146638	-0.19625639683	-0.08999999999999986	-0.437079984027	-0.501969739036	0.764390526214	-0.231151450821	-0.668742549977	1.0
214	2015-10-19	13.19	13.12	13.3	12.88	673500	-0.581382889745	0.124745594536	0.07000000000000028	-0.609707766261	-0.500239994935	0.985865069067	0.0617472463667	0.232295366346	0.0
215	2015-10-20	13.14	13.23	13.322	13.1	402200	-0.640866430696	-0.195848044868	-0.08999999999999986	-1.03805149793	-0.499918487259	0.985865069067	-0.141837049885	-0.103864043988	0.0
216	2015-10-21	12.86	13.14	13.14	12.73	420400	-0.230807994774	-0.578990333195	-0.28000000000000114	-0.620737685617	-0.497221759613	0.837774069313	-0.359869263935	-0.0759949104844	0.0
217	2015-10-22	12.69	12.99	13.08	12.62	559100	0.0297135624724	-0.62615481901	-0.3000000000000007	-0.499042467779	-0.48763640195	0.586989160988	-0.0236268133517	0.194816186806	1.0
218	2015-10-23	12.75	13.0	13.1	12.61	585300	-0.229334669109	-0.524100198905	-0.25	-0.435663765813	-0.494961363813	0.103327743268	0.147121306085	0.0322142078795	0.0
219	2015-10-26	12.65	12.69	12.95	12.5	907400	0.231408017751	-0.0994267825493	-0.03999999999999915	-0.507801853179	-0.506464285112	0.0668672237032	-0.266614521781	-0.236674880204	1.0
220	2015-10-27	12.84	12.65	12.86	12.54	424600	-0.759149743866	0.380531872224	0.1899999999999995	-0.803279111327	-0.518589717447	-0.00710848529367	0.359899731844	0.346270512332	0.0
221	2015-10-28	12.78	12.9	12.9	12.66	419200	-0.283858966049	-0.261868110904	-0.120000000000001	-0.985415194185	-0.518589717447	-0.120905206971	-0.309958275176	-0.39351083151	1.0
222	2015-10-29	13.27	12.66	13.55	12.66	1133800	1.28783340241	1.25645280487	0.6099999999999994	0.432624841154	-0.508993697539	-0.236266084361	0.790710371654	0.592672092692	1.0
223	2015-10-30	13.43	13.32	13.64	13.3	730600	-0.597668236439	0.201945627626	0.10999999999999943	-0.794403359815	-0.491881615543	-0.405984393372	-0.257420392273	-0.636260594376	0.0
224	2015-11-02	12.89	13.4	13.428	12.8	1074100	0.158053643563	-1.02141381584	-0.5099999999999998	-0.159844624813	-0.496556599601	-0.65492868825	-0.820889186414	-0.140958821687	1.0
225	2015-11-03	13.34	12.92	13.42	12.91	588900	-0.685623267944	0.842427906463	0.41999999999999993	-0.413406114995	-0.4867145279	-0.971630204299	1.16635623441	1.05164789136	1.0
226	2015-11-04	13.79	13.35	14.03	13.31	1777600	1.57504175494	0.85434143681	0.4399999999999995	-0.00986756715949	-0.43660115932	0.543594960713	0.0722548229474	-0.796940564096	0.0
227	2015-11-05	13.42	13.67	13.98	13.28	422700	-0.969763020992	-0.499205458482	-0.25	-0.0490020239648	-0.43953491686	0.37342028866	-0.852411916156	-0.344307395806	1.0
228	2015-11-06	14.19	13.73	14.28	13.66	965800	0.903611999491	0.86872224839	0.4599999999999991	-0.255285988069	-0.372923775592	0.204896231276	1.54856933254	1.30074028461	0.0
229	2015-11-09	13.3	14.27	14.42	13.17	1500400	0.234349964122	-1.81153679426	-0.9699999999999989	1.05803345909	-0.406776401378	0.200910956775	-2.11332110584	-2.03702090456	0.0
230	2015-11-10	13.18	13.35	13.6	13.06	756700	-0.725836192137	-0.352508375083	-0.16999999999999993	-0.36042882403	-0.425292618937	-0.0594568850332	0.824859995541	1.84178587643	0.0
231	2015-11-11	12.78	13.26	13.26	12.75	1561000	0.700509414723	-0.972271096523	-0.4800000000000004	-0.404090775066	-0.425292618937	-0.0594568850332	-0.723694103042	-1.04449534998	1.0
232	2015-11-12	13.25	12.91	13.318	12.73	758500	-0.742698690871	0.679423229384	0.33999999999999986	-0.239914112792	-0.424971111261	-0.0440253679005	0.992981220833	0.929023703947	0.0
233	2015-11-13	12.67	12.99	13.42	12.6	988500	0.0052844032565	-0.666820261503	-0.3200000000000003	0.298253147995	-0.391435892287	-0.0594568850332	-1.39749245128	-1.33606414671	0.0
234	2015-11-16	12.62	12.6	12.83	12.16	1791600	0.471296577031	0.0257509531565	0.019999999999999574	-0.00776078154963	-0.368737614429	-0.106065855736	0.562170581023	1.22462872001	0.0
235	2015-11-17	12.6	12.62	13.05	12.37	906600	-0.724284121043	-0.058030875582	-0.019999999999999574	0.0147503056361	-0.338755383339	-0.184835478515	-0.157598414756	-0.550154581894	1.0
236	2015-11-18	12.63	12.55	12.79	12.51	775500	-0.404558125599	0.152191471142	0.08000000000000007	-0.884691894356	-0.355500027992	-0.297551055765	0.0262841754067	0.124086247982	1.0
237	2015-11-19	12.82	12.78	13.015	12.51	1887700	1.04027848764	0.0664941263752	0.040000000000000924	-0.39606824211	-0.363964209654	-0.447076549303	0.219360895077	0.0793034334553	1.0
238	2015-11-20	12.9	12.65	13.17	12.62	1431400	-0.493435418323	0.50580715238	0.25	-0.293885069752	-0.492090759567	-0.447076549303	-0.0735378021101	-0.169981160715	1.0
239	2015-11-23	13.95	12.88	14.09	12.85	1475300	-0.244152737231	2.17800843661	1.0699999999999985	1.10786789151	-0.415589156413	-0.196291640932	1.47107595526	0.756235076222	0.0
240	2015-11-24	13.42	13.56	13.823	13.22	1464100	-0.279167687213	-0.288865562574	-0.14000000000000057	-0.247134237705	-0.401888992606	-0.196291640932	-1.73242145479	-1.72200359551	0.0
241	2015-11-25	13.4	13.18	13.65	13.16	1142800	-0.473054306336	0.424698220362	0.22000000000000064	-0.469398983325	-0.392227358887	-0.0946462613477	0.711903547299	1.57866281597	0.0
242	2015-11-27	13.2	13.2	13.38	12.99	657200	-0.661091648593	-0.0161731816048	0.0	-0.677312140639	-0.39388000676	-0.0946462613477	-0.432108852927	-0.790405732791	1.0
243	2015-11-30	13.27	13.21	13.68	13.15	1614000	1.06013923137	0.103791412943	0.05999999999999872	-0.379686787734	-0.401852084837	-0.19285425624	0.257450860183	0.405083994071	1.0
244	2015-12-01	13.96	13.61	14.21	13.57	1902200	-0.108806478343	0.663053248584	0.3500000000000014	-0.198096636967	-0.370639594785	-0.1405058565	0.857696172356	0.200582214428	0.0
245	2015-12-02	13.93	13.89	14.13	13.83	1560700	-0.436518078203	0.0598878836209	0.03999999999999915	-0.903786205138	-0.374239332509	-0.19285425624	-0.681663796719	-0.834419743636	1.0
246	2015-12-03	14.09	14.07	14.28	13.91	2139900	0.067410568951	0.021370819674	0.019999999999999574	-0.770052064169	-0.388848247603	-0.0233219934637	0.417691403038	0.727404938115	1.0
247	2015-12-04	14.23	14.03	14.36	14.03	1904200	-0.373020847902	0.360337223237	0.20000000000000107	-0.853049715661	-0.397984150659	0.292810052389	0.0249707283341	-0.29183654445	1.0
248	2015-12-07	15.14	14.35	15.22	14.35	1915500	-0.266789279483	1.4378785167	0.7900000000000009	0.158885384728	-0.297673755889	0.0330116808223	1.20575964659	0.569223580364	1.0
249	2015-12-08	15.15	14.98	15.25	14.85	2028200	-0.218375805395	0.283564791221	0.16999999999999993	-0.762296860532	-0.173466811031	0.335688625845	-0.807754715688	-1.11484088696	0.0
250	2015-12-09	14.99	15.15	15.33	14.9	1021600	-0.72641669548	-0.295113959423	-0.16000000000000014	-0.706037677093	-0.135480515131	0.542323817463	-0.0236268133517	0.634571893408	0.0
251	2015-12-10	14.92	15.0	15.04	14.6	1160200	-0.148060537328	-0.157038274403	-0.08000000000000007	-0.681107124722	-0.148445804251	0.679457726798	0.0262841754067	-0.0206410453178	0.0
252	2015-12-11	14.68	14.99	15.03	14.22	886400	-0.488192515482	-0.56238956045	-0.3100000000000005	0.0339154577194	-0.25089520927	0.810250121367	-0.346734793209	-0.211112157749	1.0
253	2015-12-14	15.02	14.7	15.09	14.651	802700	-0.35863593783	0.558786380836	0.3200000000000003	-0.677398970692	-0.359547579978	0.894590754885	0.671186688048	0.518290336374	1.0
254	2015-12-15	15.47	15.1	15.5	14.98	1131000	0.102076079965	0.631013296068	0.370000000000001	-0.550287555644	-0.352488354051	0.713769632767	0.252197071892	-0.342961989361	1.0
255	2015-12-16	15.67	15.5	15.88	15.48	841100	-0.506795959858	0.273509065681	0.16999999999999993	-0.787444599799	-0.366473937938	1.10369134138	-0.057776437239	-0.119432318567	0.0
256	2015-12-17	15.32	15.86	15.86	15.23	682700	-0.444567698216	-0.915453802399	-0.5399999999999991	-0.368891179571	-0.425489460371	1.16050802695	-0.593662842856	-0.185357234373	1.0
257	2015-12-18	15.65	15.6	15.98	15.32	1204600	0.427388527872	0.0684813212786	0.05000000000000071	-0.316958668037	-0.469745976116	1.16050802695	0.828800336759	0.762001103844	1.0
258	2015-12-21	16.049999	15.87	16.25	15.79	1589600	0.0202730186317	0.283396476223	0.17999900000000046	-0.697846878505	-0.41772501031	0.727337840751	0.160254332019	-0.515559088868	1.0
259	2015-12-22	16.459999	16.030001	16.5	16.030001	1446000	-0.354893198523	0.692323048834	0.4299980000000012	-0.694728297916	-0.32156401755	0.420029259363	0.288974509338	0.102753271969	0.0
260	2015-12-23	16.42	16.49	16.5	16.23	1046200	-0.525250211233	-0.128292911318	-0.06999999999999673	-1.05022727209	-0.272187117088	0.642095968114	-0.351987399397	-0.296449558748	1.0
261	2015-12-24	16.49	16.370001	16.59	16.26	423400	-0.817013225405	0.177439401299	0.11999899999999997	-0.945855209997	-0.256606245907	0.985865069067	0.223300316882	0.368180302528	0.0
262	2015-12-28	16.040001	16.42	16.49	16.0	798700	0.538975285546	-0.627416266237	-0.37999900000000153	-0.658987280869	-0.35275665073	1.08407306396	-0.747334442867	-0.51882429421	1.0
263	2015-12-29	16.129999	16.110001	16.25	16.0	604400	-0.49485170663	0.0166133634477	0.01999800000000107	-1.07576663569	-0.4145722506	1.13195317791	0.539838171793	0.724326840369	0.0
264	2015-12-30	16.049999	16.15	16.15	15.97	660800	-0.186821153612	-0.179717881429	-0.1000009999999989	-1.19863922994	-0.437310701499	1.13195317791	-0.338852009258	-0.579173403646	0.0
265	2015-12-31	16.02	16.0	16.120001	16.0	706800	-0.208513313192	0.0168420745197	0.019999999999999574	-1.3032362214	-0.448821807301	1.08407306396	0.03153888311	0.256895815672	0.0
266	2016-01-04	15.46	15.65	15.65	15.2	1471700	0.718169060953	-0.336832538214	-0.1899999999999995	-0.694793952563	-0.46443788751	1.20189933627	-0.824830447044	-0.42714689598	1.0
267	2016-01-05	15.64	15.55	16.07	15.483	950700	-0.596198571078	0.136694885338	0.08999999999999986	-0.447528835402	-0.463730079012	1.15401922232	0.744739986803	0.852720803326	0.0
268	2016-01-06	15.55	15.46	15.9	15.32	1037600	-0.188568519814	0.137584802934	0.08999999999999986	-0.454142355925	-0.443143766374	1.20189933627	-0.464945029742	-0.779258290811	0.0
269	2016-01-07	14.41	15.15	15.34	14.4	1773200	0.376577928232	-1.30627427901	-0.7400000000000002	0.28936120006	-0.278875451269	1.20189933627	-1.53934473512	-0.375443944962	0.0
270	2016-01-08	14.33	14.96	14.99	14.29	1606800	-0.358100336736	-1.12845186388	-0.6300000000000008	-0.159189921468	-0.161798301468	1.13195317791	0.886592007953	1.34014147336	0.0
271	2016-01-11	13.44	14.03	14.04	13.09	2837100	0.428503853541	-1.12687887589	-0.5899999999999999	0.447386030748	0.085602625005	1.13195317791	-1.53409094683	-1.46157134794	1.0
272	2016-01-12	13.79	13.35	13.88	13.21	1771400	-0.615982238133	0.85434143681	0.4399999999999995	-0.114460348815	0.188759644961	1.13195317791	1.28062612973	1.58558204912	0.0
273	2016-01-13	13.6	13.72	14.005	13.49	1115600	-0.611027191172	-0.247183720086	-0.120000000000001	-0.445795886191	0.22631794115	1.20189933627	-0.852411916156	-1.34682739827	0.0
274	2016-01-14	13.51	13.8	13.8	13.2	841900	-0.496744733655	-0.571212270075	-0.2900000000000009	-0.268703105621	0.193819620681	1.20189933627	0.11428512927	0.680315712539	0.0
275	2016-01-15	12.99	13.44	13.44	12.71	1205500	0.123020125718	-0.900510399226	-0.4499999999999993	0.0520728875687	0.153312114081	1.05581122743	-0.740768914986	-0.470775601638	0.0
276	2016-01-19	12.8	13.48	13.75	12.49	1929400	0.277332324874	-1.34853960087	-0.6799999999999997	1.20598770014	0.157239100689	0.901524435549	0.157628882666	0.522134354788	0.0
277	2016-01-20	12.29	12.6	12.8	11.55	1872300	-0.299304001021	-0.665997270405	-0.3100000000000005	1.33518972184	0.0877253684425	0.649029648824	-0.721067208897	-0.523823055756	1.0
278	2016-01-21	12.48	12.2	12.96	11.8	988400	-0.704261557351	0.59000857019	0.28000000000000114	1.1524176	-0.162808667552	0.803316440657	0.671186688048	0.747778235711	0.0
279	2016-01-22	12.4	12.81	12.99	12.4	1149800	-0.122779498003	-0.861528685808	-0.41000000000000014	-0.187322642802	-0.20946254793	0.901524435549	-0.446556770726	-0.708720341486	0.0
280	2016-01-25	12.08	12.48	12.51	12.06	678700	-0.647183192368	-0.862718210439	-0.40000000000000036	-0.475782415864	-0.266485050843	0.906449084423	-0.361182711007	0.16098882476	1.0
281	2016-01-26	12.37	12.01	12.4	11.78	734600	-0.196844316695	0.775533210058	0.35999999999999943	-0.0722285464104	-0.270083148223	0.906449084423	0.669873240976	0.508103687576	0.0
282	2016-01-27	11.93	12.34	12.39	11.89	512200	-0.549285039078	-0.893726180701	-0.41000000000000014	-0.346391717711	-0.307305863393	0.849632398851	-1.00871211779	-0.942436661079	0.0
283	2016-01-28	11.75	11.98	12.15	11.67	587300	-0.13803688752	-0.523252240613	-0.23000000000000043	-0.367625127268	-0.344480188378	0.665889518813	0.198345741916	0.778914784867	1.0
284	2016-01-29	11.91	11.81	12.1	11.71	545700	-0.337043368636	0.207469535581	0.09999999999999964	-0.582552732009	-0.431090419341	0.49571484676	0.258764307255	-0.0975214136048	0.0
285	2016-02-01	11.76	11.79	11.97	11.59	637500	-0.11826767285	-0.0833798098481	-0.02999999999999936	-0.599921860135	-0.458630996476	0.542323817463	-0.4334223	-0.377750356011	0.0
286	2016-02-02	11.17	11.75	11.78	11.13	1294800	0.671365277824	-1.31992457239	-0.5800000000000001	0.094049833532	-0.429085917404	0.467453010228	-0.694798267445	-0.0235240591286	0.0
287	2016-02-03	10.64	11.18	11.2	10.33	1709700	0.0210302414089	-1.29189685296	-0.5399999999999991	0.747629595966	-0.302824440079	0.679457726798	-0.285002780797	0.260356700771	1.0
288	2016-02-04	10.87	10.66	11.03	10.49	1435800	-0.418832195745	0.504142299532	0.20999999999999908	-0.0920649598954	-0.278131502356	0.810250121367	0.642290852451	0.377022659647	0.0
289	2016-02-05	10.43	10.84	11.02	10.4	1243200	-0.394980982539	-1.01515879128	-0.41000000000000014	0.138873498167	-0.221742172721	0.712042126474	-1.00871211779	-0.936670633457	0.0
290	2016-02-08	9.48	10.38	10.38	9.265	1473900	-0.10239401425	-2.30624875094	-0.9000000000000004	1.67140083314	0.0260483857871	0.985865069067	-0.929905293439	0.253437467625	0.0
291	2016-02-09	8.09	9.34	9.75	7.975	2725400	0.504850711892	-3.55099717781	-1.25	4.26552290261	0.578575729662	0.801313549748	-1.27271497938	-0.106362655958	0.0
292	2016-02-10	7.94	8.3	8.321	7.78	1653500	-0.63215316158	-1.16176279171	-0.3600000000000003	0.375263149074	1.01610748762	0.949404549502	0.789396924581	1.01186230078	0.0
293	2016-02-11	7.79	7.8	7.98	6.72	3297500	0.637683479318	-0.0500349827582	-0.009999999999999787	3.0724461507	1.29932294287	0.949404549502	-0.466258476814	-0.90534188338	0.0
294	2016-02-12	7.49	8.07	8.07	7.35	1752800	-0.700923638241	-1.91444813102	-0.5800000000000001	1.11102289084	1.36240078039	1.04514714952	-0.357242369789	0.159259016474	1.0
295	2016-02-16	8.77	7.87	8.84	7.81	1910400	-0.189934902235	3.0042822707	0.8999999999999995	1.99818812814	0.94624272148	1.01688531298	2.06344058499	1.15889600513	1.0
296	2016-02-17	9.15	8.88	9.46	8.41	2114200	-0.174591351977	0.786900616019	0.2699999999999996	1.79024207731	0.616881072719	1.05581122743	-0.728947891332	-1.67164695428	0.0
297	2016-02-18	9.02	9.15	9.23	8.96	539400	-0.953894636877	-0.391428551763	-0.13000000000000078	-0.672376781592	0.392068470941	0.985865069067	-0.223270768385	0.577103818114	1.0
298	2016-02-19	9.26	9.03	9.29	8.78	668900	-0.0525066619742	0.656562934332	0.23000000000000043	0.0670587367675	0.063929699589	0.945374998866	0.543782322007	0.389900121335	1.0
299	2016-02-22	10.02	9.41	10.35	9.41	1418400	0.753215048404	1.69598887884	0.6099999999999994	1.23060389988	-0.0371869248874	1.07616739343	0.820919654323	-0.00180535508748	1.0
300	2016-02-23	12.0	11.3	12.26	11.16	6877200	3.24983553366	1.61998110421	0.6999999999999993	1.16426496373	0.753584167946	1.07616739343	2.20266597469	0.557114922359	1.0
301	2016-02-24	12.09	12.03	12.12	11.11	2598800	-0.841554548571	0.115558513655	0.0600000000000005	0.861305311551	1.36838558016	0.976395242783	-1.51307579367	-1.96071713904	0.0
302	2016-02-25	11.93	11.33	11.94	11.24	1295200	-0.731279855254	1.38253140266	0.5999999999999996	0.192554989117	1.61873097645	0.945374998866	0.183897824117	1.3228433905	1.0
303	2016-02-26	11.96	12.33	12.45	11.87	1108400	-0.404209091321	-0.808753539501	-0.3699999999999992	-0.160370939099	1.56024692589	0.945374998866	0.191778506553	-0.110398875293	0.0
304	2016-02-29	11.78	11.9	12.02	11.66	845800	-0.489038386405	-0.282514743618	-0.120000000000001	-0.652901161943	1.03352139315	0.634982382096	-0.351988581499	-0.320282280716	1.0
305	2016-03-01	12.01	11.82	12.15	11.79	1109800	0.0134297690215	0.408388487678	0.1899999999999995	-0.658334035177	0.836876800573	-0.0361196973756	0.483363756668	0.451212215044	1.0
306	2016-03-02	12.16	12.22	12.29	11.91	724900	-0.589615704536	-0.145856675384	-0.0600000000000005	-0.631109221217	0.630738709674	-0.0361196973756	-0.064343672602	-0.368140309975	1.0
307	2016-03-03	12.65	12.16	13.2	12.09	2614600	2.11346169271	1.04813441715	0.4900000000000002	1.02402006461	0.291632589757	-0.0361196973756	0.608141228564	0.365682805324	1.0
308	2016-03-04	13.58	12.42	13.75	12.42	1901600	-0.521784125391	2.4506672116	1.1600000000000001	1.38815173484	0.0209362497115	0.673908296539	0.91023405526	0.0548939165242	0.0
309	2016-03-07	13.34	14.0	14.72	12.8	4186300	0.827311639986	-1.26131998402	-0.6600000000000001	2.47097833802	-0.253539445867	0.673908296539	-1.09539962458	-1.00470975939	1.0
310	2016-03-08	13.51	13.27	13.88	13.27	1166300	-0.932418289412	0.461515527959	0.2400000000000002	-0.222818158159	-0.171924886465	0.831578277188	0.688261499992	1.13141127346	1.0
311	2016-03-09	13.52	13.59	13.93	13.1	909600	-0.473645063042	-0.152218387122	-0.07000000000000028	0.222157880599	-0.117387506655	0.831578277188	-0.227211109603	-0.624920740053	0.0
312	2016-03-10	12.81	13.45	13.5	12.42	1311900	0.132539682548	-1.27296211363	-0.6399999999999988	0.818908746884	-0.163290929066	0.945374998866	-1.01265245901	-0.295103960102	1.0
313	2016-03-11	13.14	13.11	13.185	12.63	731200	-0.677307577682	0.0442666465408	0.030000000000001137	-0.315661000337	-0.209939068235	1.01935070786	1.10987801029	1.13429428727	1.0
314	2016-03-14	13.16	13.06	13.3	12.96	850000	-0.123531362825	0.186064221914	0.09999999999999964	-0.779817237027	-0.311578142684	1.05581122743	-0.483333288758	-1.04238113985	0.0
315	2016-03-15	12.04	12.91	12.91	11.65	2559500	1.56833122866	-1.79608164502	-0.870000000000001	1.3510878388	-0.316324481761	1.05581122743	-1.57218091193	-0.346421605934	1.0
316	2016-03-16	12.25	11.75	12.34	11.67	941300	-0.85081525745	1.10775043115	0.5	0.0689082295571	-0.32799471828	1.05581122743	1.31608920069	1.57212798467	0.0
317	2016-03-17	11.97	12.0	12.04	11.65	858600	-0.352623622669	-0.0822036938539	-0.02999999999999936	-0.592288348311	-0.254822195879	0.901524435549	-0.914143928567	-1.4417746531	1.0
318	2016-03-18	12.79	12.0	12.91	11.9	1223400	0.116611649627	1.72263030762	0.7899999999999991	0.797053718726	-0.292726474514	0.712042126474	1.47501629647	1.33937266968	1.0
319	2016-03-21	12.88	12.76	13.0	12.66	755200	-0.622455994668	0.232217460084	0.120000000000001	-0.763164034849	-0.313854121764	0.424796698585	-0.719753761824	-1.31549864819	0.0
320	2016-03-22	12.73	12.8	12.9	12.67	449200	-0.643034992001	-0.16061492715	-0.07000000000000028	-1.00453549793	-0.358891441865	0.294004304016	-0.106373978925	0.546159469878	0.0
321	2016-03-23	12.17	12.75	12.81	12.05	865100	0.575098876712	-1.21766956135	-0.5800000000000001	0.215435021895	-0.399526895398	0.124285995004	-0.669842773066	-0.275307265268	1.0
322	2016-03-24	12.18	12.0	12.28	11.72	744800	-0.399481584902	0.38000989189	0.17999999999999972	-0.201162487586	-0.39255132708	-0.111805284773	0.467602391797	0.598630321234	0.0
323	2016-03-28	11.91	12.1	12.16	11.76	513800	-0.556057765205	-0.430910283334	-0.1899999999999995	-0.570181684094	-0.403749144157	-0.441359815922	-0.568707348476	-0.649522457905	0.0
324	2016-03-29	11.51	11.86	11.86	11.44	1340700	1.20062355221	-0.795622735978	-0.34999999999999964	-0.495693653348	-0.406320385389	-0.441359815922	-0.349361687354	0.214036278878	0.0
325	2016-03-30	11.43	11.69	12.12	11.4	1588900	-0.102798813705	-0.603613153709	-0.2599999999999998	0.252012490991	-0.358541228147	-0.347141048119	0.158942329738	0.239022398572	0.0
326	2016-03-31	11.24	11.49	11.58	11.09	960600	-0.634103128377	-0.590851269064	-0.25	-0.292125430192	-0.294507889492	-0.347141048119	-0.328346534192	-0.312594243888	0.0
327	2016-04-01	10.93	11.09	11.21	10.57	1492600	0.234615156997	-0.397232945711	-0.16000000000000014	0.134073379947	-0.195732857908	-0.1386828709	-0.316525510539	0.0568159257313	1.0
328	2016-04-04	12.19	10.98	12.26	10.97	4108500	1.33167313412	2.89446142027	1.209999999999999	1.64485614517	-0.249175307241	0.413394732089	2.03323130232	1.10930816758	0.0
329	2016-04-05	12.04	12.07	12.16	11.52	1848800	-0.77556447926	-0.0818207497066	-0.030000000000001137	-0.00896523208756	-0.329781874466	1.00622123507	-1.47892616978	-2.00184813607	1.0
330	2016-04-06	16.09	14.2	16.26	14.1	15611900	6.5405554789	3.49925409025	1.8900000000000006	2.53251396255	0.997952966193	-0.863550216003	6.29799394702	4.07669818254	1.0
331	2016-04-07	16.309999	16.02	16.4	15.61	3885800	-0.959598003198	0.46194872905	0.28999900000000167	-0.128727369533	2.26380024864	-0.439795660163	-3.46748648247	-5.62118434681	1.0
332	2016-04-08	16.42	16.15	16.74	16.15	1792800	-0.765151533087	0.425393092259	0.2700000000000031	-0.487571092732	3.31053745043	-0.190851365331	0.998237373328	3.3148157317	1.0
333	2016-04-11	16.58	16.559999	16.73	16.34	1137400	-0.606778788203	0.0157272134494	0.02000099999999705	-0.847884860101	4.08002595999	-0.236266084361	0.165508382999	-0.706223920607	0.0
334	2016-04-12	16.41	16.65	16.66	16.299999	1411500	-0.051676933873	-0.396889648626	-0.23999999999999844	-0.897784534952	4.27373441488	-0.120905206971	-0.386137942697	-0.27991901104	0.0
335	2016-04-13	16.41	16.5	16.629999	16.25	885200	-0.613452457977	-0.160239753785	-0.08999999999999986	-0.860468261633	4.03438515489	-0.0537174559965	0.176017141682	0.338582264082	1.0
336	2016-04-14	16.43	16.4	16.49	16.290001	631200	-0.534817258493	0.0321418273579	0.030000000000001137	-1.17014509106	3.27967303738	0.0342828240728	-0.0380747311502	-0.169404557953	1.0
337	2016-04-15	16.49	16.5	16.5	16.4	347600	-0.683404813754	-0.0321805785137	-0.010000000000001563	-1.34391219564	1.86693559534	0.0861748607706	0.0459858814956	0.0477824824576	1.0
338	2016-04-18	16.629999	16.379999	16.66	16.370001	673700	0.586336223285	0.386943523403	0.25	-1.01724254543	0.884440912157	-0.0509590485643	0.13004504935	0.0299071241277	0.0
339	2016-04-19	16.51	16.66	16.66	16.42	557300	-0.430339121869	-0.253978147688	-0.14999999999999858	-1.10522548456	-0.530334603455	-0.257594240229	-0.308642463899	-0.220720204895	0.0
340	2016-04-20	16.51	16.5	16.549999	16.41	503700	-0.360238482439	-0.000165784695962	0.010000000000001563	-1.27522331731	-0.540599870459	-0.560271185251	0.124791523749	0.26554393454	1.0
341	2016-04-21	16.52	16.450001	16.57	16.450001	425400	-0.414481634991	0.0962175672327	0.06999899999999926	-1.30937036711	-0.542856188198	-1.09054157363	-0.0393879155333	-0.128656886436	0.0
342	2016-04-22	16.450001	16.49	16.540001	16.434999	575300	0.0502592624495	-0.0802399968735	-0.03999899999999812	-1.33502990221	-0.543139154484	-1.13285067689	-0.132641475585	-0.0369776622966	1.0
343	2016-04-25	16.49	16.48	16.52	16.4	665700	-0.128415799552	-0.000146358243409	0.00999999999999801	-1.30936863889	-0.543810875878	-1.20417494477	0.102461741412	0.126390660141	1.0
344	2016-04-26	16.530001	16.5	16.549999	16.42	853400	-0.0141821977596	0.0318506098614	0.030000999999998612	-1.29255742111	-0.544224237476	-1.30582032436	-0.0196838452398	-0.0907915175859	0.0
345	2016-04-27	16.5	16.5	16.549999	16.440001	620300	-0.522189785676	-0.0161731816048	0.0	-1.3267638575	-0.544910723453	-1.41774381705	-0.0919286880205	-0.0258335453919	1.0
346	2016-04-28	16.51	16.549999	16.639999	16.48	640700	-0.242122874439	-0.0800077343308	-0.03999899999999812	-1.24124205605	-0.545435635256	-1.56138584654	0.0302256987269	0.0706567945345	0.0
347	2016-04-29	16.440001	16.5	16.620001	16.41	768200	-0.0901019358906	-0.112215962318	-0.059999000000001246	-1.15406135201	-0.545054265476	-1.71409530805	-0.14052242071	-0.0967530135438	1.0
348	2016-05-02	16.459999	16.43	16.49	16.4	491400	-0.601973666653	0.0320520000619	0.02999900000000011	-1.3606504237	-0.54629515322	-1.90116436244	0.0735644610235	0.119278764793	0.0
349	2016-05-03	16.440001	16.459999	16.58	16.389999	466400	-0.318778965895	-0.0482625683407	-0.01999800000000107	-1.18813372845	-0.546140145676	-2.1273656913	-0.0879807288097	-0.104627984988	1.0
350	2016-05-04	16.459999	16.43	16.58	16.41	811300	0.404536369038	0.0320520000619	0.02999900000000011	-1.22255869099	-0.54616064425	-2.40019901618	0.0302192628362	0.0700718502524	0.0
351	2016-05-05	15.57	16.459999	16.540001	13.82	6437200	6.07389993717	-1.44429209877	-0.8899989999999995	3.30518020199	-0.485775402339	-2.73271958138	-1.33181628865	-0.648748176496	0.0
352	2016-05-06	14.58	14.52	14.99	14.31	2996700	-0.761347833523	0.0929681609556	0.0600000000000005	-0.189350218181	-0.247588225281	-2.51915070907	-0.629127358607	0.533855132115	0.0
353	2016-05-09	12.27	14.49	14.5	12.12	5333700	0.441475808467	-4.0627635803	-2.2200000000000006	3.53331062514	0.864818559251	-2.31624591467	-2.68335687266	-1.01700933057	1.0
354	2016-05-10	13.08	12.93	13.4	12.59	2199300	-0.810023525683	0.290232907718	0.15000000000000036	0.252012490991	1.3167048551	-2.22497160047	3.0117493714	2.93829191771	0.0
355	2016-05-11	10.76	12.5	12.63	10.65	5952000	1.28933433444	-3.69275210363	-1.7400000000000002	3.31677645126	2.74222395879	-2.22497160047	-4.72576733322	-4.42550174632	1.0
356	2016-05-12	11.4	10.79	11.59	10.76	6066000	-0.254691782108	1.47700985721	0.6100000000000012	0.60754564976	3.28413088713	-2.22497160047	3.24816984447	4.6942397408	1.0
357	2016-05-13	11.68	12.44	12.76	11.52	2214500	-0.853285783708	-1.62978055489	-0.7599999999999998	1.40267269269	3.3216090746	-2.22497160047	-0.815635398123	-2.84022855224	1.0
358	2016-05-16	12.01	11.9	12.3	11.81	2495800	-0.155970389204	0.22797325024	0.10999999999999943	-0.352525943262	2.89276172942	-2.22497160047	0.365153520135	0.892697729932	1.0
359	2016-05-17	12.99	12.47	13.07	11.85	3726000	0.178870433143	1.08521788077	0.5199999999999996	1.20446037923	2.06510446122	-2.22497160047	1.16372934027	0.326473817498	1.0
360	2016-05-18	13.04	12.85	13.11	12.6	1945700	-0.709488473741	0.374357474499	0.1899999999999995	-0.397648638056	1.03230753764	-1.98372534946	-0.764410962292	-1.04180453709	0.0
361	2016-05-19	12.16	12.88	13.04	12.0	1622700	-0.424143379601	-1.49263184059	-0.7200000000000006	0.841978819406	0.306540867865	-1.78083818295	-1.08226515386	0.117551416678	1.0
362	2016-05-20	12.67	12.17	12.68	12.06	1029800	-0.606600592627	1.06896259899	0.5	-0.0989651219027	-0.108119555804	-1.61145353965	1.53674830888	1.3441776927	0.0
363	2016-05-23	12.35	12.57	12.79	12.21	723800	-0.544155815861	-0.478439297589	-0.22000000000000064	-0.194642551894	-0.106807279578	-1.47226459921	-1.18471402552	-1.6653043239	1.0
364	2016-05-24	12.9	12.35	12.98	12.05	1271300	0.42003044707	1.16007885846	0.5500000000000007	0.575040121586	-0.129985358432	-1.36094644704	1.2005058583	1.41952045362	0.0
365	2016-05-25	11.99	12.6	12.65	11.91	1418400	-0.166328266615	-1.29485929182	-0.6099999999999994	0.192495433248	-0.30804073808	-1.27584860942	-1.92681162153	-1.72815402497	1.0
366	2016-05-26	12.34	12.02	12.48	11.957	595100	-0.803418945958	0.686980359816	0.3200000000000003	-0.297109572727	-0.384520196573	-1.21581715342	1.46450871989	1.98363015592	1.0
367	2016-05-27	12.57	12.17	12.66	12.1	580700	-0.294364802205	0.851935442869	0.40000000000000036	-0.230924453464	-0.433062114371	-1.18008838152	-0.25085315691	-1.21478536574	1.0
368	2016-05-31	12.78	12.62	12.79	12.45	1065800	0.49227940779	0.318688370213	0.16000000000000014	-0.756050589922	-0.451439722754	-0.62510269596	0.161569223883	0.329356831309	0.0
369	2016-06-01	12.63	12.65	12.88	12.45	743600	-0.548880839275	-0.0579316083236	-0.019999999999999574	-0.550324287177	-0.466143777874	-0.62510269596	-0.371690287588	-0.256471575038	1.0
370	2016-06-02	12.67	12.74	12.75	12.56	264400	-0.861979891709	-0.161295186548	-0.07000000000000028	-1.09149111777	-0.486202740172	-0.649817993141	0.228555024586	0.356841562971	0.0
371	2016-06-03	12.53	12.6	12.63	12.37	362800	0.0683695335005	-0.162907653269	-0.07000000000000028	-0.92861921832	-0.497097093372	-0.699571336074	-0.300764145668	-0.323357495448	1.0
372	2016-06-06	12.92	12.6	13.0	12.5	634500	0.413142060693	0.654612974576	0.3200000000000003	-0.4036807021	-0.487275525987	-0.775034309206	0.680380817556	0.512332107832	0.0
373	2016-06-07	12.82	12.81	12.915	12.7	313200	-0.735642291277	0.00444524532696	0.009999999999999787	-1.0397575518	-0.487776651471	-0.877285029321	-0.562140113113	-0.716023976474	0.0
374	2016-06-08	12.61	12.78	12.85	12.545	309100	-0.284200160947	-0.36750924052	-0.16999999999999993	-0.834012548785	-0.495126218514	-1.00791081856	-0.131329473304	0.356264960209	0.0
375	2016-06-09	12.54	12.56	12.75	12.46	190300	-0.623954752092	-0.0582308327189	-0.02000000000000135	-0.860061035507	-0.526567536733	-1.16918343128	0.0433589873504	0.060467743225	0.0
376	2016-06-10	12.18	12.41	12.44	12.15	679500	2.08036538348	-0.505682216811	-0.23000000000000043	-0.846456695547	-0.516777956082	-0.966278636907	-0.533244277516	-0.311825440205	1.0
377	2016-06-13	12.37	12.1	12.57	12.1	371300	-0.687308787997	0.573190068221	0.2699999999999996	-0.425554416425	-0.51202095476	-1.19247996577	0.564797475168	0.587098265991	0.0
378	2016-06-14	12.02	12.29	12.34	11.77	602800	0.298369448037	-0.596425038635	-0.2699999999999996	-0.184839975401	-0.491201692423	-1.46531329065	-0.797247139107	-0.785985111615	1.0
379	2016-06-15	12.08	11.89	12.12	11.8	708900	-0.111140719675	0.405888965656	0.1899999999999995	-0.758083397613	-0.477984610302	-1.79783385583	0.436079662055	0.742973212693	0.0
380	2016-06-16	11.17	11.93	12.04	11.02	1124300	0.264044689799	-1.69876125568	-0.7599999999999998	0.990854434151	-0.360125801691	-0.759458757054	-1.48417995807	-1.03661511223	1.0
381	2016-06-17	11.45	11.23	11.52	11.09	768300	-0.561998160836	0.50125202569	0.21999999999999886	-0.439620306881	-0.310521760321	-0.637900399872	1.23465548219	1.51908053055	1.0
382	2016-06-20	11.51	11.47	11.87	11.298	446000	-0.656128129203	0.0759356410617	0.03999999999999915	-0.102855920786	-0.326596323926	0.596681249038	-0.432108852927	-1.13271557259	0.0
383	2016-06-21	11.22	11.58	11.665	11.17	321800	-0.527069987958	-0.837277997137	-0.35999999999999943	-0.28343274002	-0.333157705059	0.803316440657	-0.422914723419	0.157913610029	0.0
384	2016-06-22	10.75	11.28	11.28	10.68	1144600	2.0677267674	-1.25717217068	-0.5299999999999994	0.0302413669949	-0.289832905435	0.901524435549	-0.418974382201	0.05912233678	0.0
385	2016-06-23	10.74	10.84	10.97	10.5	1218600	-0.213053598035	-0.259828208354	-0.09999999999999964	-0.279521135286	-0.290128167586	0.901524435549	0.319182872594	0.35107553535	0.0
386	2016-06-24	10.7	10.08	10.82	9.9	1246300	-0.251417538303	1.6083870404	0.6199999999999992	0.997525007026	-0.281631179018	0.901524435549	-0.194374932788	-0.360836674988	0.0
387	2016-06-27	10.24	10.55	10.61	10.15	878200	-0.542516918869	-0.792266406144	-0.3100000000000005	-0.259843812223	-0.285299811244	0.148562557036	-0.652767961122	-0.167674749667	1.0
388	2016-06-28	10.43	10.3	10.62	10.3	482300	-0.684782641389	0.317184744313	0.129999999999999	-0.639624085976	-0.315684747101	0.246770551928	0.664619452685	0.703379823025	0.0
389	2016-06-29	10.18	10.53	10.62	10.01	739600	0.216005213705	-0.894071730025	-0.34999999999999964	0.156208194885	-0.376771205454	0.37342028866	-0.679036902574	-0.81154783407	0.0
390	2016-06-30	10.11	10.0	10.27	9.68	1110700	0.186969265966	0.274361072291	0.10999999999999943	0.149637725123	-0.351385221848	0.613541119074	0.156315435593	0.54404525975	0.0
391	2016-07-01	9.95	10.1	10.17	9.86	598600	-0.694164987559	-0.408433650411	-0.15000000000000036	-0.638217179924	-0.361719397134	0.46545011932	-0.254793498127	-0.273193055141	0.0
392	2016-07-05	9.36	9.95	10.003	8.88	1204800	0.65456059505	-1.5823240249	-0.5899999999999999	1.78570721046	-0.347436090579	0.416945223981	-0.746022703276	-0.194390677646	1.0
393	2016-07-06	9.91	9.34	9.97	9.04	948100	-0.467208424635	1.59570656066	0.5700000000000003	1.226794016	-0.403843464011	0.665889518813	1.27274544729	1.02685397259	1.0
394	2016-07-07	11.65	10.01	11.73	10.01	3255800	1.95530679581	4.3111011476	1.6400000000000006	2.99228328549	-0.268318136698	0.779686240491	1.83096045314	-0.0373625254202	1.0
395	2016-07-08	11.68	11.59	11.78	10.84	1036000	-0.896175950215	0.188925907348	0.08999999999999986	0.777360544151	-0.139413242948	0.779686240491	-1.43426896931	-1.68894503715	1.0
396	2016-07-11	12.55	11.99	13.47	11.92	2763200	1.25352024017	1.21742437834	0.5600000000000005	2.06990065238	0.197886856811	0.779686240491	1.66415267493	1.93212030917	1.0
397	2016-07-12	12.62	12.69	13.19	12.6	1239500	-0.776863823829	-0.161866983258	-0.07000000000000028	-0.192572271329	0.473120391911	0.779686240491	-0.713186526461	-1.45061589546	0.0
398	2016-07-13	12.21	12.71	12.8	12.03	727500	-0.650245648633	-1.05520563242	-0.5	0.238217109328	0.586117217102	0.779686240491	-0.450497111943	0.375485052281	1.0
399	2016-07-14	12.69	12.71	13.15	12.38	864400	-0.100006178404	-0.0577344796373	-0.02000000000000135	0.205066481316	0.704488633615	0.779686240491	1.0665342569	0.741243404406	0.0
400	2016-07-15	12.5	12.69	13.04	12.43	558900	-0.595660432251	-0.411627786091	-0.1899999999999995	-0.14119192199	0.670184912876	0.779686240491	-0.845844680793	-1.13579078732	1.0
401	2016-07-18	12.76	12.57	12.974	12.48	571800	-0.251097186677	0.383056645836	0.1899999999999995	-0.408785179649	0.533056148048	0.779686240491	0.654111876105	0.926717292899	1.0
402	2016-07-19	12.77	12.7	12.88	12.67	292300	-0.719557683876	0.129405900519	0.07000000000000028	-1.04791088662	0.0304732171891	0.691685960467	-0.29682380445	-0.605892848902	1.0
403	2016-07-20	13.1	12.85	13.15	12.73	525600	0.458218449835	0.497682944847	0.25	-0.597134875763	-0.382125292459	0.949404549502	0.513573039337	0.47177771356	0.0
404	2016-07-21	12.98	13.18	13.3	12.92	672400	-0.0166156053878	-0.416965365211	-0.1999999999999993	-0.691319925925	-0.426740223649	0.949404549502	-0.496467759484	-0.566683861076	1.0
405	2016-07-22	13.15	13.05	13.16	12.89	405200	-0.635889257551	0.186219193105	0.09999999999999964	-0.930938748632	-0.485696693652	1.10369134138	0.420318297184	0.55480851131	1.0
406	2016-07-25	13.53	13.25	13.68	13.13	918900	0.887993324268	0.541971525708	0.27999999999999936	-0.35001672847	-0.444222203507	1.25871602184	0.338884578683	-0.145379442863	0.0
407	2016-07-26	13.5	13.31	13.65	13.15	863100	-0.327793058583	0.36086054724	0.1899999999999995	-0.457201648312	-0.417517382293	1.28079969414	-0.370376840515	-0.353725240921	0.0
408	2016-07-27	13.39	13.59	13.66	12.98	1044100	-0.0803022992121	-0.404873768796	-0.1999999999999993	-0.0851061404123	-0.451971194626	1.25871602184	-0.0538360960212	0.256512682357	0.0
409	2016-07-28	13.21	13.51	13.51	13.13	273600	-0.947569131342	-0.602676621271	-0.29999999999999893	-0.708603715983	-0.461609863511	1.19152827087	-0.189121144498	-0.0834907463924	1.0
410	2016-07-29	13.23	13.15	13.44	13.0	392700	0.126156152445	0.144509433754	0.08000000000000007	-0.569070217828	-0.492803489592	1.10718763735	0.143180964867	0.161373226602	1.0
411	2016-08-01	14.44	13.32	14.65	13.32	1702000	2.77901743661	2.20467287602	1.1199999999999992	1.20402661129	-0.395248874899	0.761632118828	1.66021233371	0.653023181797	1.0
412	2016-08-02	15.01	14.35	15.29	14.28	1789200	-0.225332836295	1.1986041866	0.6600000000000001	0.437017204705	-0.23063694502	0.801313549748	-0.306017933958	-1.16788834108	0.0
413	2016-08-03	14.92	14.89	15.1	14.705	833400	-0.761104146178	0.0370414689653	0.02999999999999936	-0.763728549409	-0.121668807845	0.853661949487	-0.358555816862	0.223838525835	0.0
414	2016-08-04	14.88	14.9	15.03	14.7	485700	-0.654031522893	-0.0516258056312	-0.019999999999999574	-0.886887524229	-0.0908139130645	0.801313549748	0.152375094375	0.327627023022	0.0
415	2016-08-05	14.71	14.96	15.01	14.65	562800	-0.126947372268	-0.457553611077	-0.25	-0.827150698232	-0.109750059016	0.629428999295	-0.254793498127	-0.261660999897	1.0
416	2016-08-08	14.92	14.73	15.0	14.73	671600	-0.0953018596995	0.324513779083	0.1899999999999995	-0.999015437217	-0.0929914714282	0.212955332549	0.426885532547	0.349153526143	0.0
417	2016-08-09	14.89	15.0	15.03	14.81	726600	-0.197273854312	-0.209862684202	-0.10999999999999943	-1.09813638933	-0.114766234893	0.212955332549	-0.303391039813	-0.43925465064	0.0
418	2016-08-10	14.79	14.99	15.0	14.76	438700	-0.634833620047	-0.368570845376	-0.20000000000000107	-1.05846464207	-0.192846670382	0.165075218595	-0.0840453786908	0.188089154581	1.0
419	2016-08-11	14.94	14.79	15.0	14.7	861800	0.610398653155	0.25169907904	0.15000000000000036	-0.943118033867	-0.338000004336	0.0668672237032	0.278466013344	0.161181025681	1.0
420	2016-08-12	15.0	15.1	15.15	14.9	1020700	-0.10348119962	-0.191088445841	-0.09999999999999964	-1.04446739473	-0.525705535286	-0.0874195681293	-0.0998067435619	-0.240711099539	1.0
421	2016-08-15	16.129999	15.59	16.4	15.1	3605700	2.04549572218	0.898680200922	0.5399990000000017	0.810757183245	-0.42854068484	0.148562557036	1.59453853529	0.829462954312	0.0
422	2016-08-16	16.09	17.27	17.49	15.25	7415200	0.694667847892	-1.82082875668	-1.1799999999999997	2.29608974081	-0.344036639505	-0.00337194716553	-1.10327794282	-1.50731316818	0.0
423	2016-08-17	15.58	15.89	16.23	15.41	1654600	-0.983175873969	-0.53145219475	-0.3100000000000005	-0.0366954328576	-0.334292977696	0.426962940027	-0.425542799666	0.67262548462	1.0
424	2016-08-18	16.01	14.89	16.4	14.88	4752300	1.44112201465	1.97050710635	1.120000000000001	1.27671165407	-0.298055271332	0.596681249038	1.05734039008	0.690119035821	1.0
425	2016-08-19	16.040001	16.0	16.33	15.78	955600	-1.00335946751	0.049858981407	0.040001000000000175	-0.541436579898	-0.297509736124	0.665889518813	-0.508287338345	-0.984720402354	1.0
426	2016-08-22	17.309999	15.72	17.34	15.72	4484300	3.10715459653	2.6552886109	1.5899990000000006	1.26850140377	-0.0793383399294	0.424796698585	1.89794244485	1.29228077251	1.0
427	2016-08-23	19.799999	17.299999	20.25	17.25	8657000	0.579349722709	3.80061965457	2.5	3.07480216754	1.06555079779	-0.310567421353	2.41544650196	-0.0761835941283	0.0
