#index	date	close	open	high	low	volume	percent_change	dollar_change	spread
0	2014-12-11	17.02	14.25	17.50	13.80	19850700	0.19438596491228066	2.7699999999999996	0.23664854493124396	
1	2014-12-12	15.15	16.50	16.50	14.89	6046700	-0.08181818181818179	-1.3499999999999996	0.10173775671406	
2	2014-12-15	14.46	15.21	15.40	13.60	2894900	-0.049309664694280074	-0.75	0.12133468149646111	
3	2014-12-16	13.92	14.46	14.46	13.81	1442600	-0.037344398340249024	-0.5400000000000009	0.04580690627202257	
4	2014-12-17	13.29	13.80	14.00	13.20	1944600	-0.03695652173913055	-0.5100000000000016	0.059062384643780046	
5	2014-12-18	13.76	13.24	14.17	12.91	2092200	0.03927492447129906	0.5199999999999996	0.09333333333333332	
6	2014-12-19	12.56	13.69	13.69	12.01	2619700	-0.0825420014609203	-1.129999999999999	0.12799999999999997	
7	2014-12-22	10.83	12.29	12.30	10.82	2646200	-0.1187957689178193	-1.459999999999999	0.1280276816608997	
8	2014-12-23	11.97	10.85	12.13	10.84	2734900	0.103225806451613	1.120000000000001	0.11305872042068368	
9	2014-12-24	12.03	12.29	12.379	11.75	678900	-0.021155410903173296	-0.2599999999999998	0.05172697368421049	
10	2014-12-26	11.53	12.14	12.35	11.50	779700	-0.050247116968698616	-0.6100000000000012	0.07182087029995772	
11	2014-12-29	11.53	11.63	12.195	11.45	516100	-0.008598452278589975	-0.10000000000000142	0.06433506044905017	
12	2014-12-30	11.87	11.40	11.95	11.32	300400	0.041228070175438496	0.46999999999999886	0.05414697034808758	
13	2014-12-31	12.00	11.82	12.22	11.665	474700	0.015228426395939063	0.17999999999999972	0.046599496221662595	
14	2015-01-02	12.77	12.00	12.80	11.95	781300	0.06416666666666664	0.7699999999999996	0.0686314089624547	
15	2015-01-05	13.09	12.77	13.63	12.42	1266000	0.025058731401722812	0.3200000000000003	0.09358081979891732	
16	2015-01-06	12.16	13.21	13.349	11.88	1167800	-0.07948523845571541	-1.0500000000000007	0.11580607016160815	
17	2015-01-07	12.25	12.34	12.67	11.99	394600	-0.007293354943273895	-0.08999999999999986	0.05530703538023585	
18	2015-01-08	12.08	12.38	12.38	12.06	383200	-0.024232633279483093	-0.3000000000000007	0.02616516762060509	
19	2015-01-09	12.07	12.01	12.33	11.75	658400	0.004995836802664488	0.0600000000000005	0.04817275747508307	
20	2015-01-12	11.97	12.09	12.43	11.76	366100	-0.009925558312655023	-0.11999999999999922	0.05569409808811304	
21	2015-01-13	10.78	12.00	12.07	10.05	1321300	-0.10166666666666672	-1.2200000000000006	0.1773485513608428	
22	2015-01-14	10.73	10.58	10.88	10.30	653400	0.014177693761814778	0.15000000000000036	0.05443453777569216	
23	2015-01-15	11.12	10.71	11.40	10.08	530200	0.03828197945844989	0.40999999999999837	0.12093449381584978	
24	2015-01-16	10.95	11.06	11.189	10.76	149700	-0.009945750452079676	-0.11000000000000121	0.038982280781463	
25	2015-01-20	10.91	10.91	11.15	10.58	270300	0.0	0.0	0.052245646196150346	
26	2015-01-21	11.20	10.85	11.34	10.70	208800	0.032258064516129004	0.34999999999999964	0.05804988662131525	
27	2015-01-22	10.81	11.28	11.28	10.75	712000	-0.04166666666666657	-0.46999999999999886	0.0479855138071525	
28	2015-01-23	10.49	10.74	10.90	10.21	761900	-0.023277467411545624	-0.25	0.06500235515779552	
29	2015-01-26	10.33	10.40	10.67	10.25	226200	-0.006730769230769258	-0.07000000000000028	0.04052098408104196	
30	2015-01-27	10.02	10.20	10.25	9.80	608100	-0.017647058823529384	-0.17999999999999972	0.04451038575667649	
31	2015-01-28	10.28	10.01	10.46	10.01	571000	0.02697302697302693	0.2699999999999996	0.044356826022671374	
32	2015-01-29	9.94	10.22	10.28	9.70	710100	-0.027397260273972712	-0.28000000000000114	0.05753968253968254	
33	2015-01-30	9.84	9.92	10.00	9.818	250100	-0.008064516129032265	-0.08000000000000007	0.018421052631578987	
34	2015-02-02	9.82	9.84	9.98	9.72	285300	-0.002032520325203209	-0.019999999999999574	0.02644964394710069	
35	2015-02-03	10.19	9.94	10.35	9.79	316300	0.025150905432595575	0.25	0.05563835072031799	
36	2015-02-04	10.71	10.30	11.73	10.11	704500	0.03980582524271846	0.41000000000000014	0.15421227986673022	
37	2015-02-05	10.48	10.70	11.17	10.46	393200	-0.020560747663551298	-0.21999999999999886	0.06704438149197348	
38	2015-02-06	10.335	10.56	10.83	10.30	194400	-0.021306818181818146	-0.22499999999999964	0.050729839674563224	
39	2015-02-09	10.38	10.31	10.50	10.31	130000	0.006789524733268698	0.07000000000000028	0.018366360560657272	
40	2015-02-10	10.27	10.40	10.64	10.18	183100	-0.012500000000000075	-0.13000000000000078	0.044508950169327606	
41	2015-02-11	10.25	10.23	10.441	10.18	81800	0.0019550342130986876	0.019999999999999574	0.0254882812500001	
42	2015-02-12	11.49	10.39	11.59	10.33	598400	0.1058710298363811	1.0999999999999996	0.11517367458866541	
43	2015-02-13	11.02	11.60	12.17	11.01	754800	-0.05000000000000001	-0.5800000000000001	0.10256410256410259	
44	2015-02-17	11.22	11.12	11.364	11.00	148200	0.008992805755395811	0.10000000000000142	0.03258728737690249	
45	2015-02-18	11.21	11.30	11.30	11.09	98900	-0.007964601769911492	-0.08999999999999986	0.018658374055975195	
46	2015-02-19	11.15	11.12	11.405	11.11	47500	0.0026978417266188075	0.030000000000001137	0.026493039964077227	
47	2015-02-20	11.50	11.40	11.58	11.11	204500	0.008771929824561372	0.09999999999999964	0.04104803493449787	
48	2015-02-23	11.50	11.50	11.73	11.414	175900	0.0	0.0	0.027478260869565282	
49	2015-02-24	12.27	11.60	12.28	11.50	420700	0.05775862068965517	0.6699999999999999	0.06535400083787175	
50	2015-02-25	12.52	12.30	12.71	12.04	520000	0.017886178861788525	0.21999999999999886	0.053988718775181445	
51	2015-02-26	12.52	12.72	12.81	12.40	773300	-0.015723270440251656	-0.20000000000000107	0.032488114104595886	
52	2015-02-27	11.31	12.33	12.615	11.25	349700	-0.08272506082725058	-1.0199999999999996	0.11548223350253808	
53	2015-03-02	12.00	11.85	12.88	11.40	722300	0.012658227848101297	0.15000000000000036	0.12410901467505243	
54	2015-03-03	12.18	11.89	12.45	11.71	1382900	0.024390243902438952	0.28999999999999915	0.06148732862484407	
55	2015-03-04	12.55	12.07	12.85	12.03	1168000	0.03976801988400998	0.4800000000000004	0.06661251015434608	
56	2015-03-05	11.09	12.60	12.60	10.50	1982900	-0.11984126984126983	-1.5099999999999998	0.1772899957788096	
57	2015-03-06	11.03	10.69	11.25	10.58	996100	0.03180542563143123	0.33999999999999986	0.06169429097605893	
58	2015-03-09	10.93	10.99	11.08	10.70	336700	-0.0054595086442220655	-0.0600000000000005	0.0346715328467154	
59	2015-03-10	10.44	10.85	10.95	10.37	768600	-0.037788018433179735	-0.41000000000000014	0.05448567402536403	
60	2015-03-11	10.62	10.50	10.69	10.30	1095600	0.011428571428571354	0.11999999999999922	0.03693181818181807	
61	2015-03-12	10.28	10.57	10.66	10.20	257500	-0.027436140018921563	-0.2900000000000009	0.04412470023980823	
62	2015-03-13	10.02	10.30	10.50	10.00	502000	-0.027184466019417583	-0.28000000000000114	0.049212598425196846	
63	2015-03-16	10.30	10.00	10.55	10.00	449300	0.030000000000000072	0.3000000000000007	0.05418719211822667	
64	2015-03-17	10.00	10.30	10.30	10.00	255400	-0.029126213592233077	-0.3000000000000007	0.029556650246305487	
65	2015-03-18	10.01	10.20	10.20	9.83	250100	-0.018627450980392108	-0.1899999999999995	0.03661553686293906	
66	2015-03-19	10.02	10.00	10.19	9.96	159000	0.0019999999999999575	0.019999999999999574	0.022977022977022844	
67	2015-03-20	10.41	10.27	10.55	10.04	346100	0.01363193768257065	0.14000000000000057	0.04932301740812394	
68	2015-03-23	10.40	10.38	10.50	9.96	733300	0.0019267822736030416	0.019999999999999574	0.05197305101058702	
69	2015-03-24	10.44	10.35	10.50	10.09	434000	0.00869565217391303	0.08999999999999986	0.03944203944203946	
70	2015-03-25	10.29	10.23	10.44	10.10	276600	0.005865102639296063	0.05999999999999872	0.033138401559454175	
71	2015-03-26	10.52	10.08	10.53	10.06	271300	0.0436507936507936	0.4399999999999995	0.04563106796116494	
72	2015-03-27	10.70	10.46	10.88	10.418	321000	0.02294455066921591	0.23999999999999844	0.04366729678638956	
73	2015-03-30	10.50	10.68	10.88	10.40	277700	-0.016853932584269638	-0.17999999999999972	0.04532577903682724	
74	2015-03-31	10.60	10.52	10.64	10.40	306200	0.0076045627376425924	0.08000000000000007	0.02272727272727275	
75	2015-04-01	10.59	10.63	10.74	10.15	313500	-0.003762935089369795	-0.040000000000000924	0.05560791705937793	
76	2015-04-02	10.51	10.38	10.65	9.50	978200	0.012524084778419941	0.129999999999999	0.11010052656773579	
77	2015-04-06	10.85	10.43	10.99	10.35	267100	0.040268456375838924	0.41999999999999993	0.060150375939849676	
78	2015-04-07	10.50	10.61	10.90	10.46	159500	-0.010367577756833123	-0.10999999999999943	0.04168640454760772	
79	2015-04-08	11.17	10.34	11.49	10.34	469900	0.08027079303675048	0.8300000000000001	0.10692701069270111	
80	2015-04-09	11.96	11.11	12.12	10.90	794200	0.07650765076507664	0.8500000000000014	0.1057650628521889	
81	2015-04-10	11.52	12.00	12.18	11.52	192500	-0.040000000000000036	-0.4800000000000004	0.05612244897959185	
82	2015-04-13	11.20	11.49	11.93	10.92	348300	-0.025239338555265528	-0.2900000000000009	0.0890260026443367	
83	2015-04-14	11.41	11.06	11.46	10.93	184300	0.03164556962025313	0.34999999999999964	0.047174009790832326	
84	2015-04-15	10.99	11.39	11.39	10.90	365200	-0.03511852502194911	-0.40000000000000036	0.04378909740840037	
85	2015-04-16	11.26	11.03	11.40	10.952	232600	0.020852221214868582	0.23000000000000043	0.040197397936294336	
86	2015-04-17	10.92	11.16	11.47	10.86	210400	-0.02150537634408604	-0.2400000000000002	0.05525362318840591	
87	2015-04-20	10.99	11.00	11.267	10.75	309500	-0.0009090909090908897	-0.009999999999999787	0.047021373351523364	
88	2015-04-21	11.00	11.09	11.138	10.94	277000	-0.008115419296663649	-0.08999999999999986	0.01792666364870986	
89	2015-04-22	11.20	11.07	11.73	10.955	706600	0.011743450767840922	0.129999999999999	0.06960035922766056	
90	2015-04-23	11.39	11.10	11.80	11.10	566700	0.02612612612612621	0.2900000000000009	0.062249888839484305	
91	2015-04-24	12.41	11.40	12.47	11.40	591200	0.08859649122807016	1.0099999999999998	0.0898782024359513	
92	2015-04-27	11.93	12.40	12.40	11.81	543200	-0.03790322580645166	-0.47000000000000064	0.04849979449239621	
93	2015-04-28	11.70	12.52	12.727	11.60	528200	-0.06549520766773165	-0.8200000000000003	0.09306358381502897	
94	2015-04-29	11.36	11.53	11.73	11.30	204100	-0.014744145706851687	-0.16999999999999993	0.03757099169943204	
95	2015-04-30	11.05	11.30	11.42	10.90	319700	-0.022123893805309734	-0.25	0.04653243847874716	
96	2015-05-01	11.17	11.05	11.31	10.90	200100	0.010859728506787259	0.11999999999999922	0.036903690369036915	
97	2015-05-04	11.26	11.21	11.45	11.07	756300	0.004460303300624347	0.049999999999998934	0.03382287494437018	
98	2015-05-05	10.88	11.25	11.26	10.56	195600	-0.03288888888888882	-0.3699999999999992	0.06326253953908714	
99	2015-05-06	10.96	10.85	11.10	10.67	115200	0.01013824884792638	0.11000000000000121	0.03943145346171478	
100	2015-05-07	10.93	11.00	11.25	10.80	121100	-0.00636363636363639	-0.07000000000000028	0.041039671682626476	
101	2015-05-08	11.29	11.01	11.50	10.96	227500	0.025431425976385046	0.27999999999999936	0.048430493273542534	
102	2015-05-11	11.07	11.32	11.59	11.01	414400	-0.022084805653710248	-0.25	0.05180884323358643	
103	2015-05-12	11.10	11.00	11.31	10.82	298700	0.00909090909090906	0.09999999999999964	0.04434389140271495	
104	2015-05-13	10.98	11.18	11.33	10.96	228400	-0.017889087656529454	-0.1999999999999993	0.03339350180505408	
105	2015-05-14	12.38	11.06	12.48	10.88	1040200	0.11934900542495482	1.3200000000000003	0.13651877133105797	
106	2015-05-15	12.39	12.49	12.75	11.73	702000	-0.008006405124099251	-0.09999999999999964	0.08199356913183276	
107	2015-05-18	12.82	12.30	13.16	12.01	1501300	0.042276422764227606	0.5199999999999996	0.09156050955414015	
108	2015-05-19	16.27	15.22	16.35	14.55	9333800	0.06898817345597891	1.049999999999999	0.11432200698634491	
109	2015-05-20	17.200001	15.82	19.146	15.36	6262700	0.08723141592920354	1.380001	0.22931555937869302	
110	2015-05-21	16.85	17.60	18.370001	16.219999	2244900	-0.04261363636363636	-0.75	0.12481869375907094	
111	2015-05-22	17.90	16.98	18.65	16.98	2060200	0.0541813898704357	0.9199999999999982	0.09575688073394487	
112	2015-05-26	18.940001	17.889999	19.379999	17.290001	2319100	0.05869212178267865	1.0500019999999992	0.1134943252783058	
113	2015-05-27	19.110001	18.879999	19.889999	18.35	1253300	0.01218230996728331	0.23000199999999893	0.08107391418794409	
114	2015-05-28	18.34	18.700001	18.709999	16.690001	1718300	-0.019251389344845514	-0.36000100000000046	0.10907116336200967	
115	2015-05-29	18.059999	18.43	19.09	17.77	806300	-0.020076017362995035	-0.37000099999999847	0.07234859063712226	
116	2015-06-01	17.02	18.50	18.90	16.950001	1339800	-0.08000000000000003	-1.4800000000000004	0.1097972409909909	
117	2015-06-02	17.049999	17.07	17.90	16.91	913700	-0.0011717047451669947	-0.0200010000000006	0.05803048235728251	
118	2015-06-03	17.51	17.280001	17.60	16.91	605700	0.013310126544553033	0.22999900000000295	0.03966656971352207	
119	2015-06-04	16.98	17.32	18.09	16.92	1075400	-0.019630484988452646	-0.33999999999999986	0.06822157434402322	
120	2015-06-05	17.129999	17.00	18.10	16.51	2055100	0.00764700000000009	0.12999900000000153	0.09317316417149617	
121	2015-06-08	17.040001	17.299999	18.120001	17.01	1496400	-0.015028786995883614	-0.2599979999999995	0.06464769947582975	
122	2015-06-09	16.00	16.559999	16.68	15.06	3932100	-0.03381636677635072	-0.5599990000000012	0.09950860256476046	
123	2015-06-10	15.80	15.61	16.10	15.60	1803800	0.01217168481742481	0.19000000000000128	0.03183699458771103	
124	2015-06-11	15.46	15.80	16.00	15.39	2254600	-0.02151898734177214	-0.33999999999999986	0.039027511196417106	
125	2015-06-12	15.65	15.45	15.97	15.15	3391200	0.012944983818770297	0.20000000000000107	0.05273311897106111	
126	2015-06-15	15.63	15.82	15.88	15.11	3110500	-0.012010113780025252	-0.1899999999999995	0.048966613672496107	
127	2015-06-16	15.60	15.51	15.78	15.13	2011100	0.0058027079303674955	0.08999999999999986	0.04178720668595298	
128	2015-06-17	16.41	15.90	17.09	15.84	4370900	0.032075471698113193	0.5099999999999998	0.0773754255648406	
129	2015-06-18	16.99	16.50	17.379999	16.336	2025600	0.029696969696969604	0.48999999999999844	0.0623469095252316	
130	2015-06-19	16.83	16.92	17.299999	16.60	2673700	-0.005319148936170414	-0.09000000000000341	0.04148142222222212	
131	2015-06-22	15.69	16.860001	17.00	15.64	1566000	-0.06939507298961613	-1.170001000000001	0.08356374551263451	
132	2015-06-23	17.24	17.26	17.799999	17.08	6264200	-0.0011587485515644916	-0.020000000000003126	0.0417390724637682	
133	2015-06-24	17.219999	17.24	17.57	17.16	1286800	-0.001160150812064794	-0.02000099999999705	0.023795705855940402	
134	2015-06-25	17.059999	17.10	17.25	16.85	1169300	-0.0023392397660818814	-0.040001000000000175	0.023419204432646418	
135	2015-06-26	16.530001	16.879999	16.93	16.25	1181400	-0.02073447990133192	-0.3499980000000029	0.04070637533672552	
136	2015-06-29	15.83	16.049999	16.50	15.80	1201000	-0.013707103657763444	-0.2199989999999996	0.043914681427687584	
137	2015-06-30	16.10	16.200001	16.66	15.93	1214600	-0.006172900853524571	-0.1000009999999989	0.0452012369906738	
138	2015-07-01	15.88	16.139999	16.40	15.80	896000	-0.016108984889032445	-0.25999899999999876	0.03747657830969938	
139	2015-07-02	16.110001	16.00	16.207001	15.83	341800	0.006875062500000029	0.11000100000000046	0.0234818429311168	
140	2015-07-06	14.75	15.80	15.82	14.54	2094000	-0.0664556962025317	-1.0500000000000007	0.08379705400982004	
141	2015-07-07	13.96	14.58	15.17	12.80	2547300	-0.04252400548696839	-0.6199999999999992	0.166082690960056	
142	2015-07-08	13.68	12.91	13.94	12.91	1176200	0.05964368706429121	0.7699999999999996	0.07747273411056783	
143	2015-07-09	15.05	15.45	16.25	15.024	1588800	-0.02588996763754036	-0.3999999999999986	0.08039344262295088	
144	2015-07-10	15.28	15.51	15.77	15.15	859900	-0.014829142488716985	-0.23000000000000043	0.040272815849301674	
145	2015-07-13	15.73	15.50	15.94	15.28	402500	0.014838709677419383	0.23000000000000043	0.042267050912584064	
146	2015-07-14	16.10	15.62	16.219999	15.571	962500	0.030729833546735096	0.4800000000000022	0.040920491803278794	
147	2015-07-15	15.57	16.00	16.00	15.18	1144800	-0.026874999999999982	-0.4299999999999997	0.051948051948051965	
148	2015-07-16	15.77	15.73	15.98	15.72	769500	0.0025429116338206706	0.03999999999999915	0.016507936507936496	
149	2015-07-17	16.00	16.00	16.15	15.63	612600	0.0	0.0	0.03249999999999986	
150	2015-07-20	15.93	15.99	16.379999	15.67	604900	-0.003752345215759881	-0.0600000000000005	0.044486152882205615	
151	2015-07-21	15.93	15.86	16.00	15.70	291300	0.004413619167717546	0.07000000000000028	0.018873859704309576	
152	2015-07-22	16.200001	15.73	16.24	15.73	184700	0.029879275270184354	0.4700009999999999	0.031944878423273336	
153	2015-07-23	16.00	16.25	16.65	15.91	481900	-0.015384615384615385	-0.25	0.04589147286821696	
154	2015-07-24	15.97	15.99	16.139999	15.81	188600	-0.00125078173858659	-0.019999999999999574	0.02065075093867328	
155	2015-07-27	15.72	15.60	15.88	15.33	414100	0.007692307692307756	0.120000000000001	0.035121328224776545	
156	2015-07-28	15.94	15.71	16.02	15.412	398200	0.014640356460852873	0.22999999999999865	0.03842022116903626	
157	2015-07-29	16.059999	15.93	16.27	15.68	212000	0.008160640301318363	0.12999900000000153	0.03688652819276424	
158	2015-07-30	16.18	15.81	16.32	15.80	385300	0.02340290955091709	0.3699999999999992	0.032510159424820224	
159	2015-07-31	16.190001	16.15	16.35	16.10	151300	0.0024768421052631688	0.040001000000000175	0.015460729268375719	
160	2015-08-03	16.52	16.139999	16.58	15.92	503800	0.023544053503349042	0.38000100000000003	0.04041641275004316	
161	2015-08-04	16.459999	16.42	16.58	16.32	325400	0.0024359926918391056	0.03999899999999812	0.01581508563914482	
162	2015-08-05	16.40	16.459999	17.00	16.32	533700	-0.0036451399541398057	-0.059999000000001246	0.041387706676436584	
163	2015-08-06	16.040001	16.34	16.584	15.88	287600	-0.018359791921664606	-0.2999989999999997	0.04348363052860924	
164	2015-08-07	15.95	16.030001	16.32	15.93	188400	-0.0049907046169241865	-0.08000099999999932	0.024390243139767294	
165	2015-08-10	16.469999	16.15	16.52	16.00	160100	0.019814179566563644	0.3199990000000028	0.03188228178670389	
166	2015-08-11	15.89	16.299999	16.50	15.80	249300	-0.025153314426583653	-0.4099989999999991	0.04349176898079427	
167	2015-08-12	15.68	15.70	15.95	15.60	632500	-0.0012738853503184442	-0.019999999999999574	0.022307202039515594	
168	2015-08-13	15.72	15.67	16.02	15.67	373100	0.0031908104658583732	0.05000000000000071	0.022300095571838142	
169	2015-08-14	16.129999	15.63	16.219999	15.63	293900	0.031989699296225256	0.49999900000000075	0.03715359059047833	
170	2015-08-17	16.360001	16.08	16.52	16.08	543900	0.017412997512437946	0.28000100000000216	0.02712700286291615	
171	2015-08-18	16.120001	16.17	16.309	15.90	287900	-0.0030920841063700206	-0.049999000000003235	0.025332919624251524	
172	2015-08-19	15.98	15.98	16.25	15.65	776700	0.0	0.0	0.03754693366708383	
173	2015-08-20	14.81	15.50	15.98	14.65	2539200	-0.04451612903225803	-0.6899999999999995	0.08775981524249422	
174	2015-08-21	13.78	14.68	14.69	13.30	1788000	-0.06130790190735697	-0.9000000000000004	0.09768095572733652	
175	2015-08-24	12.29	12.40	12.90	10.71	2222800	-0.008870967741935581	-0.11000000000000121	0.17739975698663424	
176	2015-08-25	12.42	13.07	13.26	12.40	571500	-0.04973221117061977	-0.6500000000000004	0.06747744213417022	
177	2015-08-26	11.94	12.65	12.74	11.55	832600	-0.0561264822134388	-0.7100000000000009	0.09678731191541273	
178	2015-08-27	12.30	12.68	12.97	12.00	1500600	-0.029968454258675	-0.379999999999999	0.07766212970376306	
179	2015-08-28	12.37	12.11	12.60	12.11	430300	0.02146985962014862	0.2599999999999998	0.040032679738562116	
180	2015-08-31	11.66	12.35	12.428	11.63	393700	-0.055870445344129514	-0.6899999999999995	0.0664723032069971	
181	2015-09-01	11.28	11.40	11.59	11.11	594200	-0.01052631578947377	-0.120000000000001	0.04232804232804237	
182	2015-09-02	10.99	11.33	11.609	10.89	420800	-0.030008826125330967	-0.33999999999999986	0.06442652329749099	
183	2015-09-03	10.97	11.00	11.08	10.85	202500	-0.002727272727272669	-0.02999999999999936	0.020937642239417426	
184	2015-09-04	10.84	10.87	10.94	10.55	300700	-0.0027598896044157646	-0.02999999999999936	0.03592814371257474	
185	2015-09-08	10.99	11.32	11.56	10.91	1040200	-0.029151943462897532	-0.33000000000000007	0.05826983415508743	
186	2015-09-09	11.53	11.20	11.64	11.20	794200	0.029464285714285724	0.33000000000000007	0.03871535415750122	
187	2015-09-10	11.56	11.44	11.60	11.19	513700	0.010489510489510577	0.120000000000001	0.03565217391304349	
188	2015-09-11	11.52	11.54	11.54	11.24	444500	-0.0017331022530328922	-0.019999999999999574	0.026019080659149953	
189	2015-09-14	11.02	11.50	11.55	10.94	569600	-0.04173913043478265	-0.4800000000000004	0.054174067495559614	
190	2015-09-15	10.98	11.05	11.16	10.69	439100	-0.006334841628959301	-0.07000000000000028	0.04266908760780759	
191	2015-09-16	11.00	11.06	11.27	10.92	1001000	-0.005424954792043445	-0.0600000000000005	0.03173164097914774	
192	2015-09-17	11.04	10.91	11.25	10.91	365900	0.011915673693858753	0.129999999999999	0.030979498861047824	
193	2015-09-18	10.99	10.87	11.06	10.87	149200	0.011039558417663386	0.120000000000001	0.01738334858188484	
194	2015-09-21	11.04	11.10	11.56	10.99	507700	-0.005405405405405451	-0.0600000000000005	0.051490514905149075	
195	2015-09-22	11.06	10.95	11.305	10.89	576300	0.010045662100456732	0.11000000000000121	0.03771013175829161	
196	2015-09-23	10.96	11.04	11.12	10.88	264300	-0.007246376811594049	-0.0799999999999983	0.021818181818181678	
197	2015-09-24	12.04	10.95	12.17	10.95	1065700	0.09954337899543378	1.0899999999999999	0.10613310134841242	
198	2015-09-25	12.46	12.04	13.65	12.04	1270500	0.0348837209302327	0.4200000000000017	0.13142857142857153	
199	2015-09-28	12.05	12.32	12.63	11.78	543200	-0.02191558441558438	-0.2699999999999996	0.06975789905621678	
200	2015-09-29	12.11	11.99	12.19	11.82	215200	0.010008340283569577	0.11999999999999922	0.030705394190871302	
201	2015-09-30	12.50	12.20	12.77	12.162	772800	0.024590163934426288	0.3000000000000007	0.049230769230769134	
202	2015-10-01	12.49	12.55	12.74	12.36	384700	-0.004780876494023944	-0.0600000000000005	0.030351437699680576	
203	2015-10-02	13.00	12.60	13.18	12.50	747600	0.03174603174603177	0.40000000000000036	0.05312499999999998	
204	2015-10-05	13.00	13.14	13.50	12.82	984700	-0.010654490106544944	-0.14000000000000057	0.05202754399387909	
205	2015-10-06	13.00	13.07	13.16	12.91	504200	-0.0053557765876052245	-0.07000000000000028	0.019179133103183737	
206	2015-10-07	12.98	13.23	13.33	12.72	1030500	-0.01889644746787604	-0.25	0.04654711942006863	
207	2015-10-08	12.98	12.90	13.07	12.72	472100	0.006201550387596904	0.08000000000000007	0.027047913446676942	
208	2015-10-09	12.62	13.01	13.25	12.51	1393700	-0.02997694081475792	-0.39000000000000057	0.057744830277019134	
209	2015-10-12	13.50	12.75	13.57	12.75	894700	0.058823529411764705	0.75	0.0624761904761905	
210	2015-10-13	13.32	13.42	13.62	13.19	734500	-0.007451564828613983	-0.09999999999999964	0.03216155572176512	
211	2015-10-14	12.78	13.37	13.54	12.665	883200	-0.04412864622288705	-0.5899999999999999	0.06692160611854685	
212	2015-10-15	13.01	12.88	13.30	12.75	806700	0.010093167701863276	0.129999999999999	0.04248744689069144	
213	2015-10-16	13.11	13.20	13.51	13.01	1017100	-0.0068181818181818074	-0.08999999999999986	0.03800836183960472	
214	2015-10-19	13.19	13.12	13.30	12.88	673500	0.005335365853658559	0.07000000000000028	0.03192702394526795	
215	2015-10-20	13.14	13.23	13.322	13.10	402200	-0.0068027210884353635	-0.08999999999999986	0.016837315130830453	
216	2015-10-21	12.86	13.14	13.14	12.73	420400	-0.021308980213089888	-0.28000000000000114	0.03153846153846155	
217	2015-10-22	12.69	12.99	13.08	12.62	559100	-0.023094688221709063	-0.3000000000000007	0.03582554517133963	
218	2015-10-23	12.75	13.00	13.10	12.61	585300	-0.019230769230769232	-0.25	0.03805825242718448	
219	2015-10-26	12.65	12.69	12.95	12.50	907400	-0.00315208825847117	-0.03999999999999915	0.03551696921862662	
220	2015-10-27	12.84	12.65	12.86	12.54	424600	0.015019762845849762	0.1899999999999995	0.025107885445272676	
221	2015-10-28	12.78	12.90	12.90	12.66	419200	-0.009302325581395425	-0.120000000000001	0.018691588785046745	
222	2015-10-29	13.27	12.66	13.55	12.66	1133800	0.04818325434439174	0.6099999999999994	0.06864635557269576	
223	2015-10-30	13.43	13.32	13.64	13.30	730600	0.008258258258258216	0.10999999999999943	0.02542056074766354	
224	2015-11-02	12.89	13.40	13.428	12.80	1074100	-0.0380597014925373	-0.5099999999999998	0.047774819322936486	
225	2015-11-03	13.34	12.92	13.42	12.91	588900	0.03250773993808049	0.41999999999999993	0.03884234577303883	
226	2015-11-04	13.79	13.35	14.03	13.31	1777600	0.032958801498127306	0.4399999999999995	0.053058216654384587	
227	2015-11-05	13.42	13.67	13.98	13.28	422700	-0.018288222384784197	-0.25	0.051679586563307574	
228	2015-11-06	14.19	13.73	14.28	13.66	965800	0.033503277494537444	0.4599999999999991	0.04441260744985667	
229	2015-11-09	13.30	14.27	14.42	13.17	1500400	-0.06797477224947435	-0.9699999999999989	0.09067827348567283	
230	2015-11-10	13.18	13.35	13.60	13.06	756700	-0.01273408239700374	-0.16999999999999993	0.04070863173765542	
231	2015-11-11	12.78	13.26	13.26	12.75	1561000	-0.036199095022624465	-0.4800000000000004	0.03917050691244238	
232	2015-11-12	13.25	12.91	13.318	12.73	758500	0.026336173508907813	0.33999999999999986	0.04495412844036691	
233	2015-11-13	12.67	12.99	13.42	12.60	988500	-0.024634334103156297	-0.3200000000000003	0.06391270459859706	
234	2015-11-16	12.62	12.60	12.83	12.16	1791600	0.0015873015873015535	0.019999999999999574	0.05313243457573354	
235	2015-11-17	12.60	12.62	13.05	12.37	906600	-0.001584786053882692	-0.019999999999999574	0.05392545598731178	
236	2015-11-18	12.63	12.55	12.79	12.51	775500	0.006374501992031878	0.08000000000000007	0.022239872915011862	
237	2015-11-19	12.82	12.78	13.015	12.51	1887700	0.0031298904538341883	0.040000000000000924	0.03945312500000006	
238	2015-11-20	12.90	12.65	13.17	12.62	1431400	0.019762845849802372	0.25	0.04305283757338557	
239	2015-11-23	13.95	12.88	14.09	12.85	1475300	0.08307453416149056	1.0699999999999985	0.09243384271338057	
240	2015-11-24	13.42	13.56	13.823	13.22	1464100	-0.010324483775811251	-0.14000000000000057	0.044699777613046686	
241	2015-11-25	13.40	13.18	13.65	13.16	1142800	0.016691957511380928	0.22000000000000064	0.03686982693754705	
242	2015-11-27	13.20	13.20	13.38	12.99	657200	0.0	0.0	0.02954545454545459	
243	2015-11-30	13.27	13.21	13.68	13.15	1614000	0.004542013626040781	0.05999999999999872	0.04003021148036249	
244	2015-12-01	13.96	13.61	14.21	13.57	1902200	0.025716385011021414	0.3500000000000014	0.04642727602466453	
245	2015-12-02	13.93	13.89	14.13	13.83	1560700	0.002879769618430464	0.03999999999999915	0.021567217828900122	
246	2015-12-03	14.09	14.07	14.28	13.91	2139900	0.0014214641080312418	0.019999999999999574	0.026278409090909036	
247	2015-12-04	14.23	14.03	14.36	14.03	1904200	0.014255167498218181	0.20000000000000107	0.023354564755838646	
248	2015-12-07	15.14	14.35	15.22	14.35	1915500	0.055052264808362436	0.7900000000000009	0.05900305188199396	
249	2015-12-08	15.15	14.98	15.25	14.85	2028200	0.011348464619492652	0.16999999999999993	0.026551609691337557	
250	2015-12-09	14.99	15.15	15.33	14.90	1021600	-0.01056105610561057	-0.16000000000000014	0.028533510285335083	
251	2015-12-10	14.92	15.00	15.04	14.60	1160200	-0.005333333333333338	-0.08000000000000007	0.029411764705882318	
252	2015-12-11	14.68	14.99	15.03	14.22	886400	-0.020680453635757205	-0.3100000000000005	0.054600606673407395	
253	2015-12-14	15.02	14.70	15.09	14.651	802700	0.021768707482993217	0.3200000000000003	0.02954239569313594	
254	2015-12-15	15.47	15.10	15.50	14.98	1131000	0.02450331125827821	0.370000000000001	0.03402028132155705	
255	2015-12-16	15.67	15.50	15.88	15.48	841100	0.010967741935483867	0.16999999999999993	0.025665704202759085	
256	2015-12-17	15.32	15.86	15.86	15.23	682700	-0.03404791929382088	-0.5399999999999991	0.0404105195638229	
257	2015-12-18	15.65	15.60	15.98	15.32	1204600	0.0032051282051282506	0.05000000000000071	0.04224000000000001	
258	2015-12-21	16.049999	15.87	16.25	15.79	1589600	0.01134209199747955	0.17999900000000046	0.028822056040791286	
259	2015-12-22	16.459999	16.030001	16.50	16.030001	1446000	0.02682457724113687	0.4299980000000012	0.028931917513081037	
260	2015-12-23	16.42	16.49	16.50	16.23	1046200	-0.004244996967859111	-0.06999999999999673	0.01640838650865996	
261	2015-12-24	16.49	16.370001	16.59	16.26	423400	0.0073304210549528966	0.11999899999999997	0.020085209370504786	
262	2015-12-28	16.040001	16.42	16.49	16.00	798700	-0.023142448233861235	-0.37999900000000153	0.03019100338290183	
263	2015-12-29	16.129999	16.110001	16.25	16.00	604400	0.0012413407050689239	0.01999800000000107	0.015508684863523572	
264	2015-12-30	16.049999	16.15	16.15	15.97	660800	-0.006192012383900861	-0.1000009999999989	0.011180124570811195	
265	2015-12-31	16.02	16.00	16.120001	16.00	706800	0.0012499999999999734	0.019999999999999574	0.007495377888819393	
266	2016-01-04	15.46	15.65	15.65	15.20	1471700	-0.012140575079872172	-0.1899999999999995	0.02892960462873681	
267	2016-01-05	15.64	15.55	16.07	15.483	950700	0.005787781350482306	0.08999999999999986	0.03764026931708879	
268	2016-01-06	15.55	15.46	15.90	15.32	1037600	0.005821474773609305	0.08999999999999986	0.03740728797162206	
269	2016-01-07	14.41	15.15	15.34	14.40	1773200	-0.048844884488448856	-0.7400000000000002	0.06359945872801079	
270	2016-01-08	14.33	14.96	14.99	14.29	1606800	-0.04211229946524069	-0.6300000000000008	0.04779788323659959	
271	2016-01-11	13.44	14.03	14.04	13.09	2837100	-0.0420527441197434	-0.5899999999999999	0.06916636330542406	
272	2016-01-12	13.79	13.35	13.88	13.21	1771400	0.032958801498127306	0.4399999999999995	0.049373618275607954	
273	2016-01-13	13.60	13.72	14.005	13.49	1115600	-0.008746355685131267	-0.120000000000001	0.03770131771595905	
274	2016-01-14	13.51	13.80	13.80	13.20	841900	-0.021014492753623253	-0.2900000000000009	0.043939948736726575	
275	2016-01-15	12.99	13.44	13.44	12.71	1205500	-0.03348214285714281	-0.4499999999999993	0.055240257283389986	
276	2016-01-19	12.80	13.48	13.75	12.49	1929400	-0.050445103857566745	-0.6799999999999997	0.09589041095890409	
277	2016-01-20	12.29	12.60	12.80	11.55	1872300	-0.024603174603174644	-0.3100000000000005	0.1004419445560466	
278	2016-01-21	12.48	12.20	12.96	11.80	988400	0.022950819672131244	0.28000000000000114	0.09400324149108591	
279	2016-01-22	12.40	12.81	12.99	12.40	1149800	-0.03200624512099923	-0.41000000000000014	0.04680682268940895	
280	2016-01-25	12.08	12.48	12.51	12.06	678700	-0.032051282051282076	-0.40000000000000036	0.036644951140065087	
281	2016-01-26	12.37	12.01	12.40	11.78	734600	0.02997502081598663	0.35999999999999943	0.0508613617719443	
282	2016-01-27	11.93	12.34	12.39	11.89	512200	-0.033225283630470025	-0.41000000000000014	0.04120313143798929	
283	2016-01-28	11.75	11.98	12.15	11.67	587300	-0.019198664440734592	-0.23000000000000043	0.04045512010113784	
284	2016-01-29	11.91	11.81	12.10	11.71	545700	0.008467400508044001	0.09999999999999964	0.03288364249578405	
285	2016-02-01	11.76	11.79	11.97	11.59	637500	-0.00254452926208646	-0.02999999999999936	0.03227176220806801	
286	2016-02-02	11.17	11.75	11.78	11.13	1294800	-0.04936170212765958	-0.5800000000000001	0.05671902268760895	
287	2016-02-03	10.64	11.18	11.20	10.33	1709700	-0.048300536672629624	-0.5399999999999991	0.07974335472043989	
288	2016-02-04	10.87	10.66	11.03	10.49	1435800	0.019699812382739126	0.20999999999999908	0.05016256386437521	
289	2016-02-05	10.43	10.84	11.02	10.40	1243200	-0.0378228782287823	-0.41000000000000014	0.05829807240244469	
290	2016-02-08	9.48	10.38	10.38	9.265	1473900	-0.08670520231213875	-0.9000000000000004	0.11228600201409872	
291	2016-02-09	8.09	9.34	9.75	7.975	2725400	-0.13383297644539616	-1.25	0.2036718301778543	
292	2016-02-10	7.94	8.30	8.321	7.78	1653500	-0.04337349397590365	-0.3600000000000003	0.06662561576354672	
293	2016-02-11	7.79	7.80	7.98	6.72	3297500	-0.0012820512820512547	-0.009999999999999787	0.16164207825529195	
294	2016-02-12	7.49	8.07	8.07	7.35	1752800	-0.07187112763320942	-0.5800000000000001	0.09254498714652964	
295	2016-02-16	8.77	7.87	8.84	7.81	1910400	0.11435832274459967	0.8999999999999995	0.12379807692307696	
296	2016-02-17	9.15	8.88	9.46	8.41	2114200	0.030405405405405355	0.2699999999999996	0.11647254575707162	
297	2016-02-18	9.02	9.15	9.23	8.96	539400	-0.014207650273224128	-0.13000000000000078	0.029719317556411617	
298	2016-02-19	9.26	9.03	9.29	8.78	668900	0.02547065337763017	0.23000000000000043	0.05576817933296881	
299	2016-02-22	10.02	9.41	10.35	9.41	1418400	0.0648246546227417	0.6099999999999994	0.0967575913535769	
300	2016-02-23	12.00	11.30	12.26	11.16	6877200	0.06194690265486719	0.6999999999999993	0.09442060085836906	
301	2016-02-24	12.09	12.03	12.12	11.11	2598800	0.004987531172069867	0.0600000000000005	0.08374792703150911	
302	2016-02-25	11.93	11.33	11.94	11.24	1295200	0.05295675198587817	0.5999999999999996	0.06018916595012892	
303	2016-02-26	11.96	12.33	12.45	11.87	1108400	-0.03000811030008104	-0.3699999999999992	0.047756278303828746	
304	2016-02-29	11.78	11.90	12.02	11.66	845800	-0.010084033613445462	-0.120000000000001	0.03040540540540536	
305	2016-03-01	12.01	11.82	12.15	11.79	1109800	0.016074450084602326	0.1899999999999995	0.030214015946286296	
306	2016-03-02	12.16	12.22	12.29	11.91	724900	-0.0049099836333879295	-0.0600000000000005	0.031173092698933466	
307	2016-03-03	12.65	12.16	13.20	12.09	2614600	0.04029605263157896	0.4900000000000002	0.08948004836759366	
308	2016-03-04	13.58	12.42	13.75	12.42	1901600	0.09339774557165863	1.1600000000000001	0.10230769230769231	
309	2016-03-07	13.34	14.00	14.72	12.80	4186300	-0.04714285714285715	-0.6600000000000001	0.14045354791514264	
310	2016-03-08	13.51	13.27	13.88	13.27	1166300	0.018085908063300696	0.2400000000000002	0.04555638536221069	
311	2016-03-09	13.52	13.59	13.93	13.10	909600	-0.00515084621044888	-0.07000000000000028	0.06123201770564368	
312	2016-03-10	12.81	13.45	13.50	12.42	1311900	-0.047583643122676496	-0.6399999999999988	0.08225437928408226	
313	2016-03-11	13.14	13.11	13.185	12.63	731200	0.0022883295194508877	0.030000000000001137	0.04228571428571427	
314	2016-03-14	13.16	13.06	13.30	12.96	850000	0.007656967840735041	0.09999999999999964	0.0259344012204424	
315	2016-03-15	12.04	12.91	12.91	11.65	2559500	-0.0673896204492642	-0.870000000000001	0.10100200400801602	
316	2016-03-16	12.25	11.75	12.34	11.67	941300	0.0425531914893617	0.5	0.055833333333333325	
317	2016-03-17	11.97	12.00	12.04	11.65	858600	-0.0024999999999999467	-0.02999999999999936	0.03254067584480591	
318	2016-03-18	12.79	12.00	12.91	11.90	1223400	0.06583333333333326	0.7899999999999991	0.08148446954417102	
319	2016-03-21	12.88	12.76	13.00	12.66	755200	0.009404388714733621	0.120000000000001	0.026521060842433684	
320	2016-03-22	12.73	12.80	12.90	12.67	449200	-0.005468750000000022	-0.07000000000000028	0.01801801801801805	
321	2016-03-23	12.17	12.75	12.81	12.05	865100	-0.045490196078431376	-0.5800000000000001	0.060995184590690185	
322	2016-03-24	12.18	12.00	12.28	11.72	744800	0.014999999999999977	0.17999999999999972	0.046319272125723635	
323	2016-03-28	11.91	12.10	12.16	11.76	513800	-0.015702479338842935	-0.1899999999999995	0.033319450229071255	
324	2016-03-29	11.51	11.86	11.86	11.44	1340700	-0.029510961214165233	-0.34999999999999964	0.03594351732991014	
325	2016-03-30	11.43	11.69	12.12	11.40	1588900	-0.022241231822070127	-0.2599999999999998	0.06228373702422136	
326	2016-03-31	11.24	11.49	11.58	11.09	960600	-0.02175805047867711	-0.25	0.04311482622085352	
327	2016-04-01	10.93	11.09	11.21	10.57	1492600	-0.014427412082957633	-0.16000000000000014	0.058128973660308864	
328	2016-04-04	12.19	10.98	12.26	10.97	4108500	0.11020036429872486	1.209999999999999	0.11135088476478196	
329	2016-04-05	12.04	12.07	12.16	11.52	1848800	-0.0024855012427507156	-0.030000000000001137	0.05309000414765662	
330	2016-04-06	16.09	14.20	16.26	14.10	15611900	0.13309859154929582	1.8900000000000006	0.14262132717068352	
331	2016-04-07	16.309999	16.02	16.40	15.61	3885800	0.018102309612983876	0.28999900000000167	0.048871019142314176	
332	2016-04-08	16.42	16.15	16.74	16.15	1792800	0.016718266253870163	0.2700000000000031	0.036229659195578745	
333	2016-04-11	16.58	16.559999	16.73	16.34	1137400	0.0012077899280064598	0.02000099999999705	0.023536512478470537	
334	2016-04-12	16.41	16.65	16.66	16.299999	1411500	-0.014414414414414321	-0.23999999999999844	0.021778644888082302	
335	2016-04-13	16.41	16.50	16.629999	16.25	885200	-0.005454545454545446	-0.08999999999999986	0.02309322394409004	
336	2016-04-14	16.43	16.40	16.49	16.290001	631200	0.0018292682926829963	0.030000000000001137	0.012183917148949027	
337	2016-04-15	16.49	16.50	16.50	16.40	347600	-0.0006060606060607008	-0.010000000000001563	0.006062443164595419	
338	2016-04-18	16.629999	16.379999	16.66	16.370001	673700	0.015262516194292806	0.25	0.017570373678907927	
339	2016-04-19	16.51	16.66	16.66	16.42	557300	-0.009003601440576145	-0.14999999999999858	0.014470907446487696	
340	2016-04-20	16.51	16.50	16.549999	16.41	503700	0.0006060606060607008	0.010000000000001563	0.008482217509845472	
341	2016-04-21	16.52	16.450001	16.57	16.450001	425400	0.004255258099984264	0.06999899999999926	0.007279283976970458	
342	2016-04-22	16.450001	16.49	16.540001	16.434999	575300	-0.0024256519102485215	-0.03999899999999812	0.00637534892606706	
343	2016-04-25	16.49	16.48	16.52	16.40	665700	0.0006067961165047336	0.00999999999999801	0.007279344858962754	
344	2016-04-26	16.530001	16.50	16.549999	16.42	853400	0.0018182424242423401	0.030000999999998612	0.007871571060503327	
345	2016-04-27	16.50	16.50	16.549999	16.440001	620300	0.0	0.0	0.006666545454545511	
346	2016-04-28	16.51	16.549999	16.639999	16.48	640700	-0.002416858152075908	-0.03999899999999812	0.009679310637607647	
347	2016-04-29	16.440001	16.50	16.620001	16.41	768200	-0.003636303030303106	-0.059999000000001246	0.012750515702777201	
348	2016-05-02	16.459999	16.43	16.49	16.40	491400	0.001825867315885582	0.02999900000000011	0.005472788247880448	
349	2016-05-03	16.440001	16.459999	16.58	16.389999	466400	-0.001214945395804767	-0.01999800000000107	0.011550212765957371	
350	2016-05-04	16.459999	16.43	16.58	16.41	811300	0.001825867315885582	0.02999900000000011	0.010337488912662974	
351	2016-05-05	15.57	16.459999	16.540001	13.82	6437200	-0.05407041640768019	-0.8899989999999995	0.1698408420181343	
352	2016-05-06	14.58	14.52	14.99	14.31	2996700	0.0041322314049587125	0.0600000000000005	0.046735395189003416	
353	2016-05-09	12.27	14.49	14.50	12.12	5333700	-0.1532091097308489	-2.2200000000000006	0.1778774289985053	
354	2016-05-10	13.08	12.93	13.40	12.59	2199300	0.011600928074245967	0.15000000000000036	0.0622837370242215	
355	2016-05-11	10.76	12.50	12.63	10.65	5952000	-0.13920000000000002	-1.7400000000000002	0.17024935511607917	
356	2016-05-12	11.40	10.79	11.59	10.76	6066000	0.05653382761816508	0.6100000000000012	0.074808472284813	
357	2016-05-13	11.68	12.44	12.76	11.52	2214500	-0.061093247588424424	-0.7599999999999998	0.10281923714759539	
358	2016-05-16	12.01	11.90	12.30	11.81	2495800	0.009243697478991548	0.10999999999999943	0.04098703471350901	
359	2016-05-17	12.99	12.47	13.07	11.85	3726000	0.04170008019246187	0.5199999999999996	0.09583660644147687	
360	2016-05-18	13.04	12.85	13.11	12.60	1945700	0.014785992217898794	0.1899999999999995	0.03939745075318654	
361	2016-05-19	12.16	12.88	13.04	12.00	1622700	-0.055900621118012465	-0.7200000000000006	0.08306709265175713	
362	2016-05-20	12.67	12.17	12.68	12.06	1029800	0.041084634346754315	0.5	0.049919484702093335	
363	2016-05-23	12.35	12.57	12.79	12.21	723800	-0.017501988862370775	-0.22000000000000064	0.046548956661316074	
364	2016-05-24	12.90	12.35	12.98	12.05	1271300	0.044534412955465646	0.5500000000000007	0.07366336633663365	
365	2016-05-25	11.99	12.60	12.65	11.91	1418400	-0.048412698412698366	-0.6099999999999994	0.060187067913786106	
366	2016-05-26	12.34	12.02	12.48	11.957	595100	0.02662229617304495	0.3200000000000003	0.04293924466338257	
367	2016-05-27	12.57	12.17	12.66	12.10	580700	0.03286770747740348	0.40000000000000036	0.04527081649151176	
368	2016-05-31	12.78	12.62	12.79	12.45	1065800	0.01267828843106182	0.16000000000000014	0.026771653543307076	
369	2016-06-01	12.63	12.65	12.88	12.45	743600	-0.0015810276679841559	-0.019999999999999574	0.03401898734177227	
370	2016-06-02	12.67	12.74	12.75	12.56	264400	-0.005494505494505517	-0.07000000000000028	0.014954742227469462	
371	2016-06-03	12.53	12.60	12.63	12.37	362800	-0.005555555555555578	-0.07000000000000028	0.020692399522483213	
372	2016-06-06	12.92	12.60	13.00	12.50	634500	0.02539682539682542	0.3200000000000003	0.03918495297805643	
373	2016-06-07	12.82	12.81	12.915	12.70	313200	0.0007806401249024033	0.009999999999999787	0.016777214202106892	
374	2016-06-08	12.61	12.78	12.85	12.545	309100	-0.013302034428794988	-0.16999999999999993	0.024025206774320577	
375	2016-06-09	12.54	12.56	12.75	12.46	190300	-0.0015923566878981966	-0.02000000000000135	0.023107569721115467	
376	2016-06-10	12.18	12.41	12.44	12.15	679500	-0.018533440773569734	-0.23000000000000043	0.023586823912159344	
377	2016-06-13	12.37	12.10	12.57	12.10	371300	0.022314049586776824	0.2699999999999996	0.03841438496117701	
378	2016-06-14	12.02	12.29	12.34	11.77	602800	-0.021969080553295328	-0.2699999999999996	0.04689428218839986	
379	2016-06-15	12.08	11.89	12.12	11.80	708900	0.015979814970563454	0.1899999999999995	0.026700041718815064	
380	2016-06-16	11.17	11.93	12.04	11.02	1124300	-0.06370494551550711	-0.7599999999999998	0.08831168831168827	
381	2016-06-17	11.45	11.23	11.52	11.09	768300	0.019590382902938457	0.21999999999999886	0.03791887125220456	
382	2016-06-20	11.51	11.47	11.87	11.298	446000	0.003487358326067929	0.03999999999999915	0.04978241949521316	
383	2016-06-21	11.22	11.58	11.665	11.17	321800	-0.031088082901554355	-0.35999999999999943	0.043421052631578874	
384	2016-06-22	10.75	11.28	11.28	10.68	1144600	-0.04698581560283682	-0.5299999999999994	0.0544711756695415	
385	2016-06-23	10.74	10.84	10.97	10.50	1218600	-0.009225092250922476	-0.09999999999999964	0.043558850787766515	
386	2016-06-24	10.70	10.08	10.82	9.90	1246300	0.06150793650793643	0.6199999999999992	0.08854667949951876	
387	2016-06-27	10.24	10.55	10.61	10.15	878200	-0.029383886255924217	-0.3100000000000005	0.04425204425204417	
388	2016-06-28	10.43	10.30	10.62	10.30	482300	0.012621359223300873	0.129999999999999	0.030873130728412784	
389	2016-06-29	10.18	10.53	10.62	10.01	739600	-0.03323836657169987	-0.34999999999999964	0.05890873973925634	
390	2016-06-30	10.11	10.00	10.27	9.68	1110700	0.010999999999999944	0.10999999999999943	0.05867727498756836	
391	2016-07-01	9.95	10.10	10.17	9.86	598600	-0.014851485148514887	-0.15000000000000036	0.03092269326683297	
392	2016-07-05	9.36	9.95	10.003	8.88	1204800	-0.05929648241206029	-0.5899999999999999	0.11631279129984458	
393	2016-07-06	9.91	9.34	9.97	9.04	948100	0.06102783725910067	0.5700000000000003	0.09662337662337678	
394	2016-07-07	11.65	10.01	11.73	10.01	3255800	0.1638361638361639	1.6400000000000006	0.1588180978762697	
395	2016-07-08	11.68	11.59	11.78	10.84	1036000	0.007765314926660902	0.08999999999999986	0.080790717662226	
396	2016-07-11	12.55	11.99	13.47	11.92	2763200	0.0467055879899917	0.5600000000000005	0.12632436837815816	
397	2016-07-12	12.62	12.69	13.19	12.60	1239500	-0.005516154452324688	-0.07000000000000028	0.0466218885815883	
398	2016-07-13	12.21	12.71	12.80	12.03	727500	-0.03933910306845004	-0.5	0.061797752808988866	
399	2016-07-14	12.69	12.71	13.15	12.38	864400	-0.0015735641227381076	-0.02000000000000135	0.06062992125984249	
400	2016-07-15	12.50	12.69	13.04	12.43	558900	-0.014972419227738338	-0.1899999999999995	0.048431917427550576	
401	2016-07-18	12.76	12.57	12.974	12.48	571800	0.015115354017501949	0.1899999999999995	0.039005132254243964	
402	2016-07-19	12.77	12.70	12.88	12.67	292300	0.00551181102362207	0.07000000000000028	0.016489988221437053	
403	2016-07-20	13.10	12.85	13.15	12.73	525600	0.019455252918287938	0.25	0.03236994219653179	
404	2016-07-21	12.98	13.18	13.30	12.92	672400	-0.01517450682852802	-0.1999999999999993	0.029051987767584157	
405	2016-07-22	13.15	13.05	13.16	12.89	405200	0.007662835249042118	0.09999999999999964	0.02061068702290073	
406	2016-07-25	13.53	13.25	13.68	13.13	918900	0.021132075471698066	0.27999999999999936	0.04107542942494391	
407	2016-07-26	13.50	13.31	13.65	13.15	863100	0.01427498121712994	0.1899999999999995	0.03729951510630362	
408	2016-07-27	13.39	13.59	13.66	12.98	1044100	-0.01471670345842526	-0.1999999999999993	0.050407709414381004	
409	2016-07-28	13.21	13.51	13.51	13.13	273600	-0.02220577350111021	-0.29999999999999893	0.028443113772455016	
410	2016-07-29	13.23	13.15	13.44	13.00	392700	0.006083650190114073	0.08000000000000007	0.03335860500379071	
411	2016-08-01	14.44	13.32	14.65	13.32	1702000	0.08408408408408402	1.1199999999999992	0.095821325648415	
412	2016-08-02	15.01	14.35	15.29	14.28	1789200	0.04599303135888503	0.6600000000000001	0.06880108991825612	
413	2016-08-03	14.92	14.89	15.10	14.705	833400	0.0020147750167897487	0.02999999999999936	0.026501174102650085	
414	2016-08-04	14.88	14.90	15.03	14.70	485700	-0.0013422818791946022	-0.019999999999999574	0.022162525184687715	
415	2016-08-05	14.71	14.96	15.01	14.65	562800	-0.01671122994652406	-0.25	0.024266936299292174	
416	2016-08-08	14.92	14.73	15.00	14.73	671600	0.012898845892735879	0.1899999999999995	0.018212478920741963	
417	2016-08-09	14.89	15.00	15.03	14.81	726600	-0.007333333333333295	-0.10999999999999943	0.014720642355302701	
418	2016-08-10	14.79	14.99	15.00	14.76	438700	-0.013342228152101471	-0.20000000000000107	0.016118200134318347	
419	2016-08-11	14.94	14.79	15.00	14.70	861800	0.010141987829614629	0.15000000000000036	0.020181634712411755	
420	2016-08-12	15.00	15.10	15.15	14.90	1020700	-0.006622516556291367	-0.09999999999999964	0.01661129568106312	
421	2016-08-15	16.129999	15.59	16.40	15.10	3605700	0.0346375240538808	0.5399990000000017	0.08196721569884027	
422	2016-08-16	16.09	17.27	17.49	15.25	7415200	-0.068326577880718	-1.1799999999999997	0.13429256594724212	
423	2016-08-17	15.58	15.89	16.23	15.41	1654600	-0.019509125235997512	-0.3100000000000005	0.05211312360978712	
424	2016-08-18	16.01	14.89	16.40	14.88	4752300	0.07521826729348563	1.120000000000001	0.09838187702265357	
425	2016-08-19	16.040001	16.00	16.33	15.78	955600	0.002500062500000011	0.040001000000000175	0.03433208382234438	
426	2016-08-22	17.309999	15.72	17.34	15.72	4484300	0.10114497455470742	1.5899990000000006	0.09809264602157566	
427	2016-08-23	19.799999	17.299999	20.25	17.25	8657000	0.14450867887333405	2.5	0.1617250761037777	
428	2016-08-24	19.610001	20.15	20.879999	19.27	6121100	-0.02679895781637708	-0.5399989999999981	0.08098586315427919	
