#index	date	close	open	high	low	volume	dVolume	percent_change	dollar_change	spread	var	entropy	slope	concavity	answer
40	2015-02-10	10.27	10.4	10.64	10.18	183100	0.4084615384615385	-0.012500000000000075	-0.13000000000000078	0.044508950169327606	0.07361225	1.42803631861	-0.30249999999999844	-0.9124999999999895	0
41	2015-02-11	10.25	10.23	10.441	10.18	81800	-0.5532495903877662	0.0019550342130986876	0.019999999999999574	0.0254882812500001	0.07336025	1.36254622828	0.10666666666666913	0.8758333333333539	1
42	2015-02-12	11.49	10.39	11.59	10.33	598400	6.315403422982885	0.1058710298363811	1.0999999999999996	0.11517367458866541	0.20232025	1.41203022385	2.2599999999999985	3.277916666666665	0
43	2015-02-13	11.02	11.6	12.17	11.01	754800	0.26136363636363635	-0.05000000000000001	-0.5800000000000001	0.10256410256410259	0.20102225	1.39378147449	-2.314999999999999	-8.475	1
44	2015-02-17	11.22	11.12	11.364	11.0	148200	-0.8036565977742448	0.008992805755395811	0.10000000000000142	0.03258728737690249	0.18856225	1.3763398697	1.3283333333333356	7.954166666666687	0
45	2015-02-18	11.21	11.3	11.3	11.09	98900	-0.33265856950067474	-0.007964601769911492	-0.08999999999999986	0.018658374055975195	0.19152025	1.46940449625	-0.4083333333333356	-4.078333333333347	0
46	2015-02-19	11.15	11.12	11.405	11.11	47500	-0.5197168857431749	0.0026978417266188075	0.030000000000001137	0.026493039964077227	0.20661225	1.44815527142	-0.03166666666666984	1.0633333333333337	1
47	2015-02-20	11.5	11.4	11.58	11.11	204500	3.305263157894737	0.008771929824561372	0.09999999999999964	0.04104803493449787	0.23894625	1.56048735338	0.7083333333333327	1.144999999999989	0
48	2015-02-23	11.5	11.5	11.73	11.414	175900	-0.13985330073349633	0.0	0.0	0.027478260869565282	0.233529	1.53402652844	-0.4283333333333322	-2.228333333333321	1
49	2015-02-24	12.27	11.6	12.28	11.5	420700	1.3916998294485503	0.05775862068965517	0.6699999999999999	0.06535400083787175	0.321036	1.47692347866	1.528333333333333	3.613333333333339	1
50	2015-02-25	12.52	12.3	12.71	12.04	520000	0.2360351794628001	0.017886178861788525	0.21999999999999886	0.053988718775181445	0.363561	1.46903453053	-0.4399999999999977	-4.019166666666656	0
51	2015-02-26	12.52	12.72	12.81	12.4	773300	0.4871153846153846	-0.015723270440251656	-0.20000000000000107	0.032488114104595886	0.29932	1.5010769213	-0.034999999999998956	1.4500000000000075	0
52	2015-02-27	11.31	12.33	12.615	11.25	349700	-0.5477822319927583	-0.08272506082725058	-1.0199999999999996	0.11548223350253808	0.307636	1.48653953432	-2.1349999999999967	-3.2974999999999945	1
53	2015-03-02	12.0	11.85	12.88	11.4	722300	1.0654847011724335	0.012658227848101297	0.15000000000000036	0.12410901467505243	0.27608	1.51621114379	2.6766666666666636	8.74083333333333	1
54	2015-03-03	12.18	11.89	12.45	11.71	1382900	0.9145784300152291	0.024390243902438952	0.28999999999999915	0.06148732862484407	0.263024	1.53328278287	-0.8783333333333339	-7.979999999999992	1
55	2015-03-04	12.55	12.07	12.85	12.03	1168000	-0.1553980765058934	0.03976801988400998	0.4800000000000004	0.06661251015434608	0.26222	1.55399857119	0.6983333333333336	3.7408333333333297	0
56	2015-03-05	11.09	12.6	12.6	10.5	1982900	0.6976883561643835	-0.11984126984126983	-1.5099999999999998	0.1772899957788096	0.272144	1.55399857119	-3.0483333333333342	-6.34333333333334	0
57	2015-03-06	11.03	10.69	11.25	10.58	996100	-0.4976549498209693	0.03180542563143123	0.33999999999999986	0.06169429097605893	0.333761	1.54170516751	1.7166666666666661	9.442500000000015	0
58	2015-03-09	10.93	10.99	11.08	10.7	336700	-0.6619817287420942	-0.0054595086442220655	-0.0600000000000005	0.0346715328467154	0.40826	1.51621114379	-0.6000000000000002	-5.760833333333335	0
59	2015-03-10	10.44	10.85	10.95	10.37	768600	1.2827442827442828	-0.037788018433179735	-0.41000000000000014	0.05448567402536403	0.552281	1.54959411564	-0.8016666666666706	0.2591666666666536	1
60	2015-03-11	10.62	10.5	10.69	10.3	1095600	0.42544886807181886	0.011428571428571354	0.11999999999999922	0.03693181818181807	0.549241	1.57084334047	0.8683333333333353	3.0225000000000066	0
61	2015-03-12	10.28	10.57	10.66	10.2	257500	-0.7649689667761957	-0.027436140018921563	-0.2900000000000009	0.04412470023980823	0.529081	1.57084334047	-0.9966666666666674	-3.7725000000000115	0
62	2015-03-13	10.02	10.3	10.5	10.0	502000	0.9495145631067962	-0.027184466019417583	-0.28000000000000114	0.049212598425196846	0.661564	1.57084334047	-0.01999999999999898	2.320833333333333	1
63	2015-03-16	10.3	10.0	10.55	10.0	449300	-0.1049800796812749	0.030000000000000072	0.3000000000000007	0.05418719211822667	0.620424	1.57084334047	0.7033333333333373	0.8716666666666661	0
64	2015-03-17	10.0	10.3	10.3	10.0	255400	-0.43156020476296464	-0.029126213592233077	-0.3000000000000007	0.029556650246305487	0.509244	1.40972284155	-0.9633333333333353	-3.1483333333333356	1
65	2015-03-18	10.01	10.2	10.2	9.83	250100	-0.020751761942051684	-0.018627450980392108	-0.1899999999999995	0.03661553686293906	0.163296	1.40972284155	0.46166666666666717	3.0424999999999955	1
66	2015-03-19	10.02	10.0	10.19	9.96	159000	-0.3642542982806877	0.0019999999999999575	0.019999999999999574	0.022977022977022844	0.134085	1.36996646761	-0.09333333333333489	-1.409999999999999	1
67	2015-03-20	10.41	10.27	10.55	10.04	346100	1.1767295597484277	0.01363193768257065	0.14000000000000057	0.04932301740812394	0.086221	1.36996646761	0.7066666666666706	1.3924999999999983	0
68	2015-03-23	10.4	10.38	10.5	9.96	733300	1.1187518058364634	0.0019267822736030416	0.019999999999999574	0.05197305101058702	0.04504	1.36996646761	-0.4699999999999995	-2.2433333333333394	1
69	2015-03-24	10.44	10.35	10.5	10.09	434000	-0.4081549161325515	0.00869565217391303	0.08999999999999986	0.03944203944203946	0.04504	1.36996646761	0.2149999999999951	1.627499999999987	0
70	2015-03-25	10.29	10.23	10.44	10.1	276600	-0.36267281105990784	0.005865102639296063	0.05999999999999872	0.033138401559454175	0.030421	1.36996646761	-0.3249999999999969	-1.062499999999993	1
71	2015-03-26	10.52	10.08	10.53	10.06	271300	-0.019161243673174257	0.0436507936507936	0.4399999999999995	0.04563106796116494	0.038629	1.40972284155	0.6100000000000035	1.692500000000006	1
72	2015-03-27	10.7	10.46	10.88	10.418	321000	0.18319203833394765	0.02294455066921591	0.23999999999999844	0.04366729678638956	0.050189	1.43097206638	0.011666666666664938	-1.3966666666666636	0
73	2015-03-30	10.5	10.68	10.88	10.4	277700	-0.13489096573208723	-0.016853932584269638	-0.17999999999999972	0.04532577903682724	0.053429	1.39963807708	-0.5	-0.6183333333333335	1
74	2015-03-31	10.6	10.52	10.64	10.4	306200	0.1026287360460929	0.0076045627376425924	0.08000000000000007	0.02272727272727275	0.046349	1.41670971616	0.4766666666666654	1.905833333333329	0
75	2015-04-01	10.59	10.63	10.74	10.15	313500	0.023840627041149576	-0.003762935089369795	-0.040000000000000924	0.05560791705937793	0.032661	1.42229128198	-0.20166666666666444	-1.5191666666666517	0
76	2015-04-02	10.51	10.38	10.65	9.5	978200	2.1202551834130783	0.012524084778419941	0.129999999999999	0.11010052656773579	0.012424	1.39488812877	-0.10166666666666895	0.38249999999998846	1
77	2015-04-06	10.85	10.43	10.99	10.35	267100	-0.7269474545082805	0.040268456375838924	0.41999999999999993	0.060150375939849676	0.02228	1.38259472509	0.7133333333333317	1.3225000000000005	0
78	2015-04-07	10.5	10.61	10.9	10.46	159500	-0.4028453762635717	-0.010367577756833123	-0.10999999999999943	0.04168640454760772	0.02038	1.33749071212	-1.0649999999999966	-3.2666666666666635	1
79	2015-04-08	11.17	10.34	11.49	10.34	469900	1.9460815047021944	0.08027079303675048	0.8300000000000001	0.10692701069270111	0.052281	1.34591309676	1.7499999999999993	5.314999999999997	1
80	2015-04-09	11.96	11.11	12.12	10.9	794200	0.690146839753139	0.07650765076507664	0.8500000000000014	0.1057650628521889	0.19206	1.37468130401	0.5500000000000002	-3.172500000000005	0
81	2015-04-10	11.52	12.0	12.18	11.52	192500	-0.7576177285318559	-0.040000000000000036	-0.4800000000000004	0.05612244897959185	0.22806	1.35493231692	-1.505000000000005	-2.992500000000019	0
82	2015-04-13	11.2	11.49	11.93	10.92	348300	0.8093506493506494	-0.025239338555265528	-0.2900000000000009	0.0890260026443367	0.23156	1.35493231692	0.19000000000000306	3.9450000000000123	1
83	2015-04-14	11.41	11.06	11.46	10.93	184300	-0.4708584553545794	0.03164556962025313	0.34999999999999964	0.047174009790832326	0.226009	1.31102988718	0.6116666666666669	0.07833333333333788	0
84	2015-04-15	10.99	11.39	11.39	10.9	365200	0.9815518176885513	-0.03511852502194911	-0.40000000000000036	0.04378909740840037	0.20608	1.25676765621	-1.1216666666666661	-3.2291666666666714	1
85	2015-04-16	11.26	11.03	11.4	10.952	232600	-0.36308871851040525	0.020852221214868582	0.23000000000000043	0.040197397936294336	0.182161	1.40999787831	1.0550000000000008	4.283333333333329	0
86	2015-04-17	10.92	11.16	11.47	10.86	210400	-0.09544282029234738	-0.02150537634408604	-0.2400000000000002	0.05525362318840591	0.145876	1.40999787831	-1.0783333333333343	-4.311666666666653	1
87	2015-04-20	10.99	11.0	11.267	10.75	309500	0.47100760456273766	-0.0009090909090908897	-0.009999999999999787	0.047021373351523364	0.138456	1.40999787831	0.6150000000000002	3.556666666666654	1
88	2015-04-21	11.0	11.09	11.138	10.94	277000	-0.1050080775444265	-0.008115419296663649	-0.08999999999999986	0.01792666364870986	0.091756	1.40999787831	-0.17666666666666528	-1.8958333333333417	1
89	2015-04-22	11.2	11.07	11.73	10.955	706600	1.5509025270758123	0.011743450767840922	0.129999999999999	0.06960035922766056	0.091405	1.44133186761	0.3783333333333309	1.100000000000012	1
90	2015-04-23	11.39	11.1	11.8	11.1	566700	-0.19799037645060855	0.02612612612612621	0.2900000000000009	0.062249888839484305	0.039136	1.46291952819	0.11833333333333525	-0.6224999999999928	1
91	2015-04-24	12.41	11.4	12.47	11.4	591200	0.0432327510146462	0.08859649122807016	1.0099999999999998	0.0898782024359513	0.169521	1.37748545002	1.7149999999999963	2.623333333333336	0
92	2015-04-27	11.93	12.4	12.4	11.81	543200	-0.08119079837618404	-0.03790322580645166	-0.47000000000000064	0.04849979449239621	0.20624	1.41848366195	-2.0066666666666664	-6.7358333333333364	0
93	2015-04-28	11.7	12.52	12.727	11.6	528200	-0.027614138438880706	-0.06549520766773165	-0.8200000000000003	0.09306358381502897	0.217289	1.47274589291	0.47833333333332934	5.739999999999995	0
94	2015-04-29	11.36	11.53	11.73	11.3	204100	-0.6135933358576297	-0.014744145706851687	-0.16999999999999993	0.03757099169943204	0.200824	1.46007870938	-0.5149999999999993	-2.4041666666666743	0
95	2015-04-30	11.05	11.3	11.42	10.9	319700	0.5663890249877511	-0.022123893805309734	-0.25	0.04653243847874716	0.211345	1.43849104879	-0.2483333333333301	0.6283333333333303	1
96	2015-05-01	11.17	11.05	11.31	10.9	200100	-0.37410071942446044	0.010859728506787259	0.11999999999999922	0.036903690369036915	0.19322	1.39458861906	0.46833333333333255	1.0683333333333351	1
97	2015-05-04	11.26	11.21	11.45	11.07	756300	2.7796101949025487	0.004460303300624347	0.049999999999998934	0.03382287494437018	0.176561	1.39792753029	-0.07833333333333314	-1.2783333333333406	0
98	2015-05-05	10.88	11.25	11.26	10.56	195600	-0.7413724712415708	-0.03288888888888882	-0.3699999999999992	0.06326253953908714	0.188585	1.41059471382	-0.7616666666666667	-0.8916666666666835	1
99	2015-05-06	10.96	10.85	11.1	10.67	115200	-0.4110429447852761	0.01013824884792638	0.11000000000000121	0.03943145346171478	0.205049	1.41477229957	0.6200000000000004	2.6458333333333286	0
100	2015-05-07	10.93	11.0	11.25	10.8	121100	0.051215277777777776	-0.00636363636363639	-0.07000000000000028	0.041039671682626476	0.226025	1.33585147655	-0.2750000000000063	-2.0549999999999975	1
101	2015-05-08	11.29	11.01	11.5	10.96	227500	0.8786127167630058	0.025431425976385046	0.27999999999999936	0.048430493273542534	0.104841	1.35710070138	0.721666666666667	1.8708333333333265	0
102	2015-05-11	11.07	11.32	11.59	11.01	414400	0.8215384615384616	-0.022084805653710248	-0.25	0.05180884323358643	0.054961	1.33749071212	-0.8333333333333263	-2.8974999999999844	1
103	2015-05-12	11.1	11.0	11.31	10.82	298700	-0.2791988416988417	0.00909090909090906	0.09999999999999964	0.04434389140271495	0.023401	1.31071950633	0.43166666666666487	2.730000000000004	0
104	2015-05-13	10.98	11.18	11.33	10.96	228400	-0.23535319718781386	-0.017889087656529454	-0.1999999999999993	0.03339350180505408	0.017169	1.27614286346	-0.32833333333333076	-1.6774999999999924	1
105	2015-05-14	12.38	11.06	12.48	10.88	1040200	3.554290718038529	0.11934900542495482	1.3200000000000003	0.13651877133105797	0.171316	1.31333345534	2.7166666666666637	5.087499999999973	1
106	2015-05-15	12.39	12.49	12.75	11.73	702000	-0.3251297827340896	-0.008006405124099251	-0.09999999999999964	0.08199356913183276	0.297464	1.32466005779	-1.6549999999999958	-8.498333333333322	1
107	2015-05-18	12.82	12.3	13.16	12.01	1501300	1.1386039886039887	0.042276422764227606	0.5199999999999996	0.09156050955414015	0.49652	1.25021129573	1.2433333333333334	6.556666666666689	1
108	2015-05-19	16.27	15.22	16.35	14.55	9333800	5.217145140877906	0.06898817345597891	1.049999999999999	0.11432200698634491	2.464409	0.590514665311	5.826666666666668	6.344166666666659	1
109	2015-05-20	17.200001	15.82	19.146	15.36	6262700	-0.3290299770725749	0.08723141592920354	1.380001	0.22931555937869302	4.6471619114	0.627705257197	-2.1766648333333336	-15.521663749999993	0
110	2015-05-21	16.85	17.6	18.370001	16.219999	2244900	-0.6415443818161496	-0.04261363636363636	-0.75	0.12481869375907094	5.773145793	0.702618005767	-0.5766696666666581	6.174991333333334	1
111	2015-05-22	17.9	16.98	18.65	16.98	2060200	-0.08227537974965478	0.0541813898704357	0.9199999999999982	0.09575688073394487	7.1341446608	0.83973243885	2.6433348333333258	5.400009500000003	1
112	2015-05-26	18.940001	17.889999	19.379999	17.290001	2319100	0.12566741093097758	0.05869212178267865	1.0500019999999992	0.1134943252783058	8.2603423548	0.70268327648	0.5650014999999987	-5.169168416666643	1
113	2015-05-27	19.110001	18.879999	19.889999	18.35	1253300	-0.4595748350653271	0.01218230996728331	0.23000199999999893	0.08107391418794409	8.2947857596	0.77759602505	-0.5516678333333284	-1.225838166666686	0
114	2015-05-28	18.34	18.700001	18.709999	16.690001	1718300	0.3710205058645177	-0.019251389344845514	-0.36000100000000046	0.10907116336200967	6.540161318	0.83973243885	-1.2633348333333387	-0.28583250000001686	0
115	2015-05-29	18.059999	18.43	19.09	17.77	806300	-0.5307571436885293	-0.020076017362995035	-0.37000099999999847	0.07234859063712226	5.0815367228	0.891930794317	0.44166600000000616	3.2950019166666777	0
116	2015-06-01	17.02	18.5	18.9	16.950001	1339800	0.6616643929058663	-0.08000000000000003	-1.4800000000000004	0.1097972409909909	2.9383095376	0.950963632404	-1.836664000000005	-4.466661750000036	1
117	2015-06-02	17.049999	17.07	17.9	16.91	913700	-0.3180325421704732	-0.0011717047451669947	-0.0200010000000006	0.05803048235728251	0.8000444932	0.999906724045	1.174996666666664	5.723321833333358	1
118	2015-06-03	17.51	17.280001	17.6	16.91	605700	-0.3370909488891321	0.013310126544553033	0.22999900000000295	0.03966656971352207	0.5902364684	1.04038278101	0.4616699999999992	-2.4741533333333527	0
119	2015-06-04	16.98	17.32	18.09	16.92	1075400	0.7754664025094932	-0.019630484988452646	-0.33999999999999986	0.06822157434402322	0.620904588	1.07900603234	-1.4983348333333322	-3.125010416666695	1
120	2015-06-05	17.129999	17.0	18.1	16.51	2055100	0.9110098567974707	0.00764700000000009	0.12999900000000153	0.09317316417149617	0.5761047228	1.11008580118	1.0466651666666706	5.182501750000017	0
121	2015-06-08	17.040001	17.299999	18.120001	17.01	1496400	-0.2718602501094837	-0.015028786995883614	-0.2599979999999995	0.06464769947582975	0.626156570001	1.13430264282	-0.5166618333333387	-3.534156000000015	0
122	2015-06-09	16.0	16.559999	16.68	15.06	3932100	1.6277064955894145	-0.03381636677635072	-0.5599990000000012	0.09950860256476046	0.6855442668	1.15211802746	-1.751671166666662	-1.4675181666666504	0
123	2015-06-10	15.8	15.61	16.1	15.6	1803800	-0.5412629383789832	0.01217168481742481	0.19000000000000128	0.03183699458771103	0.5554607972	1.27220005972	0.8166684999999999	4.921680833333333	0
124	2015-06-11	15.46	15.8	16.0	15.39	2254600	0.24991684222197583	-0.02151898734177214	-0.33999999999999986	0.039027511196417106	0.583684682	1.34350564266	-0.7366670000000054	-3.6591722499999904	1
125	2015-06-12	15.65	15.45	15.97	15.15	3391200	0.5041249002040273	0.012944983818770297	0.20000000000000107	0.05273311897106111	0.5015038848	1.39458861906	0.6783333333333322	2.712500916666658	0
126	2015-06-15	15.63	15.82	15.88	15.11	3110500	-0.0827730596838877	-0.012010113780025252	-0.1899999999999995	0.048966613672496107	0.548624857	1.43131050214	-0.3716666666666614	-2.242500000000016	0
127	2015-06-16	15.6	15.51	15.78	15.13	2011100	-0.3534479987140331	0.0058027079303674955	0.08999999999999986	0.04178720668595298	0.556599982	1.45627108934	0.03166666666665918	1.0516666666666812	1
128	2015-06-17	16.41	15.9	17.09	15.84	4370900	1.1733876982745761	0.032075471698113193	0.5099999999999998	0.0773754255648406	0.394899982	1.45255972696	1.5133333333333325	2.285833333333372	1
129	2015-06-18	16.99	16.5	17.379999	16.336	2025600	-0.5365714154979524	0.029696969696969604	0.48999999999999844	0.0623469095252316	0.396528982	1.44133186761	0.1083333333333325	-3.060000000000038	0
130	2015-06-19	16.83	16.92	17.299999	16.6	2673700	0.31995458135860977	-0.005319148936170414	-0.09000000000000341	0.04148142222222212	0.3470891798	1.42229128198	-0.6999999999999998	-0.7366666666666551	0
131	2015-06-22	15.69	16.860001	17.0	15.64	1566000	-0.4142947974716685	-0.06939507298961613	-1.170001000000001	0.08356374551263451	0.268384	1.42229128198	-1.7099999999999902	-0.97249999999998	1
132	2015-06-23	17.24	17.26	17.799999	17.08	6264200	3.0001277139208176	-0.0011587485515644916	-0.020000000000003126	0.0417390724637682	0.40528	1.38817629092	4.118333333333324	9.944166666666652	0
133	2015-06-24	17.219999	17.24	17.57	17.16	1286800	-0.7945787171546247	-0.001160150812064794	-0.02000099999999705	0.023795705855940402	0.4930358104	1.34307227795	-2.225001833333328	-13.099169583333321	0
134	2015-06-25	17.059999	17.1	17.25	16.85	1169300	-0.09131178116257382	-0.0023392397660818814	-0.040001000000000175	0.023419204432646418	0.4635957168	1.25245107262	0.24666783333333284	6.505839083333323	0
135	2015-06-26	16.530001	16.879999	16.93	16.25	1181400	0.010348071495766699	-0.02073447990133192	-0.3499980000000029	0.04070637533672552	0.395659754	1.1960204572	-0.7916633333333382	-2.1216645833333154	0
136	2015-06-29	15.83	16.049999	16.5	15.8	1201000	0.01659048586422888	-0.013707103657763444	-0.2199989999999996	0.043914681427687584	0.363659758	1.142251408	-0.7183374999999946	0.42415316666668446	1
137	2015-06-30	16.1	16.200001	16.66	15.93	1214600	0.011323896752706078	-0.006172900853524571	-0.1000009999999989	0.0452012369906738	0.292159768	1.43849104879	1.135001833333335	2.971679916666652	0
138	2015-07-01	15.88	16.139999	16.4	15.8	896000	-0.26230857895603493	-0.016108984889032445	-0.25999899999999876	0.03747657830969938	0.3365207574	1.41353046158	-0.9516670000000005	-4.333338916666641	1
139	2015-07-02	16.110001	16.0	16.207001	15.83	341800	-0.6185267857142858	0.006875062500000029	0.11000100000000046	0.0234818429311168	0.326488672	1.41353046158	0.7683351666666637	3.590003833333334	0
140	2015-07-06	14.75	15.8	15.82	14.54	2094000	5.126389701579871	-0.0664556962025317	-1.0500000000000007	0.08379705400982004	0.557368672	1.42485706404	-2.8350030000000026	-6.361675333333333	0
141	2015-07-07	13.96	14.58	15.17	12.8	2547300	0.2164756446991404	-0.04252400548696839	-0.6199999999999992	0.166082690960056	1.017375672	1.46007870938	0.2150015000000026	6.580009499999998	0
142	2015-07-08	13.68	12.91	13.94	12.91	1176200	-0.5382561928316256	0.05964368706429121	0.7699999999999996	0.07747273411056783	1.323535672	1.5058551567	-0.045000333333340116	-1.5850046666666866	1
143	2015-07-09	15.05	15.45	16.25	15.024	1588800	0.35079068185682705	-0.02588996763754036	-0.3999999999999986	0.08039344262295088	1.092865017	1.37680857851	2.575000000000003	3.89000091666667	1
144	2015-07-10	15.28	15.51	15.77	15.15	859900	-0.45877391742195367	-0.014829142488716985	-0.23000000000000043	0.040272815849301674	0.8208814012	1.41353046158	-1.2700000000000078	-7.532500000000009	1
145	2015-07-13	15.73	15.5	15.94	15.28	402500	-0.5319223165484359	0.014838709677419383	0.23000000000000043	0.042267050912584064	0.6844011746	1.39378147449	1.0133333333333425	5.384166666666701	1
146	2015-07-14	16.1	15.62	16.219999	15.571	962500	1.391304347826087	0.030729833546735096	0.4800000000000022	0.040920491803278794	0.7229841692	1.41536913508	0.23000000000000279	-1.9016666666666922	0
147	2015-07-15	15.57	16.0	16.0	15.18	1144800	0.1894025974025974	-0.026874999999999982	-0.4299999999999997	0.051948051948051965	0.6596491798	1.41203022385	-1.2533333333333345	-2.196666666666663	1
148	2015-07-16	15.77	15.73	15.98	15.72	769500	-0.3278301886792453	0.0025429116338206706	0.03999999999999915	0.016507936507936496	0.646020182	1.42803631861	1.1083333333333354	4.605833333333346	1
149	2015-07-17	16.0	16.0	16.15	15.63	612600	-0.20389863547758286	0.0	0.0	0.03249999999999986	0.627089	1.43221390436	0.011666666666663161	-2.805833333333337	0
150	2015-07-20	15.93	15.99	16.379999	15.67	604900	-0.01256937642833823	-0.003752345215759881	-0.0600000000000005	0.044486152882205615	0.648801	1.42803631861	-0.3300000000000007	-0.29083333333334355	0
151	2015-07-21	15.93	15.86	16.0	15.7	291300	-0.5184327988097206	0.004413619167717546	0.07000000000000028	0.018873859704309576	0.467364	1.41536913508	0.15833333333333025	1.081666666666661	1
152	2015-07-22	16.200001	15.73	16.24	15.73	184700	-0.36594576038448334	0.029879275270184354	0.4700009999999999	0.031944878423273336	0.1196040888	1.41536913508	0.4716685000000022	0.31416958333333156	0
153	2015-07-23	16.0	16.25	16.65	15.91	481900	1.6090958310774228	-0.015384615384615385	-0.25	0.04589147286821696	0.0666890698001	1.41203022385	-0.6816696666666621	-2.071675333333322	0
154	2015-07-24	15.97	15.99	16.139999	15.81	188600	-0.6086324963685412	-0.00125078173858659	-0.019999999999999574	0.02065075093867328	0.0307400560001	1.40194545938	0.2683348333333342	2.0750095000000193	0
155	2015-07-27	15.72	15.6	15.88	15.33	414100	1.1956521739130435	0.007692307692307756	0.120000000000001	0.035121328224776545	0.0311290562001	1.40194545938	-0.49000033333333687	-1.554171333333341	1
156	2015-07-28	15.94	15.71	16.02	15.412	398200	-0.038396522579087176	0.014640356460852873	0.22999999999999865	0.03842022116903626	0.0276410594001	1.3849021074	0.6849999999999975	2.1500009166666794	1
157	2015-07-29	16.059999	15.93	16.27	15.68	212000	-0.46760421898543447	0.008160640301318363	0.12999900000000153	0.03688652819276424	0.0166160280002	1.36051388274	-0.1200018333333291	-1.825002916666648	1
158	2015-07-30	16.18	15.81	16.32	15.8	385300	0.8174528301886792	0.02340290955091709	0.3699999999999992	0.032510159424820224	0.0168210280002	1.36051388274	0.15333633333332783	0.7141753333333108	1
159	2015-07-31	16.190001	16.15	16.35	16.1	151300	-0.6073189722294317	0.0024768421052631688	0.040001000000000175	0.015460729268375719	0.0203360636003	1.32816111112	-0.08166633333333628	-0.41250658333332524	1
160	2015-08-03	16.52	16.139999	16.58	15.92	503800	2.3298083278255124	0.023544053503349042	0.38000100000000003	0.04041641275004316	0.0419890518003	1.2868726304	0.6333306666666717	1.2449959999999838	0
161	2015-08-04	16.459999	16.42	16.58	16.32	325400	-0.3541087733227471	0.0024359926918391056	0.03999899999999812	0.01581508563914482	0.0523239740004	1.25021129573	-0.49166700000000435	-2.144994333333346	0
162	2015-08-05	16.4	16.459999	17.0	16.32	533700	0.6401352181929932	-0.0036451399541398057	-0.059999000000001246	0.041387706676436584	0.0589639628003	1.25021129573	0.0700026666666614	1.3983373333333375	0
163	2015-08-06	16.040001	16.34	16.584	15.88	287600	-0.46112047967022674	-0.018359791921664606	-0.2999989999999997	0.04348363052860924	0.0579559420004	1.11207533521	-0.6099996666666634	-1.2325056666666612	0
164	2015-08-07	15.95	16.030001	16.32	15.93	188400	-0.34492350486787204	-0.0049907046169241865	-0.08000099999999932	0.024390243139767294	0.0587039420004	1.18722429271	0.23499733333333359	1.637495999999987	1
165	2015-08-10	16.469999	16.15	16.52	16.0	160100	-0.15021231422505307	0.019814179566563644	0.3199990000000028	0.03188228178670389	0.0454288922005	1.18722429271	0.9383330000000072	0.7391723333333596	0
166	2015-08-11	15.89	16.299999	16.5	15.8	249300	0.5571517801374141	-0.025153314426583653	-0.4099989999999991	0.04349176898079427	0.0484638912005	1.18722429271	-1.699997333333337	-4.689162666666694	0
167	2015-08-12	15.68	15.7	15.95	15.6	632500	1.5371038908945047	-0.0012738853503184442	-0.019999999999999574	0.022307202039515594	0.0733158600004	1.19798940374	0.46499850000000365	4.754991416666691	1
168	2015-08-13	15.72	15.67	16.02	15.67	373100	-0.4101185770750988	0.0031908104658583732	0.05000000000000071	0.022300095571838142	0.0921758600004	1.19798940374	0.1250003333333325	-1.3274953333333361	1
169	2015-08-14	16.129999	15.63	16.219999	15.63	293900	-0.2122755293487001	0.031989699296225256	0.49999900000000075	0.03715359059047833	0.0918038464004	1.19798940374	0.6349981666666622	0.7099961666666678	1
170	2015-08-17	16.360001	16.08	16.52	16.08	543900	0.8506294658046955	0.017412997512437946	0.28000100000000216	0.02712700286291615	0.0814998900005	1.07552439034	-0.04332849999999885	-1.3441550833333384	0
171	2015-08-18	16.120001	16.17	16.309	15.9	287900	-0.4706747563890421	-0.0030920841063700206	-0.049999000000003235	0.025332919624251524	0.0681039688005	0.997045317738	-0.5716693333333378	-0.5216819166666488	0
172	2015-08-19	15.98	15.98	16.25	15.65	776700	1.6978117401875652	0.0	0.0	0.03754693366708383	0.0567639772005	1.30067008595	0.09999883333333888	1.4583388333333716	0
173	2015-08-20	14.81	15.5	15.98	14.65	2539200	2.269215913480108	-0.04451612903225803	-0.6899999999999995	0.08775981524249422	0.191448976	1.25676765621	-2.0616655	-3.718329416666703	0
174	2015-08-21	13.78	14.68	14.69	13.3	1788000	-0.29584120982986767	-0.06130790190735697	-0.9000000000000004	0.09768095572733652	0.598323976	0.928520736552	-0.570000333333334	3.418329583333341	0
175	2015-08-24	12.29	12.4	12.9	10.71	2222800	0.24317673378076063	-0.008870967741935581	-0.11000000000000121	0.17739975698663424	1.5221042148	0.577513715377	-1.9200000000000006	-2.682499083333314	1
176	2015-08-25	12.42	13.07	13.26	12.4	571500	-0.7428918481194889	-0.04973221117061977	-0.6500000000000004	0.06747744213417022	2.1796692842	0.672591048901	1.6333333333333382	6.156666666666669	0
177	2015-08-26	11.94	12.65	12.74	11.55	832600	0.45686789151356083	-0.0561264822134388	-0.7100000000000009	0.09678731191541273	2.876805359	0.608939632072	-1.5283333333333353	-6.7908333333333415	1
178	2015-08-27	12.3	12.68	12.97	12.0	1500600	0.8023060293057891	-0.029968454258675	-0.379999999999999	0.07766212970376306	3.1326214274	0.673915069234	1.2633333333333379	5.6633333333333225	1
179	2015-08-28	12.37	12.11	12.6	12.11	430300	-0.7132480341196855	0.02146985962014862	0.2599999999999998	0.040032679738562116	2.9634219612	0.729078830711	-0.45166666666666977	-3.785000000000011	0
180	2015-08-31	11.66	12.35	12.428	11.63	393700	-0.08505693702068325	-0.055870445344129514	-0.6899999999999995	0.0664723032069971	2.5799015506	0.77608102202	-1.2633333333333336	-0.6833333333333277	0
181	2015-09-01	11.28	11.4	11.59	11.11	594200	0.509271018542037	-0.01052631578947377	-0.120000000000001	0.04232804232804237	2.023301	0.955582211146	0.15499999999999994	2.9066666666666356	0
182	2015-09-02	10.99	11.33	11.609	10.89	420800	-0.2918209357118815	-0.030008826125330967	-0.33999999999999986	0.06442652329749099	1.173504	1.03436403633	-0.3249999999999987	-1.3874999999999744	0
183	2015-09-03	10.97	11.0	11.08	10.85	202500	-0.5187737642585551	-0.002727272727272669	-0.02999999999999936	0.020937642239417426	0.63744	1.08330712797	0.1750000000000007	0.8349999999999843	0
184	2015-09-04	10.84	10.87	10.94	10.55	300700	0.4849382716049383	-0.0027598896044157646	-0.02999999999999936	0.03592814371257474	0.368724	1.12378318493	-0.3116666666666692	-1.0033333333333303	1
185	2015-09-08	10.99	11.32	11.56	10.91	1040200	2.4592617226471565	-0.029151943462897532	-0.33000000000000007	0.05826983415508743	0.368984	1.15682487043	0.41999999999999993	1.3758333333333574	1
186	2015-09-09	11.53	11.2	11.64	11.2	794200	-0.2364929821188233	0.029464285714285724	0.33000000000000007	0.03871535415750122	0.290041	1.18312640387	0.7716666666666677	0.24333333333332163	1
187	2015-09-10	11.56	11.44	11.6	11.19	513700	-0.35318559556786705	0.010489510489510577	0.120000000000001	0.03565217391304349	0.268609	1.20316565976	-0.5249999999999974	-2.3358333333333086	0
188	2015-09-11	11.52	11.54	11.54	11.24	444500	-0.13470897410940239	-0.0017331022530328922	-0.019999999999999574	0.026019080659149953	0.190609	1.21726968203	0.07166666666666366	1.5983333333333185	0
189	2015-09-14	11.02	11.5	11.55	10.94	569600	0.2814398200224972	-0.04173913043478265	-0.4800000000000004	0.054174067495559614	0.084904	1.22565181192	-0.8599999999999964	-1.6108333333333071	0
190	2015-09-15	10.98	11.05	11.16	10.69	439100	-0.22910814606741572	-0.006334841628959301	-0.07000000000000028	0.04266908760780759	0.068856	1.22843281368	0.4966666666666679	2.580833333333332	1
191	2015-09-16	11.0	11.06	11.27	10.92	1001000	1.2796629469369165	-0.005424954792043445	-0.0600000000000005	0.03173164097914774	0.06964	1.22565181192	-0.08333333333333688	-1.5500000000000078	1
192	2015-09-17	11.04	10.91	11.25	10.91	365900	-0.6344655344655344	0.011915673693858753	0.129999999999999	0.030979498861047824	0.068365	1.21726968203	0.03666666666666766	0.3099999999999999	0
193	2015-09-18	10.99	10.87	11.06	10.87	149200	-0.5922383164799125	0.011039558417663386	0.120000000000001	0.01738334858188484	0.067701	1.20316565976	-0.1316666666666618	-0.2641666666666467	1
194	2015-09-21	11.04	11.1	11.56	10.99	507700	2.4028150134048256	-0.005405405405405451	-0.0600000000000005	0.051490514905149075	0.059021	1.18312640387	0.16333333333333164	0.5649999999999906	1
195	2015-09-22	11.06	10.95	11.305	10.89	576300	0.13511916486113848	0.010045662100456732	0.11000000000000121	0.03771013175829161	0.056984	1.15682487043	-0.03833333333332689	-0.45333333333330944	0
196	2015-09-23	10.96	11.04	11.12	10.88	264300	-0.5413846954711088	-0.007246376811594049	-0.0799999999999983	0.021818181818181678	0.045641	1.12378318493	-0.19000000000000425	-0.17333333333334147	1
197	2015-09-24	12.04	10.95	12.17	10.95	1065700	3.0321604237608777	0.09954337899543378	1.0899999999999999	0.10613310134841242	0.108905	1.13049502278	2.1033333333333295	3.754166666666664	1
198	2015-09-25	12.46	12.04	13.65	12.04	1270500	0.19217415783053393	0.0348837209302327	0.4200000000000017	0.13142857142857153	0.255169	1.12378318493	-0.5233333333333258	-5.378333333333316	0
199	2015-09-28	12.05	12.32	12.63	11.78	543200	-0.5724517906336088	-0.02191558441558438	-0.2699999999999996	0.06975789905621678	0.301416	1.10306739661	-0.8816666666666725	0.5308333333333183	1
200	2015-09-29	12.11	11.99	12.19	11.82	215200	-0.6038291605301914	0.010008340283569577	0.11999999999999922	0.030705394190871302	0.330005	1.09033263479	0.7283333333333317	3.1174999999999926	1
201	2015-09-30	12.5	12.2	12.77	12.162	772800	2.591078066914498	0.024590163934426288	0.3000000000000007	0.049230769230769134	0.390005	1.0281814557	0.5083333333333352	-1.1300000000000001	0
202	2015-10-01	12.49	12.55	12.74	12.36	384700	-0.5021997929606625	-0.004780876494023944	-0.0600000000000005	0.030351437699680576	0.40958	1.1534547944	-0.453333333333332	-1.6708333333333343	1
203	2015-10-02	13.0	12.6	13.18	12.5	747600	0.9433324668572914	0.03174603174603177	0.40000000000000036	0.05312499999999998	0.459629	1.25395131036	1.076666666666668	2.9525000000000006	0
204	2015-10-05	13.0	13.14	13.5	12.82	984700	0.3171482075976458	-0.010654490106544944	-0.14000000000000057	0.05202754399387909	0.440421	1.45390030804	-0.5983333333333339	-3.3274999999999912	0
205	2015-10-06	13.0	13.07	13.16	12.91	504200	-0.4879658779323652	-0.0053557765876052245	-0.07000000000000028	0.019179133103183737	0.349629	1.48594269881	0.16999999999999993	1.9216666666666622	0
206	2015-10-07	12.98	13.23	13.33	12.72	1030500	1.0438318127727093	-0.01889644746787604	-0.25	0.04654711942006863	0.150861	1.5010769213	-0.03666666666666648	-0.5258333333333359	0
207	2015-10-08	12.98	12.9	13.07	12.72	472100	-0.5418728772440563	0.006201550387596904	0.08000000000000007	0.027047913446676942	0.132061	1.49265453666	0.02333333333333106	0.11499999999999015	0
208	2015-10-09	12.62	13.01	13.25	12.51	1393700	1.9521287862740944	-0.02997694081475792	-0.39000000000000057	0.057744830277019134	0.128061	1.48594269881	-0.6666666666666691	-1.125	1
209	2015-10-12	13.5	12.75	13.57	12.75	894700	-0.35803975030494367	0.058823529411764705	0.75	0.0624761904761905	0.136616	1.45182770775	2.033333333333335	4.655000000000001	0
210	2015-10-13	13.32	13.42	13.62	13.19	734500	-0.17905443165306806	-0.007451564828613983	-0.09999999999999964	0.03216155572176512	0.097049	1.43111191943	-1.4766666666666655	-6.935000000000009	0
211	2015-10-14	12.78	13.37	13.54	12.665	883200	0.20245064669843432	-0.04412864622288705	-0.5899999999999999	0.06692160611854685	0.079521	1.46522691049	-0.4866666666666675	3.0900000000000056	1
212	2015-10-15	13.01	12.88	13.3	12.75	806700	-0.08661684782608696	0.010093167701863276	0.129999999999999	0.04248744689069144	0.054249	1.47948926072	0.9916666666666648	2.294166666666669	1
213	2015-10-16	13.11	13.2	13.51	13.01	1017100	0.26081566877401763	-0.0068181818181818074	-0.08999999999999986	0.03800836183960472	0.05492	1.48653953432	-0.2650000000000053	-2.8908333333333567	1
214	2015-10-19	13.19	13.12	13.3	12.88	673500	-0.33782322288860483	0.005335365853658559	0.07000000000000028	0.03192702394526795	0.057029	1.53445989315	0.10666666666666973	1.0158333333333214	0
215	2015-10-20	13.14	13.23	13.322	13.1	402200	-0.4028210838901262	-0.0068027210884353635	-0.08999999999999986	0.016837315130830453	0.057421	1.53445989315	-0.15166666666666195	-0.44166666666665816	0
216	2015-10-21	12.86	13.14	13.14	12.73	420400	0.045251118846345105	-0.021308980213089888	-0.28000000000000114	0.03153846153846155	0.060709	1.50241750238	-0.4283333333333393	-0.32083333333334707	0
217	2015-10-22	12.69	12.99	13.08	12.62	559100	0.3299238820171265	-0.023094688221709063	-0.3000000000000007	0.03582554517133963	0.072396	1.44815527142	-0.0016666666666633745	0.8533333333333294	1
218	2015-10-23	12.75	13.0	13.1	12.61	585300	0.04686102664997317	-0.019230769230769232	-0.25	0.03805825242718448	0.063465	1.34350564266	0.21500000000000105	0.14833333333332868	0
219	2015-10-26	12.65	12.69	12.95	12.5	907400	0.5503160772253545	-0.00315208825847117	-0.03999999999999915	0.03551696921862662	0.04944	1.33561669453	-0.3099999999999999	-1.0175000000000078	1
220	2015-10-27	12.84	12.65	12.86	12.54	424600	-0.5320696495481596	0.015019762845849762	0.1899999999999995	0.025107885445272676	0.034656	1.31961059977	0.4849999999999988	1.5099999999999862	0
221	2015-10-28	12.78	12.9	12.9	12.66	419200	-0.012717852096090438	-0.009302325581395425	-0.120000000000001	0.018691588785046745	0.034656	1.29498844832	-0.365000000000002	-1.6974999999999838	1
222	2015-10-29	13.27	12.66	13.55	12.66	1133800	1.7046755725190839	0.04818325434439174	0.6099999999999994	0.06864635557269576	0.046356	1.27002786112	1.031666666666668	2.5783333333333474	1
223	2015-10-30	13.43	13.32	13.64	13.3	730600	-0.355618274828012	0.008258258258258216	0.10999999999999943	0.02542056074766354	0.06722	1.23330597804	-0.2983333333333332	-2.750000000000007	0
224	2015-11-02	12.89	13.4	13.428	12.8	1074100	0.470161511086778	-0.0380597014925373	-0.5099999999999998	0.047774819322936486	0.06152	1.17944199988	-1.0133333333333325	-0.602499999999992	1
225	2015-11-03	13.34	12.92	13.42	12.91	588900	-0.4517270272786519	0.03250773993808049	0.41999999999999993	0.03884234577303883	0.07352	1.1109174187	1.508333333333334	4.5683333333333325	1
226	2015-11-04	13.79	13.35	14.03	13.31	1777600	2.01850908473425	0.032958801498127306	0.4399999999999995	0.053058216654384587	0.134621	1.43876608555	0.11999999999999982	-3.4466666666666512	0
227	2015-11-05	13.42	13.67	13.98	13.28	422700	-0.7622074707470747	-0.018288222384784197	-0.25	0.051679586563307574	0.131044	1.40194545938	-1.0533333333333275	-1.484166666666655	1
228	2015-11-06	14.19	13.73	14.28	13.66	965800	1.2848355807901586	0.033503277494537444	0.4599999999999991	0.04441260744985667	0.21226	1.36548197605	1.9933333333333312	5.648333333333326	0
229	2015-11-09	13.3	14.27	14.42	13.17	1500400	0.5535307517084282	-0.06797477224947435	-0.9699999999999989	0.09067827348567283	0.170985	1.36461968379	-2.653333333333329	-8.823333333333343	0
230	2015-11-10	13.18	13.35	13.6	13.06	756700	-0.4956678219141562	-0.01273408239700374	-0.16999999999999993	0.04070863173765542	0.148409	1.30828399732	1.0749999999999964	7.994166666666648	0
231	2015-11-11	12.78	13.26	13.26	12.75	1561000	1.062904717853839	-0.036199095022624465	-0.4800000000000004	0.03917050691244238	0.148409	1.30828399732	-0.8900000000000036	-4.5200000000000005	1
232	2015-11-12	13.25	12.91	13.318	12.73	758500	-0.514093529788597	0.026336173508907813	0.33999999999999986	0.04495412844036691	0.148801	1.31162290855	1.288333333333335	4.036666666666669	0
233	2015-11-13	12.67	12.99	13.42	12.6	988500	0.3032300593276203	-0.024634334103156297	-0.3200000000000003	0.06391270459859706	0.189689	1.30828399732	-1.7449999999999999	-5.7841666666666685	0
234	2015-11-16	12.62	12.6	12.83	12.16	1791600	0.812443095599393	0.0015873015873015535	0.019999999999999574	0.05313243457573354	0.217364	1.29819923285	0.7416666666666654	5.318333333333335	0
235	2015-11-17	12.6	12.62	13.05	12.37	906600	-0.4939718687206966	-0.001584786053882692	-0.019999999999999574	0.05392545598731178	0.25392	1.28115588087	-0.17166666666666686	-2.3766666666666794	1
236	2015-11-18	12.63	12.55	12.79	12.51	775500	-0.14460622104566512	0.006374501992031878	0.08000000000000007	0.022239872915011862	0.233504	1.25676765621	0.06166666666667039	0.5466666666666621	1
237	2015-11-19	12.82	12.78	13.015	12.51	1887700	1.4341715022566086	0.0031298904538341883	0.040000000000000924	0.03945312500000006	0.223184	1.22441488459	0.30666666666666664	0.35250000000000153	1
238	2015-11-20	12.9	12.65	13.17	12.62	1431400	-0.24172273136621286	0.019762845849802372	0.25	0.04305283757338557	0.066965	1.22441488459	-0.06499999999999713	-0.7283333333333198	1
239	2015-11-23	13.95	12.88	14.09	12.85	1475300	0.030669274835825065	0.08307453416149056	1.0699999999999985	0.09243384271338057	0.16024	1.27867711556	1.8949999999999942	3.2874999999999823	0
240	2015-11-24	13.42	13.56	13.823	13.22	1464100	-0.007591676269233376	-0.010324483775811251	-0.14000000000000057	0.044699777613046686	0.176944	1.27867711556	-2.169999999999997	-7.457499999999986	0
241	2015-11-25	13.4	13.18	13.65	13.16	1142800	-0.2194522232087972	0.016691957511380928	0.22000000000000064	0.03686982693754705	0.188724	1.30067008595	0.9316666666666666	6.853333333333327	0
242	2015-11-27	13.2	13.2	13.38	12.99	657200	-0.42492124606230314	0.0	0.0	0.02954545454545459	0.186709	1.30067008595	-0.5200000000000043	-3.4183333333333485	1
243	2015-11-30	13.27	13.21	13.68	13.15	1614000	1.4558734023128423	0.004542013626040781	0.05999999999999872	0.04003021148036249	0.176989	1.27942086112	0.3550000000000022	1.7650000000000194	1
244	2015-12-01	13.96	13.61	14.21	13.57	1902200	0.1785625774473358	0.025716385011021414	0.3500000000000014	0.04642727602466453	0.215045	1.29074746357	1.116666666666669	0.8783333333333397	0
245	2015-12-02	13.93	13.89	14.13	13.83	1560700	-0.17952896645988856	0.002879769618430464	0.03999999999999915	0.021567217828900122	0.210656	1.27942086112	-0.8366666666666743	-3.609166666666679	1
246	2015-12-03	14.09	14.07	14.28	13.91	2139900	0.3711155250848978	0.0014214641080312418	0.019999999999999574	0.026278409090909036	0.192844	1.31610248945	0.5583333333333359	3.162499999999999	1
247	2015-12-04	14.23	14.03	14.36	14.03	1904200	-0.1101453338941072	0.014255167498218181	0.20000000000000107	0.023354564755838646	0.181705	1.38450385459	0.05999999999999991	-1.256666666666663	1
248	2015-12-07	15.14	14.35	15.22	14.35	1915500	0.005934250603928159	0.055052264808362436	0.7900000000000009	0.05900305188199396	0.304009	1.32829138417	1.5583333333333396	2.4766666666666644	1
249	2015-12-08	15.15	14.98	15.25	14.85	2028200	0.058835813103628294	0.011348464619492652	0.16999999999999993	0.026551609691337557	0.455449	1.39378147449	-0.9966666666666638	-4.824999999999991	0
250	2015-12-09	14.99	15.15	15.33	14.9	1021600	-0.4963021398284193	-0.01056105610561057	-0.16000000000000014	0.028533510285335083	0.501764	1.43849104879	-0.0016666666666639667	2.7599999999999816	0
251	2015-12-10	14.92	15.0	15.04	14.6	1160200	0.1356695379796398	-0.005333333333333338	-0.08000000000000007	0.029411764705882318	0.485956	1.46816265826	0.061666666666667425	-0.08083333333332376	0
252	2015-12-11	14.68	14.99	15.03	14.22	886400	-0.23599379417341837	-0.020680453635757205	-0.3100000000000005	0.054600606673407395	0.361044	1.4964621567	-0.41166666666666946	-0.9066666666666615	1
253	2015-12-14	15.02	14.7	15.09	14.651	802700	-0.0944268953068592	0.021768707482993217	0.3200000000000003	0.02954239569313594	0.228569	1.51471090606	0.8799999999999985	2.2558333333333116	1
254	2015-12-15	15.47	15.1	15.5	14.98	1131000	0.4089946430796063	0.02450331125827821	0.370000000000001	0.03402028132155705	0.237176	1.47558671172	0.3483333333333345	-1.4783333333333222	1
255	2015-12-16	15.67	15.5	15.88	15.48	841100	-0.25632183908045975	0.010967741935483867	0.16999999999999993	0.025665704202759085	0.220124	1.55995391687	-0.04500000000000407	-0.5091666666666678	0
256	2015-12-17	15.32	15.86	15.86	15.23	682700	-0.1883248127452146	-0.03404791929382088	-0.5399999999999991	0.0404105195638229	0.148169	1.57224732055	-0.7249999999999955	-0.7949999999999898	1
257	2015-12-18	15.65	15.6	15.98	15.32	1204600	0.7644646257506957	0.0032051282051282506	0.05000000000000071	0.04224000000000001	0.094209	1.57224732055	1.0800000000000025	3.312499999999988	1
258	2015-12-21	16.049999	15.87	16.25	15.79	1589600	0.319608168686701	0.01134209199747955	0.17999900000000046	0.028822056040791286	0.1576358484	1.47852245949	0.23166483333333154	-2.2266695833333423	1
259	2015-12-22	16.459999	16.030001	16.5	16.030001	1446000	-0.09033719174635128	0.02682457724113687	0.4299980000000012	0.028931917513081037	0.2748806672	1.41203022385	0.39500116666666213	0.4541724166666559	0
260	2015-12-23	16.42	16.49	16.5	16.23	1046200	-0.2764868603042877	-0.004244996967859111	-0.06999999999999673	0.01640838650865996	0.3350837244	1.46007870938	-0.41833183333333385	-1.2766674999999996	1
261	2015-12-24	16.49	16.370001	16.59	16.26	423400	-0.5952972662970751	0.0073304210549528966	0.11999899999999997	0.020085209370504786	0.3540807872	1.53445989315	0.3116654999999895	1.6049951666666427	0
262	2015-12-28	16.040001	16.42	16.49	16.0	798700	0.8863958431743033	-0.023142448233861235	-0.37999900000000153	0.03019100338290183	0.2368488778	1.55570911798	-0.9199978333333275	-2.240826666666654	1
263	2015-12-29	16.129999	16.110001	16.25	16.0	604400	-0.24327031426067358	0.0012413407050689239	0.01999800000000107	0.015508684863523572	0.161479868	1.56606891921	0.7133285000000029	3.14915416666666	0
264	2015-12-30	16.049999	16.15	16.15	15.97	660800	0.09331568497683654	-0.006192012383900861	-0.1000009999999989	0.011180124570811195	0.1337558868	1.56606891921	-0.40166400000000735	-2.502484750000008	0
265	2015-12-31	16.02	16.0	16.120001	16.0	706800	0.06961259079903148	0.0012499999999999734	0.019999999999999574	0.007495377888819393	0.1197209078	1.55570911798	0.06833449999999767	1.1224944999999973	0
266	2016-01-04	15.46	15.65	15.65	15.2	1471700	1.0822014714204866	-0.012140575079872172	-0.1899999999999995	0.02892960462873681	0.1006809162	1.5812031417	-1.0183345000000006	-1.8433372500000214	1
267	2016-01-05	15.64	15.55	16.07	15.483	950700	-0.354012366650812	0.005787781350482306	0.08999999999999986	0.03764026931708879	0.1015439156	1.57084334047	0.9733336666666664	3.7058370833333285	0
268	2016-01-06	15.55	15.46	15.9	15.32	1037600	0.09140633217629116	0.005821474773609305	0.08999999999999986	0.03740728797162206	0.1266438904	1.5812031417	-0.5616666666666591	-3.3700009166666596	0
269	2016-01-07	14.41	15.15	15.34	14.4	1773200	0.7089437162683115	-0.048844884488448856	-0.7400000000000002	0.06359945872801079	0.3269289362	1.5812031417	-1.925000000000009	-1.6191666666666553	0
270	2016-01-08	14.33	14.96	14.99	14.29	1606800	-0.093841642228739	-0.04211229946524069	-0.6300000000000008	0.04779788323659959	0.4696758944	1.56606891921	1.153333333333336	5.819166666666656	0
271	2016-01-11	13.44	14.03	14.04	13.09	2837100	0.7656833457804332	-0.0420527441197434	-0.5899999999999999	0.06916636330542406	0.7713208334	1.56606891921	-1.918333333333333	-6.328333333333333	1
272	2016-01-12	13.79	13.35	13.88	13.21	1771400	-0.3756300447640196	0.032958801498127306	0.4399999999999995	0.049373618275607954	0.8970955968	1.56606891921	1.6533333333333349	6.88333333333334	0
273	2016-01-13	13.6	13.72	14.005	13.49	1115600	-0.3702156486394942	-0.008746355685131267	-0.120000000000001	0.03770131771595905	0.9428887558	1.5812031417	-1.0533333333333303	-5.830833333333335	0
274	2016-01-14	13.51	13.8	13.8	13.2	841900	-0.24533883112226604	-0.021014492753623253	-0.2900000000000009	0.043939948736726575	0.903265	1.5812031417	0.17333333333333142	2.9583333333333335	0
275	2016-01-15	12.99	13.44	13.44	12.71	1205500	0.4318802708160114	-0.03348214285714281	-0.4499999999999993	0.055240257283389986	0.853876	1.54959411564	-0.9116666666666665	-2.032500000000001	0
276	2016-01-19	12.8	13.48	13.75	12.49	1929400	0.6004977187888842	-0.050445103857566745	-0.6799999999999997	0.09589041095890409	0.858664	1.51621114379	0.22833333333333705	2.2724999999999844	0
277	2016-01-20	12.29	12.6	12.8	11.55	1872300	-0.02959469265056494	-0.024603174603174644	-0.3100000000000005	0.1004419445560466	0.773909	1.46157894712	-0.8866666666666685	-2.262499999999991	1
278	2016-01-21	12.48	12.2	12.96	11.8	988400	-0.4720931474656839	0.022950819672131244	0.28000000000000114	0.09400324149108591	0.468444	1.49496191896	0.8800000000000056	3.2508333333333397	0
279	2016-01-22	12.4	12.81	12.99	12.4	1149800	0.1632942128692837	-0.03200624512099923	-0.41000000000000014	0.04680682268940895	0.411561	1.51621114379	-0.5383333333333375	-3.0641666666666816	0
280	2016-01-25	12.08	12.48	12.51	12.06	678700	-0.40972343016176727	-0.032051282051282076	-0.40000000000000036	0.036644951140065087	0.342036	1.51727668811	-0.4300000000000021	0.706666666666654	1
281	2016-01-26	12.37	12.01	12.4	11.78	734600	0.08236334168262856	0.02997502081598663	0.35999999999999943	0.0508613617719443	0.337649	1.51727668811	0.8783333333333339	2.2116666666666873	0
282	2016-01-27	11.93	12.34	12.39	11.89	512200	-0.30274979580724204	-0.033225283630470025	-0.41000000000000014	0.04120313143798929	0.292265	1.50498328443	-1.251666666666668	-4.0774999999999935	0
283	2016-01-28	11.75	11.98	12.15	11.67	587300	0.14662241311987506	-0.019198664440734592	-0.23000000000000043	0.04045512010113784	0.24694	1.46522691049	0.2799999999999982	3.3858333333333164	1
284	2016-01-29	11.91	11.81	12.1	11.71	545700	-0.07083262387195641	0.008467400508044001	0.09999999999999964	0.03288364249578405	0.14134	1.42840628432	0.3566666666666662	-0.41416666666665947	0
285	2016-02-01	11.76	11.79	11.97	11.59	637500	0.16822429906542055	-0.00254452926208646	-0.02999999999999936	0.03227176220806801	0.107761	1.43849104879	-0.5216666666666683	-1.629166666666677	0
286	2016-02-02	11.17	11.75	11.78	11.13	1294800	1.0310588235294118	-0.04936170212765958	-0.5800000000000001	0.05671902268760895	0.143784	1.42229128198	-0.853333333333334	-0.0933333333333266	0
287	2016-02-03	10.64	11.18	11.2	10.33	1709700	0.3204355885078777	-0.048300536672629624	-0.5399999999999991	0.07974335472043989	0.297729	1.46816265826	-0.33333333333333215	1.1374999999999886	1
288	2016-02-04	10.87	10.66	11.03	10.49	1435800	-0.160203544481488	0.019699812382739126	0.20999999999999908	0.05016256386437521	0.327836	1.4964621567	0.8433333333333307	1.6433333333333355	0
289	2016-02-05	10.43	10.84	11.02	10.4	1243200	-0.13414124529878813	-0.0378228782287823	-0.41000000000000014	0.05829807240244469	0.396589	1.47521293187	-1.251666666666667	-4.052500000000002	0
290	2016-02-08	9.48	10.38	10.38	9.265	1473900	0.18556949806949807	-0.08670520231213875	-0.9000000000000004	0.11228600201409872	0.698709	1.53445989315	-1.1516666666666684	1.107499999999978	0
291	2016-02-09	8.09	9.34	9.75	7.975	2725400	0.8491078092136508	-0.13383297644539616	-1.25	0.2036718301778543	1.372381	1.49452855425	-1.586666666666669	-0.45250000000000173	0
292	2016-02-10	7.94	8.3	8.321	7.78	1653500	-0.3933000660453511	-0.04337349397590365	-0.3600000000000003	0.06662561576354672	1.905844	1.52657094502	1.0300000000000011	4.395833333333338	0
293	2016-02-11	7.79	7.8	7.98	6.72	3297500	0.9942546114302994	-0.0012820512820512547	-0.009999999999999787	0.16164207825529195	2.251156	1.52657094502	-0.5633333333333361	-3.916666666666669	0
294	2016-02-12	7.49	8.07	8.07	7.35	1752800	-0.46844579226686883	-0.07187112763320942	-0.5800000000000001	0.09254498714652964	2.328064	1.54728673334	-0.4249999999999983	0.6991666666666774	1
295	2016-02-16	8.77	7.87	8.84	7.81	1910400	0.08991328160657235	0.11435832274459967	0.8999999999999995	0.12379807692307696	1.820661	1.541171731	2.6466666666666674	5.0333333333333306	1
296	2016-02-17	9.15	8.88	9.46	8.41	2114200	0.10667922948073702	0.030405405405405355	0.2699999999999996	0.11647254575707162	1.419085	1.54959411564	-0.8966666666666638	-7.23916666666666	0
297	2016-02-18	9.02	9.15	9.23	8.96	539400	-0.7448680351906158	-0.014207650273224128	-0.13000000000000078	0.029719317556411617	1.144981	1.53445989315	-0.25500000000000433	2.5108333333333235	1
298	2016-02-19	9.26	9.03	9.29	8.78	668900	0.2400815721171672	0.02547065337763017	0.23000000000000043	0.05576817933296881	0.744896	1.52569907275	0.7183333333333373	1.6991666666666763	1
299	2016-02-22	10.02	9.41	10.35	9.41	1418400	1.120496337270145	0.0648246546227417	0.6099999999999994	0.0967575913535769	0.621609	1.55399857119	1.0699999999999974	0.0008333333333396808	1
300	2016-02-23	12.0	11.3	12.26	11.16	6877200	3.8485617597292725	0.06194690265486719	0.6999999999999993	0.09442060085836906	1.585761	1.55399857119	2.8233333333333364	2.4241666666666624	1
301	2016-02-24	12.09	12.03	12.12	11.11	2598800	-0.6221136509044378	0.004987531172069867	0.0600000000000005	0.08374792703150911	2.335361	1.5324109106	-1.8916666666666664	-8.4925	0
302	2016-02-25	11.93	11.33	11.94	11.24	1295200	-0.5016161305217793	0.05295675198587817	0.5999999999999996	0.06018916595012892	2.640596	1.52569907275	0.2616666666666643	5.744166666666671	1
303	2016-02-26	11.96	12.33	12.45	11.87	1108400	-0.144224830142063	-0.03000811030008104	-0.3699999999999992	0.047756278303828746	2.569289	1.52569907275	0.2716666666666659	-0.47000000000000125	0
304	2016-02-29	11.78	11.9	12.02	11.66	845800	-0.23691808011548177	-0.010084033613445462	-0.120000000000001	0.03040540540540536	1.927076	1.4585395456	-0.4183333333333401	-1.3800000000000143	1
305	2016-03-01	12.01	11.82	12.15	11.79	1109800	0.31213052731142116	0.016074450084602326	0.1899999999999995	0.030214015946286296	1.687316	1.31333345534	0.641666666666668	1.965000000000013	1
306	2016-03-02	12.16	12.22	12.29	11.91	724900	-0.34681924671111913	-0.0049099836333879295	-0.0600000000000005	0.031173092698933466	1.435981	1.31333345534	-0.05333333333333693	-1.5875000000000081	1
307	2016-03-03	12.65	12.16	13.2	12.09	2614600	2.606842323079045	0.04029605263157896	0.4900000000000002	0.08948004836759366	1.022524	1.31333345534	0.8000000000000025	1.594166666666652	1
308	2016-03-04	13.58	12.42	13.75	12.42	1901600	-0.2726994568958923	0.09339774557165863	1.1600000000000001	0.10230769230769231	0.692476	1.46696193024	1.1833333333333294	0.2466666666666555	0
309	2016-03-07	13.34	14.0	14.72	12.8	4186300	1.2014619267984854	-0.04714285714285715	-0.6600000000000001	0.14045354791514264	0.35782	1.46696193024	-1.3616666666666635	-4.3474999999999895	1
310	2016-03-08	13.51	13.27	13.88	13.27	1166300	-0.7214007596206674	0.018085908063300696	0.2400000000000002	0.04555638536221069	0.457329	1.5010769213	0.9016666666666632	4.914166666666678	1
311	2016-03-09	13.52	13.59	13.93	13.1	909600	-0.2200977450055732	-0.00515084621044888	-0.07000000000000028	0.06123201770564368	0.523824	1.5010769213	-0.26000000000000095	-2.7008333333333283	0
312	2016-03-10	12.81	13.45	13.5	12.42	1311900	0.44228232189973615	-0.047583643122676496	-0.6399999999999988	0.08225437928408226	0.467856	1.52569907275	-1.2566666666666642	-1.2708333333333333	1
313	2016-03-11	13.14	13.11	13.185	12.63	731200	-0.4426404451558808	0.0022883295194508877	0.030000000000001137	0.04228571428571427	0.41098	1.54170516751	1.4366666666666668	4.9266666666666765	1
314	2016-03-14	13.16	13.06	13.3	12.96	850000	0.162472647702407	0.007656967840735041	0.09999999999999964	0.0259344012204424	0.287056	1.54959411564	-0.5850000000000021	-4.510833333333316	0
315	2016-03-15	12.04	12.91	12.91	11.65	2559500	2.0111764705882353	-0.0673896204492642	-0.870000000000001	0.10100200400801602	0.281269	1.54959411564	-1.9666666666666657	-1.4933333333333418	1
316	2016-03-16	12.25	11.75	12.34	11.67	941300	-0.6322328579800742	0.0425531914893617	0.5	0.055833333333333325	0.26704	1.54959411564	1.6983333333333377	6.82500000000001	0
317	2016-03-17	11.97	12.0	12.04	11.65	858600	-0.08785721874004036	-0.0024999999999999467	-0.02999999999999936	0.03254067584480591	0.356256	1.51621114379	-1.1316666666666666	-6.242500000000002	1
318	2016-03-18	12.79	12.0	12.91	11.9	1223400	0.4248777078965758	0.06583333333333326	0.7899999999999991	0.08148446954417102	0.310041	1.47521293187	1.8999999999999986	5.8158333333333205	1
319	2016-03-21	12.88	12.76	13.0	12.66	755200	-0.38270393983979073	0.009404388714733621	0.120000000000001	0.026521060842433684	0.284281	1.41306175278	-0.8849999999999932	-5.694999999999979	0
320	2016-03-22	12.73	12.8	12.9	12.67	449200	-0.4051906779661017	-0.005468750000000022	-0.07000000000000028	0.01801801801801805	0.229369	1.38476225434	-0.10666666666666973	2.376666666666656	0
321	2016-03-23	12.17	12.75	12.81	12.05	865100	0.9258682101513802	-0.045490196078431376	-0.5800000000000001	0.060995184590690185	0.179824	1.34804037126	-0.8216666666666678	-1.184999999999988	1
322	2016-03-24	12.18	12.0	12.28	11.72	744800	-0.13905906831580164	0.014999999999999977	0.17999999999999972	0.046319272125723635	0.188329	1.29695739487	0.6216666666666656	2.6041666666666523	0
323	2016-03-28	11.91	12.1	12.16	11.76	513800	-0.3101503759398496	-0.015702479338842935	-0.1899999999999995	0.033319450229071255	0.174676	1.22565181192	-0.6933333333333364	-2.8075000000000094	0
324	2016-03-29	11.51	11.86	11.86	11.44	1340700	1.6093810821331258	-0.029510961214165233	-0.34999999999999964	0.03594351732991014	0.171541	1.22565181192	-0.41499999999999854	0.9366666666666509	0
325	2016-03-30	11.43	11.69	12.12	11.4	1588900	0.18512717237264115	-0.022241231822070127	-0.2599999999999998	0.06228373702422136	0.229796	1.24603788927	0.22999999999999687	1.0450000000000064	0
326	2016-03-31	11.24	11.49	11.58	11.09	960600	-0.3954308011832085	-0.02175805047867711	-0.25	0.04311482622085352	0.307869	1.24603788927	-0.38833333333333425	-1.3466666666666758	0
327	2016-04-01	10.93	11.09	11.21	10.57	1492600	0.5538205288361441	-0.014427412082957633	-0.16000000000000014	0.058128973660308864	0.428301	1.29114190224	-0.3733333333333331	0.25499999999999545	1
328	2016-04-04	12.19	10.98	12.26	10.97	4108500	1.75257939166555	0.11020036429872486	1.209999999999999	0.11135088476478196	0.363141	1.41059471382	2.608333333333332	4.818333333333346	0
329	2016-04-05	12.04	12.07	12.16	11.52	1848800	-0.550006084945844	-0.0024855012427507156	-0.030000000000001137	0.05309000414765662	0.264861	1.5388643487	-1.848333333333331	-8.670833333333341	1
330	2016-04-06	16.09	14.2	16.26	14.1	15611900	7.444342276070965	0.13309859154929582	1.8900000000000006	0.14262132717068352	1.883709	1.13430264282	8.020000000000005	17.68416666666667	1
331	2016-04-07	16.309999	16.02	16.4	15.61	3885800	-0.7511001223425721	0.018102309612983876	0.28999900000000167	0.048871019142314176	3.4271002546	1.22599024768	-4.371668499999999	-24.363336249999985	1
332	2016-04-08	16.42	16.15	16.74	16.15	1792800	-0.5386278243862268	0.016718266253870163	0.2700000000000031	0.036229659195578745	4.7033403394	1.27985422583	1.2950029999999966	14.380842	1
333	2016-04-11	16.58	16.559999	16.73	16.34	1137400	-0.36557340473003125	0.0012077899280064598	0.02000099999999705	0.023536512478470537	5.6415434328	1.27002786112	0.23833183333332522	-3.053342833333341	0
334	2016-04-12	16.41	16.65	16.66	16.299999	1411500	0.24098821874450502	-0.014414414414414321	-0.23999999999999844	0.021778644888082302	5.8777235308	1.29498844832	-0.46166633333332047	-1.2049953333333103	0
335	2016-04-13	16.41	16.5	16.629999	16.25	885200	-0.37286574566064473	-0.005454545454545446	-0.08999999999999986	0.02309322394409004	5.5858956304	1.3095258353	0.25166666666666043	1.476665749999988	1
336	2016-04-14	16.43	16.4	16.49	16.290001	631200	-0.28694080433800273	0.0018292682926829963	0.030000000000001137	0.012183917148949027	4.6657087342	1.32856642093	-0.020000000000000757	-0.7258333333333363	1
337	2016-04-15	16.49	16.5	16.5	16.4	347600	-0.44930291508238274	-0.0006060606060607008	-0.010000000000001563	0.006062443164595419	2.9432208454	1.33979428029	0.08666666666666245	0.21583333333331703	1
338	2016-04-18	16.629999	16.379999	16.66	16.370001	673700	0.9381472957422324	0.015262516194292806	0.25	0.017570373678907927	1.7453088044	1.31012267082	0.19333150000000288	0.13833041666667137	0
339	2016-04-19	16.51	16.66	16.66	16.42	557300	-0.17277720053436246	-0.009003601440576145	-0.14999999999999858	0.014470907446487696	0.0203359832002	1.26541309651	-0.3633303333333349	-0.9483246666666977	0
340	2016-04-20	16.51	16.5	16.549999	16.41	503700	-0.09617800107661942	0.0006060606060607008	0.010000000000001563	0.008482217509845472	0.00782000000016	1.19992300619	0.18666516666667002	1.1599905000000181	1
341	2016-04-21	16.52	16.450001	16.57	16.450001	425400	-0.15544967242406194	0.004255258099984264	0.06999899999999926	0.007279283976970458	0.00506897220009	1.08518861297	-0.021666333333334602	-0.5491620000000145	0
342	2016-04-22	16.450001	16.49	16.540001	16.434999	575300	0.3523742360131641	-0.0024256519102485215	-0.03999899999999812	0.00637534892606706	0.0047239640002	1.07603420911	-0.13999816666666595	-0.15166466666665457	1
343	2016-04-25	16.49	16.48	16.52	16.4	665700	0.1571354076134191	0.0006067961165047336	0.00999999999999801	0.007279344858962754	0.0039049640002	1.06060180561	0.15833033333333546	0.5566580000000082	1
344	2016-04-26	16.530001	16.5	16.549999	16.42	853400	0.28195884031846175	0.0018182424242423401	0.030000999999998612	0.007871571060503327	0.00340097060029	1.03860883522	0.003336666666663509	-0.38498758333330824	0
345	2016-04-27	16.5	16.5	16.549999	16.440001	620300	-0.2731427232247481	0.0	0.0	0.006666545454545511	0.00256396880029	1.01439199358	-0.08833666666666318	-0.10334666666666455	1
346	2016-04-28	16.51	16.549999	16.639999	16.48	640700	0.03288731259068193	-0.002416858152075908	-0.03999899999999812	0.009679310637607647	0.00192396720029	0.983312224738	0.06666816666666738	0.3150104166666476	0
347	2016-04-29	16.440001	16.5	16.620001	16.41	768200	0.19900109255501794	-0.003636303030303106	-0.059999000000001246	0.012750515702777201	0.00238895440036	0.950270539233	-0.14999850000000473	-0.41083508333335317	1
348	2016-05-02	16.459999	16.43	16.49	16.4	491400	-0.3603228325956782	0.001825867315885582	0.02999900000000011	0.005472788247880448	0.00087599520036	0.909794482272	0.12166183333333909	0.5258226666666678	0
349	2016-05-03	16.440001	16.459999	16.58	16.389999	466400	-0.05087505087505088	-0.001214945395804767	-0.01999800000000107	0.011550212765957371	0.00106498900041	0.860851390631	-0.08332700000001007	-0.44497891666667516	1
350	2016-05-04	16.459999	16.43	16.58	16.41	811300	0.7394939965694682	0.001825867315885582	0.02999900000000011	0.010337488912662974	0.00103999600056	0.801818552543	0.06666000000000712	0.31247424999998924	0
351	2016-05-05	15.57	16.459999	16.540001	13.82	6437200	6.934426229508197	-0.05407041640768019	-0.8899989999999995	0.1698408420181343	0.0746650340006	0.729871209983	-1.661661833333337	-2.8041429166666796	0
352	2016-05-06	14.58	14.52	14.99	14.31	2996700	-0.5344715093518921	0.0041322314049587125	0.0600000000000005	0.046735395189003416	0.3650760584	0.77608102202	-0.7700018333333306	2.3233182499999927	0
353	2016-05-09	12.27	14.49	14.5	12.12	5333700	0.7798578436279908	-0.1532091097308489	-2.2200000000000006	0.1778774289985053	1.7213841428	0.819983451756	-3.376666333333334	-4.400827749999993	1
354	2016-05-10	13.08	12.93	13.4	12.59	2199300	-0.5876595984026098	0.011600928074245967	0.15000000000000036	0.0622837370242215	2.272348992	0.83973243885	3.8500000000000014	12.748332416666672	0
355	2016-05-11	10.76	12.5	12.63	10.65	5952000	1.7063156458873279	-0.13920000000000002	-1.7400000000000002	0.17024935511607917	4.010420992	0.83973243885	-5.968333333333334	-19.17916666666667	1
356	2016-05-12	11.4	10.79	11.59	10.76	6066000	0.019153225806451613	0.05653382761816508	0.6100000000000012	0.074808472284813	4.671143992	0.83973243885	4.1499999999999995	20.36166666666668	1
357	2016-05-13	11.68	12.44	12.76	11.52	2214500	-0.634932410154962	-0.061093247588424424	-0.7599999999999998	0.10281923714759539	4.716839478	0.83973243885	-1.0066666666666706	-12.30583333333336	1
358	2016-05-16	12.01	11.9	12.3	11.81	2495800	0.12702641679837434	0.009243697478991548	0.10999999999999943	0.04098703471350901	4.193964996	0.83973243885	0.4916666666666642	3.879166666666672	1
359	2016-05-17	12.99	12.47	13.07	11.85	3726000	0.49290808558378074	0.04170008019246187	0.5199999999999996	0.09583660644147687	3.184839324	0.83973243885	1.505000000000002	1.4241666666666777	1
360	2016-05-18	13.04	12.85	13.11	12.6	1945700	-0.4778046162104133	0.014785992217898794	0.1899999999999995	0.03939745075318654	1.925596	0.891930794317	-0.9416666666666652	-4.508333333333343	0
361	2016-05-19	12.16	12.88	13.04	12.0	1622700	-0.16600709256308782	-0.055900621118012465	-0.7200000000000006	0.08306709265175713	1.040701	0.935829409914	-1.344999999999997	0.5183333333333616	1
362	2016-05-20	12.67	12.17	12.68	12.06	1029800	-0.36537868983792443	0.041084634346754315	0.5	0.049919484702093335	0.535124	0.972479097877	1.9783333333333324	5.836666666666652	0
363	2016-05-23	12.35	12.57	12.79	12.21	723800	-0.29714507671392504	-0.017501988862370775	-0.22000000000000064	0.046548956661316074	0.536724	1.00259535361	-1.4750000000000014	-7.2116666666666704	1
364	2016-05-24	12.9	12.35	12.98	12.05	1271300	0.7564244266371926	0.044534412955465646	0.5500000000000007	0.07366336633663365	0.508464	1.02668121796	1.5516666666666705	6.163333333333331	0
365	2016-05-25	11.99	12.6	12.65	11.91	1418400	0.11570833005584834	-0.048412698412698366	-0.6099999999999994	0.060187067913786106	0.291369	1.04509380327	-2.4166666666666683	-7.484166666666681	1
366	2016-05-26	12.34	12.02	12.48	11.957	595100	-0.5804427523970671	0.02662229617304495	0.3200000000000003	0.04293924466338257	0.198121	1.05808278555	1.886666666666671	8.609166666666672	1
367	2016-05-27	12.57	12.17	12.66	12.1	580700	-0.024197613846412367	0.03286770747740348	0.40000000000000036	0.04527081649151176	0.138936	1.06581340573	-0.28999999999999976	-5.258333333333309	1
368	2016-05-31	12.78	12.62	12.79	12.45	1065800	0.8353711038401929	0.01267828843106182	0.16000000000000014	0.026771653543307076	0.116529	1.18589543798	0.2333333333333325	1.4366666666666603	0
369	2016-06-01	12.63	12.65	12.88	12.45	743600	-0.30230812535184837	-0.0015810276679841559	-0.019999999999999574	0.03401898734177227	0.098601	1.18589543798	-0.4433333333333316	-1.1033333333333222	1
370	2016-06-02	12.67	12.74	12.75	12.56	264400	-0.6444324905863368	-0.005494505494505517	-0.07000000000000028	0.014954742227469462	0.074144	1.18054779895	0.31833333333333275	1.5558333333333205	0
371	2016-06-03	12.53	12.6	12.63	12.37	362800	0.3721633888048411	-0.005555555555555578	-0.07000000000000028	0.020692399522483213	0.060861	1.16978268791	-0.3533333333333359	-1.3933333333333238	1
372	2016-06-06	12.92	12.6	13.0	12.5	634500	0.7488974641675854	0.02539682539682542	0.3200000000000003	0.03918495297805643	0.072836	1.1534547944	0.8916666666666687	2.2299999999999947	0
373	2016-06-07	12.82	12.81	12.915	12.7	313200	-0.5063829787234042	0.0007806401249024033	0.009999999999999787	0.016777214202106892	0.072225	1.13133084672	-0.6849999999999993	-3.0958333333333456	0
374	2016-06-08	12.61	12.78	12.85	12.545	309100	-0.013090676883780333	-0.013302034428794988	-0.16999999999999993	0.024025206774320577	0.063264	1.10306739661	-0.13833333333333483	1.5533333333333228	0
375	2016-06-09	12.54	12.56	12.75	12.46	190300	-0.38434163701067614	-0.0015923566878981966	-0.02000000000000135	0.023107569721115467	0.024929	1.06817290548	0.08333333333333393	0.2708333333333286	0
376	2016-06-10	12.18	12.41	12.44	12.15	679500	2.5706778770362586	-0.018533440773569734	-0.23000000000000043	0.023586823912159344	0.036865	1.11207533521	-0.6483333333333311	-1.3433333333333337	1
377	2016-06-13	12.37	12.1	12.57	12.1	371300	-0.45356880058866816	0.022314049586776824	0.2699999999999996	0.03841438496117701	0.042665	1.06313224357	0.7449999999999951	2.554166666666667	0
378	2016-06-14	12.02	12.29	12.34	11.77	602800	0.6234850525181793	-0.021969080553295328	-0.2699999999999996	0.04689428218839986	0.068049	1.00409940548	-0.983333333333332	-3.3991666666666682	1
379	2016-06-15	12.08	11.89	12.12	11.8	708900	0.17601194426011943	0.015979814970563454	0.1899999999999995	0.026700041718815064	0.084164	0.932152062925	0.5816666666666682	3.2299999999999947	0
380	2016-06-16	11.17	11.93	12.04	11.02	1124300	0.5859782762025674	-0.06370494551550711	-0.7599999999999998	0.08831168831168827	0.227864	1.15682487043	-1.8549999999999998	-4.4858333333333205	1
381	2016-06-17	11.45	11.23	11.52	11.09	768300	-0.3166414658009428	0.019590382902938457	0.21999999999999886	0.03791887125220456	0.288344	1.18312640387	1.5949999999999978	6.595000000000003	1
382	2016-06-20	11.51	11.47	11.87	11.298	446000	-0.41949759208642456	0.003487358326067929	0.03999999999999915	0.04978241949521316	0.268745	1.45025234466	-0.519999999999999	-4.902500000000015	0
383	2016-06-21	11.22	11.58	11.665	11.17	321800	-0.27847533632286997	-0.031088082901554355	-0.35999999999999943	0.043421052631578874	0.260745	1.49496191896	-0.5083333333333346	0.6933333333333375	0
384	2016-06-22	10.75	11.28	11.28	10.68	1144600	2.5568676196395277	-0.04698581560283682	-0.5299999999999994	0.0544711756695415	0.313569	1.51621114379	-0.5033333333333339	0.26499999999998636	0
385	2016-06-23	10.74	10.84	10.97	10.5	1218600	0.06465140660492749	-0.009225092250922476	-0.09999999999999964	0.043558850787766515	0.313209	1.51621114379	0.4333333333333342	1.5308333333333575	0
386	2016-06-24	10.7	10.08	10.82	9.9	1246300	0.022731002790086986	0.06150793650793643	0.6199999999999992	0.08854667949951876	0.323569	1.51621114379	-0.2183333333333343	-1.5558333333333405	0
387	2016-06-27	10.24	10.55	10.61	10.15	878200	-0.2953542485757843	-0.029383886255924217	-0.3100000000000005	0.04425204425204417	0.319096	1.35329308134	-0.7999999999999995	-0.7183333333333112	1
388	2016-06-28	10.43	10.3	10.62	10.3	482300	-0.4508084718742883	0.012621359223300873	0.129999999999999	0.030873130728412784	0.282049	1.37454230617	0.8716666666666656	3.058333333333318	0
389	2016-06-29	10.18	10.53	10.62	10.01	739600	0.5334853825419863	-0.03323836657169987	-0.34999999999999964	0.05890873973925634	0.207569	1.40194545938	-0.8333333333333369	-3.5099999999999896	0
390	2016-06-30	10.11	10.0	10.27	9.68	1110700	0.5017577068685776	0.010999999999999944	0.10999999999999943	0.05867727498756836	0.238521	1.45390030804	0.2266666666666648	2.3674999999999833	0
391	2016-07-01	9.95	10.1	10.17	9.86	598600	-0.4610605924191951	-0.014851485148514887	-0.15000000000000036	0.03092269326683297	0.225921	1.42185791727	-0.2949999999999993	-1.1758333333333333	0
392	2016-07-05	9.36	9.95	10.003	8.88	1204800	1.0126962913464752	-0.05929648241206029	-0.5899999999999999	0.11631279129984458	0.243336	1.41136293234	-0.9183333333333342	-0.8341666666666683	1
393	2016-07-06	9.91	9.34	9.97	9.04	948100	-0.2130644090305445	0.06102783725910067	0.5700000000000003	0.09662337662337678	0.174561	1.46522691049	1.6433333333333355	4.460833333333338	1
394	2016-07-07	11.65	10.01	11.73	10.01	3255800	2.4340259466301024	0.1638361638361639	1.6400000000000006	0.1588180978762697	0.339801	1.48984906194	2.351666666666668	-0.15333333333333954	1
395	2016-07-08	11.68	11.59	11.78	10.84	1036000	-0.6817986362798698	0.007765314926660902	0.08999999999999986	0.080790717662226	0.496969	1.48984906194	-1.7916666666666714	-7.314166666666679	1
396	2016-07-11	12.55	11.99	13.47	11.92	2763200	1.667181467181467	0.0467055879899917	0.5600000000000005	0.12632436837815816	0.908224	1.48984906194	2.140000000000002	8.38583333333334	1
397	2016-07-12	12.62	12.69	13.19	12.6	1239500	-0.5514258830341633	-0.005516154452324688	-0.07000000000000028	0.0466218885815883	1.243804	1.48984906194	-0.8766666666666681	-6.280833333333333	0
398	2016-07-13	12.21	12.71	12.8	12.03	727500	-0.41306978620411455	-0.03933910306845004	-0.5	0.061797752808988866	1.381576	1.48984906194	-0.5433333333333318	1.6366666666666774	1
399	2016-07-14	12.69	12.71	13.15	12.38	864400	0.1881786941580756	-0.0015735641227381076	-0.02000000000000135	0.06062992125984249	1.525901	1.48984906194	1.3816666666666617	3.222499999999966	0
400	2016-07-15	12.5	12.69	13.04	12.43	558900	-0.3534243405830634	-0.014972419227738338	-0.1899999999999995	0.048431917427550576	1.484076	1.48984906194	-1.0449999999999953	-4.91583333333332	1
401	2016-07-18	12.76	12.57	12.974	12.48	571800	0.02308105206655931	0.015115354017501949	0.1899999999999995	0.039005132254243964	1.316881	1.48984906194	0.8583333333333295	4.026666666666647	1
402	2016-07-19	12.77	12.7	12.88	12.67	292300	-0.4888072752710738	0.00551181102362207	0.07000000000000028	0.016489988221437053	0.704104	1.47080847632	-0.3483333333333345	-2.618333333333325	1
403	2016-07-20	13.1	12.85	13.15	12.73	525600	0.7981525829627095	0.019455252918287938	0.25	0.03236994219653179	0.201041	1.52657094502	0.680000000000002	2.0541666666666623	0
404	2016-07-21	12.98	13.18	13.3	12.92	672400	0.2792998477929985	-0.01517450682852802	-0.1999999999999993	0.029051987767584157	0.146644	1.52657094502	-0.6016666666666648	-2.4483333333333235	1
405	2016-07-22	13.15	13.05	13.16	12.89	405200	-0.39738251041046996	0.007662835249042118	0.09999999999999964	0.02061068702290073	0.074761	1.55995391687	0.5616666666666639	2.4141666666666475	1
406	2016-07-25	13.53	13.25	13.68	13.13	918900	1.2677690029615005	0.021132075471698066	0.27999999999999936	0.04107542942494391	0.125329	1.59349654538	0.4583333333333292	-0.6216666666666816	0
407	2016-07-26	13.5	13.31	13.65	13.15	863100	-0.06072477962781587	0.01427498121712994	0.1899999999999995	0.03729951510630362	0.157889	1.59827478078	-0.44166666666666404	-1.5249999999999797	0
408	2016-07-27	13.39	13.59	13.66	12.98	1044100	0.2097091878113776	-0.01471670345842526	-0.1999999999999993	0.050407709414381004	0.115881	1.59349654538	-0.03999999999999737	1.12083333333333	0
409	2016-07-28	13.21	13.51	13.51	13.13	273600	-0.7379561344698784	-0.02220577350111021	-0.29999999999999893	0.028443113772455016	0.104129	1.5789591584	-0.21166666666666778	-0.35333333333332223	1
410	2016-07-29	13.23	13.15	13.44	13.0	392700	0.43530701754385964	0.006083650190114073	0.08000000000000007	0.03335860500379071	0.066096	1.56071040904	0.2099999999999961	0.7083333333333192	1
411	2016-08-01	14.44	13.32	14.65	13.32	1702000	3.334097275273746	0.08408408408408402	1.1199999999999992	0.095821325648415	0.18504	1.48594269881	2.1350000000000002	2.839999999999994	1
412	2016-08-02	15.01	14.35	15.29	14.28	1789200	0.05123384253819036	0.04599303135888503	0.6600000000000001	0.06880108991825612	0.385744	1.49452855425	-0.36000000000000415	-5.054999999999993	0
413	2016-08-03	14.92	14.89	15.1	14.705	833400	-0.53420523138833	0.0020147750167897487	0.02999999999999936	0.026501174102650085	0.518604	1.5058551567	-0.42666666666666586	0.979166666666662	0
414	2016-08-04	14.88	14.9	15.03	14.7	485700	-0.4172066234701224	-0.0013422818791946022	-0.019999999999999574	0.022162525184687715	0.556224	1.49452855425	0.22166666666666815	1.4291666666666483	0
415	2016-08-05	14.71	14.96	15.01	14.65	562800	0.15873996294008647	-0.01671122994652406	-0.25	0.024266936299292174	0.533136	1.45733796237	-0.29500000000000465	-1.1258333333333443	1
416	2016-08-08	14.92	14.73	15.0	14.73	671600	0.19331911869225302	0.012898845892735879	0.1899999999999995	0.018212478920741963	0.553569	1.36722572059	0.5699999999999985	1.5225000000000055	0
417	2016-08-09	14.89	15.0	15.03	14.81	726600	0.08189398451459202	-0.007333333333333295	-0.10999999999999943	0.014720642355302701	0.52702	1.36722572059	-0.3566666666666614	-1.8958333333333524	0
418	2016-08-10	14.79	14.99	15.0	14.76	438700	-0.3962290118359483	-0.013342228152101471	-0.20000000000000107	0.016118200134318347	0.43182	1.35686591936	-0.07833333333333077	0.8241666666666703	1
419	2016-08-11	14.94	14.79	15.0	14.7	861800	0.9644403920674721	0.010141987829614629	0.15000000000000036	0.020181634712411755	0.254841	1.33561669453	0.38166666666667065	0.707500000000015	1
420	2016-08-12	15.0	15.1	15.15	14.9	1020700	0.18438152703643537	-0.006622516556291367	-0.09999999999999964	0.01661129568106312	0.02598	1.30223372269	-0.09833333333333864	-1.0350000000000061	1
421	2016-08-15	16.129999	15.59	16.4	15.1	3605700	2.5325756833545605	0.0346375240538808	0.5399990000000017	0.08196721569884027	0.1444487778	1.35329308134	2.051664833333336	3.6049970833333256	0
422	2016-08-16	16.09	17.27	17.49	15.25	7415200	1.0565216185484094	-0.068326577880718	-1.1799999999999997	0.13429256594724212	0.2474807994	1.32041907304	-1.3716636666666684	-6.526658000000012	0
423	2016-08-17	15.58	15.89	16.23	15.41	1654600	-0.7768637393462078	-0.019509125235997512	-0.3100000000000005	0.05211312360978712	0.2593608126	1.41353046158	-0.5116681666666665	2.9249905000000234	1
424	2016-08-18	16.01	14.89	16.4	14.88	4752300	1.8721745436963617	0.07521826729348563	1.120000000000001	0.09838187702265357	0.3035438352	1.45025234466	1.370000333333336	3.0008380000000066	1
425	2016-08-19	16.040001	16.0	16.33	15.78	955600	-0.7989184184500137	0.002500062500000011	0.040001000000000175	0.03433208382234438	0.304208982	1.46522691049	-0.6166648333333349	-4.260831333333345	1
426	2016-08-22	17.309999	15.72	17.34	15.72	4484300	3.6926538300544163	0.10114497455470742	1.5899990000000006	0.09809264602157566	0.5702156556	1.41306175278	2.436661833333341	5.611655083333328	1
427	2016-08-23	19.799999	17.299999	20.25	17.25	8657000	0.9305131235644359	0.14450867887333405	2.5	0.1617250761037777	1.9661280276	1.25395131036	3.09333599999999	-0.3216514166666684	0
