#index	date	close	open	high	low	volume	dVolume	percent_change	dollar_change	spread	var	entropy	slope	concavity	answer
40	2015-08-31	35.0	35.5	35.509998	34.77	12123800	0.736625010081	-0.90236141293	-0.5	-0.43973210904	1.84128548799	-1.46309981344	-0.06263835145	0.505175741254	0.0
41	2015-09-01	33.77	34.150002	34.68	33.41	13376000	0.0341453845549	-0.722427108157	-0.3800019999999975	0.921139757968	0.838267324973	-0.849647382977	-1.43058708451	-0.638008360983	1.0
42	2015-09-02	35.07	34.599998	35.080002	33.834999	7521000	-1.05303309083	0.781227739137	0.4700020000000009	0.783681748472	0.0797455133724	-0.385654873156	2.61020360757	2.11235838132	1.0
43	2015-09-03	35.310001	35.009998	35.459999	34.77	6683800	-0.397100677683	0.476082489907	0.3000029999999967	-0.553245839718	-0.110938753331	-0.309740893474	-1.0304064739	-2.32397403047	0.0
44	2015-09-04	34.290001	34.709999	34.720001	33.779999	7483100	0.0669073327464	-0.781618733711	-0.41999800000000675	0.079060980541	-0.110938749518	-0.385654873156	-1.18864614321	0.335846541382	1.0
45	2015-09-08	34.700001	34.810001	34.889999	34.25	7674500	-0.122009535946	-0.237618413297	-0.10999999999999943	-0.653623132864	-0.129956411342	-1.12366675442	1.38328930019	1.38388472634	0.0
46	2015-09-09	34.369999	34.919998	34.950001	33.880001	10946900	0.683457103371	-1.00372048213	-0.5499989999999997	0.380888087994	-0.453831246594	-1.41267404577	-0.986837583912	-1.50836322172	0.0
47	2015-09-10	33.459999	34.23	34.290001	32.950001	12134500	0.0446007891502	-1.41412517335	-0.7700009999999935	1.1032622691	-0.529609057134	-1.52722554546	-0.796489669841	0.349832982337	1.0
48	2015-09-11	33.549999	33.27	33.59	32.610001	9184200	-0.661994633432	0.46676615695	0.27999899999999656	0.252120015651	-0.433389034304	-1.19234362131	0.760658034674	0.79301916768	1.0
49	2015-09-14	33.77	33.700001	33.950001	33.200001	7897700	-0.454900140615	0.0810551084959	0.06999900000000281	-0.336924618147	-0.436752078449	-0.974647299274	-0.0110352337099	-0.612260893482	1.0
50	2015-09-15	33.799999	33.720001	33.950001	32.669998	11874900	0.838574548612	0.0990236680062	0.07999799999999624	0.964099774762	-0.470052847997	-1.47543871746	-0.125703490398	-0.00247229530248	0.0
51	2015-09-16	33.77	33.459999	34.060001	33.360001	7183900	-0.967247097271	0.518418532407	0.31000099999999975	-0.453736793543	-0.470052847997	-1.42496107429	-0.0190607469239	0.0974586764742	0.0
52	2015-09-17	33.32	33.720001	33.990002	33.080002	7846800	0.0120230353181	-0.767150306372	-0.40000100000000316	0.0708924878157	-0.497300484478	-0.680608163772	-0.544229458043	-0.252800867163	0.0
53	2015-09-18	32.919998	32.900002	33.779999	32.549999	16488100	2.03959963603	-0.00835257049451	0.019995999999999015	0.919291564074	-0.598811959762	-0.83331647418	-0.157809900522	0.260817224454	1.0
54	2015-09-21	34.25	33.66	34.619999	33.43	12736500	-0.630646984818	1.02123688912	0.5900000000000034	0.726137142645	-0.602853928503	-0.955123158097	1.88781889698	0.923474391077	0.0
55	2015-09-22	33.349998	33.939999	34.099998	33.189999	8538000	-0.835839777357	-1.10311035474	-0.5900010000000009	0.0625227259291	-0.689077324522	-1.88711497234	-2.3020464111	-2.32585565284	1.0
56	2015-09-23	34.16	33.490002	34.34	33.259998	5405500	-0.910687189501	1.17200133136	0.6699979999999996	0.467532124067	-0.716636204957	-2.13531327897	2.04147036373	2.63672414769	0.0
57	2015-09-24	33.91	34.0	34.07	33.380001	6544500	0.250023922691	-0.206405838764	-0.09000000000000341	-0.495469776364	-0.714014695676	-2.52021020844	-1.17947421001	-2.04363876228	0.0
58	2015-09-25	33.77	34.599998	34.689999	33.5	6566800	-0.166561418134	-1.50500087148	-0.8299979999999962	0.70657580938	-0.715459431715	-3.09875421795	0.202240736049	0.99969685958	0.0
59	2015-09-28	32.25	33.68	33.68	32.154999	7407300	0.0837968406192	-2.62888214284	-1.4299999999999997	1.65651444854	-0.51711189763	-2.76883734899	-1.8697550331	-1.08751069549	0.0
60	2015-09-29	30.629999	32.27	32.669998	30.299999	12008100	1.07475042096	-3.13774859404	-1.6400010000000016	4.07033745497	0.272937481773	-3.67713545737	-0.86299819668	0.759768060815	1.0
61	2015-09-30	31.040001	31.200001	31.280001	30.639999	13672000	0.105042652072	-0.357380728761	-0.16000000000000014	-0.47517521656	0.672842573475	-2.65737146899	1.4612645495	1.00941714846	1.0
62	2015-10-01	31.48	30.82	31.587	30.75	9657000	-0.763542038038	1.25772244025	0.6600000000000001	0.0478308731314	0.855259932075	-0.732394991905	-0.15322410592	-1.17908505327	1.0
63	2015-10-02	32.830002	30.82	32.860001	30.75	7609800	-0.599413724534	3.92307187459	2.010002	3.31892737454	0.85328674958	-1.8930090961	1.43603872325	0.905229130545	0.0
64	2015-10-05	32.669998	32.950001	33.02	32.380001	6119100	-0.567061819648	-0.562417601788	-0.28000300000000067	-0.563062192979	0.594895805511	-1.56130877276	-1.19209216839	-1.42447025679	0.0
65	2015-10-06	31.860001	32.91	32.91	31.780001	7409800	0.250462804804	-1.98672799747	-1.0499989999999961	0.713387152779	0.57264352137	-0.591493000593	-0.591233594714	0.656951323124	1.0
66	2015-10-07	32.380001	32.310001	32.471001	31.52	6969600	-0.292791156536	0.0864944023535	0.07000000000000028	0.257867983742	0.233656963486	-0.155689594171	1.26174091829	0.886119453268	0.0
67	2015-10-08	31.67	32.439999	32.450001	31.09	9281500	0.493179610085	-1.48964963467	-0.7699989999999985	1.33843958913	-0.0605428721129	0.050148533266	-1.50626777387	-1.62840779263	1.0
68	2015-10-09	32.060001	31.690001	32.450001	31.41	5911400	-0.903069900702	0.665111914233	0.370000000000001	0.525468974532	-0.401955978017	0.141435161014	1.17345431036	1.61784314605	1.0
69	2015-10-12	32.630001	32.189999	32.669998	32.099998	3915500	-0.851901229829	0.786401728632	0.4400019999999998	-0.722265574198	-0.358969785787	0.050148533266	0.235492075513	-0.762324319043	1.0
70	2015-10-13	33.220001	32.599998	33.48	32.34	8787700	2.32713490345	1.11191839052	0.6200030000000041	0.692420160506	-0.430021474206	-0.231603573853	0.368504657257	0.112633664875	1.0
71	2015-10-14	34.049999	33.400002	34.459999	33.400002	8198300	-0.308190677457	1.13884332278	0.649996999999999	0.426176504544	-0.295800578226	-0.231603573853	0.696443609118	0.164129367232	1.0
72	2015-10-15	34.619999	34.450001	34.720001	34.16	9103200	0.0483972257817	0.254931194378	0.16999799999999965	-0.836061037558	-0.0244119623617	-0.231603573853	0.180455545732	-0.291846219561	0.0
73	2015-10-16	34.290001	34.75	35.049999	33.950001	5390700	-0.992946530476	-0.850814785171	-0.4599990000000034	0.462257737866	0.188374818094	0.24369963232	-0.690997474289	-0.342664859129	1.0
74	2015-10-19	34.84	34.43	34.904999	33.790001	5855700	-6.65839093058e-05	0.679266117249	0.4100000000000037	0.489408995513	0.510845222782	0.193221989148	1.08171743464	0.996964001915	1.0
75	2015-10-20	34.869999	34.799999	34.990002	34.59	6084200	-0.0949929380084	0.0770617633887	0.07000000000000028	-1.22868269338	0.544320631382	0.193221989148	-0.486895960356	-0.990650967827	0.0
76	2015-10-21	33.830002	34.75	34.799999	32.880001	9054500	0.807646304877	-1.6562942176	-0.9199979999999996	2.46385175048	0.412086655983	0.0405136787398	-1.21730721614	-0.173333050251	1.0
77	2015-10-22	34.790001	34.43	35.25	34.259998	8735500	-0.244207098664	0.590901851643	0.3600009999999969	0.19172573241	0.0591484074034	0.193221989148	2.04490182646	1.71520603683	1.0
78	2015-10-23	34.990002	35.73	35.75	34.799999	8909100	-0.133473361893	-1.30556562155	-0.7399979999999999	0.047545444039	-0.276951385899	0.710023094911	-0.764382342399	-1.81512900557	1.0
79	2015-10-26	36.439999	36.049999	36.59	35.514999	11554600	0.423311068983	0.612946263474	0.39000000000000057	0.279229968389	-0.170817995602	-0.463792192777	1.88093005724	1.56054180721	0.0
80	2015-10-27	35.939999	36.389999	36.394001	35.310001	8502400	-0.704237809955	-0.797794362786	-0.45000000000000284	0.305315747114	-0.257247750376	0.331038360777	-1.75623411372	-2.03237547621	1.0
81	2015-10-28	36.52	36.209999	36.650002	35.810001	11634300	0.566814790347	0.475603751215	0.31000099999999975	-0.264994006965	-0.102631008676	0.831829778829	1.4578218496	2.00833841413	0.0
82	2015-10-29	35.91	34.73	36.5	34.5	25137300	2.158902839	2.02208887191	1.1799999999999997	2.51629868996	-0.0787200364264	1.17856989758	-1.35720359238	-1.70344111686	1.0
83	2015-10-30	36.009998	35.639999	36.490002	35.240002	13409200	-1.11098291038	0.586370999214	0.36999899999999997	0.713318375541	-0.143576331454	1.41075851664	0.741163161696	1.3149921169	1.0
84	2015-11-02	36.990002	35.580002	37.41	35.450001	11254900	-0.496258132782	2.36604390701	1.4099999999999966	2.29991084091	0.0356440725034	1.51297111244	1.00834139573	-0.110918791744	1.0
85	2015-11-03	37.900002	37.049999	38.439999	37.0	12025200	-0.0358733008421	1.35066212835	0.850003000000001	1.00647615129	0.423653546113	0.385030457414	0.376527303848	-0.420088340331	0.0
86	2015-11-04	37.599998	38.450001	38.52	37.330002	12226800	-0.139719289037	-1.39050320537	-0.850003000000001	0.414939527944	0.0998102380038	0.884478886571	-0.891667296154	-0.517790896488	0.0
87	2015-11-05	36.709999	37.82	37.98	36.66	9068900	-0.692426467728	-1.83122336575	-1.110000999999997	0.757298551264	-0.166596334	1.22396382109	-0.680675222499	0.334999654433	0.0
88	2015-11-06	36.240002	36.59	36.700001	35.799999	10256800	0.0898129849586	-0.62737896843	-0.34999800000000647	-0.1309331815	-0.41775562283	1.51297111244	0.0451513853332	0.364493177928	1.0
89	2015-11-09	36.599998	36.099998	36.740002	35.650002	11571500	0.0841707238893	0.797446553682	0.5	0.306353912936	-0.421619560574	1.51297111244	0.619613403814	0.139912039464	1.0
90	2015-11-10	37.0	36.580002	37.200001	36.5	36384400	4.13567000198	0.653308551564	0.41999799999999965	-0.602823084976	-0.472142932384	1.42168448469	0.100194909675	-0.379830584278	0.0
91	2015-11-11	36.330002	37.189999	37.32	35.75	12762500	-1.47806530093	-1.45242946663	-0.8599969999999999	1.36186364539	-0.459525004316	1.06401839789	-1.09118014886	-0.507394823748	0.0
92	2015-11-12	35.57	35.945	36.049999	34.830002	11835900	-0.319308074246	-0.680147394822	-0.375	0.649173866665	-0.389516937614	0.942211713972	-0.336688569493	0.572873851984	0.0
93	2015-11-13	34.529999	35.18	35.5	34.5	7364400	-0.932595380761	-1.16960520853	-0.6500010000000032	0.198842132244	0.0340481531211	0.942211713972	-0.862996132711	-0.316912582871	1.0
94	2015-11-16	35.610001	34.549999	35.66	34.529999	6734500	-0.345290969561	1.82152151712	1.0600019999999972	0.491010477577	0.0860835615315	0.6940134072	2.01509570953	1.40946291536	1.0
95	2015-11-17	36.209999	35.889999	36.450001	35.709999	7344900	0.00873136408912	0.497201081634	0.3200000000000003	-0.478370352525	-0.175440035387	0.309116477732	-0.356182295821	-1.56941312325	1.0
96	2015-11-18	36.220001	36.32	36.950001	35.785	8323100	0.0942233801901	-0.212869058101	-0.09999899999999684	0.483388299357	-0.391475561154	-0.231603573853	-0.228895278097	0.322552169265	0.0
97	2015-11-19	36.189999	36.450001	36.5	35.91	5041300	-0.96577067865	-0.479377117758	-0.26000200000000007	-0.833652660478	-0.432673598454	-1.02729640702	0.0841308114449	0.226877868471	1.0
98	2015-11-20	36.360001	36.450001	36.450001	35.919998	4543400	-0.371879394014	-0.195579423373	-0.09000000000000341	-0.973519728759	-0.426471011062	-0.682446775546	0.233204395466	0.0306164563229	0.0
99	2015-11-23	35.560001	36.5	36.650002	35.41	6961000	0.895892369989	-1.61239996666	-0.9399990000000003	0.67382831789	-0.441892593925	0.602726779452	-1.15998117167	-0.703666620766	0.0
100	2015-11-24	35.119999	35.25	35.299999	34.880001	8390100	0.239151609959	-0.269744186345	-0.13000100000000003	-1.19101199686	-0.519950221541	0.193221989148	0.118532813495	0.813484215353	1.0
101	2015-11-25	35.360001	35.200001	35.860001	35.130001	3881800	-1.25320611904	0.231250322455	0.1599999999999966	-0.464722915156	-0.545327599322	0.1019353614	0.464827098245	0.0139028872856	0.0
102	2015-11-27	35.18	35.52	35.700001	35.060001	2549400	-0.863168860808	-0.627784933063	-0.3400000000000034	-0.67933386139	-0.522318860177	-0.17981674572	-0.528178660945	-0.578673258872	1.0
103	2015-11-30	35.259998	35.360001	35.439999	34.689999	9357300	5.19285177356	-0.217424362978	-0.10000299999999385	-0.419192123425	-0.642243326185	-0.680608163772	0.292824311886	0.524959957573	0.0
104	2015-12-01	35.169998	35.41	35.41	33.849998	14893900	1.01561121148	-0.457756865405	-0.24000199999999694	1.48594997107	-0.614746597604	-0.680608163772	-0.226605190087	-0.332261385678	0.0
105	2015-12-02	35.150002	35.23	36.169998	34.93	5762400	-1.40546427654	-0.183506977048	-0.07999799999999624	0.741971590251	-0.630465042134	-0.680608163772	0.0577670504163	0.187834528249	0.0
106	2015-12-03	34.23	35.200001	35.23	33.849998	7311900	0.366953130932	-1.72213773732	-0.9700010000000034	1.11654124479	-0.532453305927	-0.301623429637	-1.17259798341	-0.610903203969	1.0
107	2015-12-04	35.619999	34.380001	35.82	34.220001	10664300	0.747935932112	2.14932580043	1.239998	1.61113907383	-0.601943314047	-0.955123158097	2.47948707641	1.91234051126	0.0
108	2015-12-07	35.16	35.709999	35.799999	34.849998	4918000	-1.25621944305	-0.982518431394	-0.5499990000000068	0.0428281043037	-0.733875988934	-0.955123158097	-1.91447275104	-2.61352390068	1.0
109	2015-12-08	35.599998	34.630001	35.700001	34.52	7420800	0.849258078448	1.6590596953	0.9699969999999993	0.606472170581	-0.730512262883	-1.29000508224	1.23536775474	2.04176011251	0.0
110	2015-12-09	35.07	35.389999	35.599998	34.830002	7381700	-0.183997017882	-0.595535177237	-0.3199990000000028	-0.368104353732	-0.729585491794	-1.46499030072	-1.13474846553	-1.44901522804	1.0
111	2015-12-10	35.490002	35.16	35.91	35.16	6949700	-0.29101330309	0.525775064995	0.33000200000000035	-0.419940432944	-0.723017368402	-1.96389123149	1.04846792982	1.29691419089	0.0
112	2015-12-11	34.689999	35.150002	35.326	34.419998	8309200	0.21969724153	-0.841655468807	-0.4600030000000004	-0.0288990256954	-0.69877991494	-1.46309981344	-1.47531259966	-1.4621522583	1.0
113	2015-12-14	35.009998	34.610001	35.223	34.330002	5784400	-0.784019408242	0.657911017072	0.39999700000000615	-0.0530885829835	-0.698965188024	-1.82721068036	1.13446777502	1.55270612486	1.0
114	2015-12-15	36.32	35.189999	36.509998	35.18	11709900	1.88514989783	1.90860791555	1.130001	0.904597905116	-0.560471051187	-2.10896278748	1.20441441517	-0.288608936903	0.0
115	2015-12-16	35.98	36.119999	36.25	35.189999	7076300	-0.968582355835	-0.281181931518	-0.1399990000000031	0.258020794098	-0.509569569765	-0.732394991905	-1.41453709006	-1.3499482467	0.0
116	2015-12-17	35.540001	36.0	36.580002	35.509998	6454100	-0.350102212182	-0.822846749323	-0.4599990000000034	0.300314483373	-0.647629238889	0.48508966008	0.0107515619168	1.08137793259	0.0
117	2015-12-18	34.98	35.349998	35.759998	34.73	13745900	2.09695591373	-0.682222316738	-0.3699980000000025	0.248629583491	-0.631902413007	-0.0725204302598	-0.438738753135	-0.324420672894	1.0
118	2015-12-21	36.080002	35.209999	36.150002	35.110001	5856000	-1.32684849275	1.45817739328	0.870002999999997	0.239188695663	-0.594872921806	-0.0725204302598	1.72843406901	1.04028263427	1.0
119	2015-12-22	36.805	36.119999	36.889999	35.779999	6030900	-0.113390282262	1.1086381921	0.6850009999999997	0.344182461184	-0.424803149331	-0.0725204302598	-0.104492771387	-1.21003581779	1.0
120	2015-12-23	37.110001	36.790001	37.68	36.77	7579500	0.342595942808	0.483928891834	0.3200000000000003	-0.138172986971	-0.25561681457	-0.17981674572	0.0474459452755	0.276851326324	0.0
121	2015-12-24	37.07	37.009998	37.23	36.82	2133400	-1.61732379823	0.0533150906845	0.060001999999997224	-1.26299858211	-0.121568060079	0.320974672333	-0.136597117541	-0.0340210168433	0.0
122	2015-12-28	36.610001	36.700001	37.0	36.25	4930100	2.46092110451	-0.194555962429	-0.09000000000000341	-0.483849532726	-0.286089794674	0.602726779452	-0.485747017743	-0.130701132307	1.0
123	2015-12-29	37.080002	36.919998	37.450001	36.75	3436600	-0.782168752606	0.218371580257	0.1600040000000007	-0.611781879538	-0.377737451919	0.33412398046	0.945269262226	0.732568655569	0.0
124	2015-12-30	36.48	37.07	37.25	36.459999	4106700	0.218429782147	-1.01379560797	-0.5900000000000034	-0.399151627907	-0.376568132603	0.193221989148	-1.24712755153	-1.25786451875	0.0
125	2015-12-31	36.200001	36.299999	36.5	36.050999	4481900	0.0101885495813	-0.212959691513	-0.09999799999999937	-1.15373121863	-0.390293158755	0.193221989148	0.228616307566	0.984521905284	0.0
126	2016-01-04	34.75	35.130001	35.560001	34.279999	12287700	3.32646051261	-0.703536983672	-0.38000100000000003	0.857870857385	-0.187630035272	0.6940134072	-1.74935937776	-1.085808583	0.0
127	2016-01-05	34.310001	34.98	34.98	33.860001	11227700	-0.346761996178	-1.21082045378	-0.6699989999999971	0.500613247468	0.0448528442703	0.975765514319	0.537064170392	1.33989186189	0.0
128	2016-01-06	33.98	33.700001	34.009998	33.209999	8441300	-0.672120134244	0.460231909035	0.27999899999999656	-0.220073984338	0.540648277572	0.6940134072	-0.403192853729	-0.74066864354	0.0
129	2016-01-07	33.130001	33.150002	34.160999	33.02	11041100	0.445500731417	-0.0820484079769	-0.0200010000000006	0.674976542089	1.23215335407	-0.982764763111	-0.915740510513	-0.185950871149	0.0
130	2016-01-08	32.689999	33.459999	33.880001	32.630001	7848800	-0.754424584178	-1.44562274398	-0.7700000000000031	0.953988299952	1.74806745198	-0.17981674572	0.0439991174375	0.565539286478	1.0
131	2016-01-11	33.040001	33.02	33.43	32.470001	8937400	0.105307025365	-0.0084777557051	0.020000999999993496	0.229882804666	1.72544431366	0.320974672333	0.592105401435	0.134975764895	1.0
132	2016-01-12	33.080002	33.349998	33.57	32.66	7854000	-0.417007080676	-0.537957456602	-0.269995999999999	0.0915733616286	1.57999926411	0.775011106541	-0.338979001498	-0.567417714563	0.0
133	2016-01-13	32.119999	33.279999	33.57	31.969999	8069400	-0.118296146434	-2.16626889955	-1.1599999999999966	1.87788968774	1.18703202894	0.274219688489	-1.17030307947	-0.270193170117	1.0
134	2016-01-14	32.869999	32.150002	33.040001	31.705	7749500	-0.253074174684	1.31737030587	0.7199969999999993	1.22538326049	0.515978932553	0.563226979837	1.71811330786	1.5409398462	0.0
135	2016-01-15	32.310001	31.620001	32.540001	31.620001	12174400	0.974021586152	1.28248581615	0.6900000000000013	0.206407200977	-0.170041524707	0.704128971149	-1.53607824808	-1.96212565472	0.0
136	2016-01-19	32.200001	32.759998	33.18	31.93	6674700	-1.0812042628	-1.08548113073	-0.5599970000000027	1.01142321387	-0.372341050186	0.704128971149	0.475141208825	1.34756070423	0.0
137	2016-01-20	31.200001	31.43	31.700001	30.52	13170600	1.78229981918	-0.490616126337	-0.2299989999999994	0.944759695427	-0.331165529942	0.46182478814	-1.30904305987	-1.03908016662	0.0
138	2016-01-21	31.200001	31.610001	31.74	30.9	9978900	-0.660390992521	-0.834580143088	-0.41000000000000014	0.0376557813075	-0.370622399353	0.6940134072	0.769831687846	1.19596690021	1.0
139	2016-01-22	31.690001	31.65	31.969999	31.540001	9444000	-0.281126364407	0.0315687502478	0.040001000000000175	-1.05490838494	-0.400517060943	0.769927386882	0.381117570382	-0.455550946904	0.0
140	2016-01-25	31.469999	31.98	31.98	31.35	7591800	-0.567528805352	-1.01572229734	-0.510000999999999	-0.533865618286	-0.374930939117	0.6940134072	-0.678388918431	-0.521544660136	1.0
141	2016-01-26	31.969999	31.49	31.98	31.389999	8617000	0.0979603035617	0.882177739734	0.47999900000000295	-0.638704169316	-0.474777466707	0.46182478814	0.912017808097	0.931999550309	0.0
142	2016-01-27	31.59	31.959999	32.630001	31.379999	12711700	0.781501469469	-0.749778858899	-0.36999899999999997	1.08226586253	-0.600559585729	-0.0957853022001	-0.938674987438	-1.07710933653	1.0
143	2016-01-28	34.240002	33.630001	34.75	33.349998	20378600	1.03861942332	1.05837735649	0.6100009999999969	1.24123514227	-0.056254937783	0.0582659971031	3.7545615723	2.45238338895	1.0
144	2016-01-29	36.139999	34.490002	36.259998	34.360001	21201100	-0.0923018447798	2.86566535998	1.6499970000000062	2.28204424344	1.51446095568	0.0582659971031	0.17471553393	-2.37070157719	1.0
145	2016-02-01	37.080002	35.650002	37.32	35.59	17356000	-0.537865403646	2.39544588172	1.4299999999999997	1.76535683075	3.59147307681	0.0582659971031	0.260726042972	0.428960110736	0.0
146	2016-02-02	36.830002	36.529999	37.77	36.439999	17310600	-0.178665380529	0.454386468447	0.3000030000000038	0.826784498723	4.96999947247	-0.595233731357	-0.641696713706	-0.295606292571	1.0
147	2016-02-03	37.009998	36.869999	37.549999	36.07	14543100	-0.494680216851	0.185713695814	0.1399990000000031	1.14247592841	5.55277039993	-1.52722554546	0.635669360834	0.765225880915	1.0
148	2016-02-04	37.169998	36.66	37.285	36.540001	10212300	-0.771831023978	0.801167427983	0.5099980000000031	-0.507043611221	5.50787381829	-2.54698953398	-0.00759333646394	-0.485729428417	0.0
149	2016-02-05	35.07	37.16	37.16	34.82	16245800	1.01384159226	-3.46767380998	-2.0899999999999963	3.19390056886	4.57133239475	-0.986505493875	-2.7435002051	-1.25786497917	0.0
150	2016-02-08	33.610001	34.0	34.290001	31.98	20629000	0.36877526728	-0.743305669148	-0.3899990000000031	3.48758430614	3.47245395453	-0.601608564406	-0.126848419738	1.68724391494	0.0
151	2016-02-09	32.700001	32.799999	33.858002	31.639999	16439200	-0.581551182083	-0.230846435525	-0.09999799999999937	3.43715889442	3.04370952147	-0.35341025777	-0.465109967384	-0.467998790171	1.0
152	2016-02-10	32.900002	33.619999	33.939999	32.82	8636500	-1.12721645706	-1.34845822464	-0.7199969999999993	0.612291805875	2.22103853056	-0.231603573853	0.640261806002	0.462377000359	1.0
153	2016-02-11	33.52	32.119999	33.639999	32.009998	13170100	0.881468607224	2.60685810564	1.4000010000000032	1.93887923158	2.42831777922	-0.231603573853	0.405193880694	-0.2909985141	1.0
154	2016-02-12	34.299999	33.970001	34.439999	33.810001	9437100	-0.743002915205	0.545774400015	0.32999799999999624	-0.650181633121	2.38583215542	-0.155689594171	0.524449307963	0.0589203921806	1.0
155	2016-02-16	35.459999	34.650002	35.52	34.48	9152400	-0.234032931255	1.37709995259	0.8099970000000027	0.279924580152	1.92871974149	0.44142029592	0.971642311114	0.211535681969	1.0
156	2016-02-17	36.360001	35.98	36.91	35.810001	12070600	0.467323514507	0.597316786014	0.38000100000000003	0.341667129568	1.75333788231	0.44142029592	0.37538661711	-0.346756275976	0.0
157	2016-02-18	36.310001	36.41	36.529999	35.66	9022100	-0.680929684234	-0.21245494018	-0.09999899999999684	-0.196286818814	1.47381957058	0.274219688489	-0.527030291657	-0.346247673163	0.0
158	2016-02-19	35.759998	36.0	36.235001	35.610001	9652800	-0.0329296904529	-0.450997735059	-0.24000199999999694	-0.736201823585	0.937520742494	0.428270987792	-0.454793104846	0.202327713314	1.0
159	2016-02-22	36.0	36.450001	36.5	35.82	10476200	-0.00199171342267	-0.796557375257	-0.4500010000000003	-0.624008392414	1.11276010366	0.428270987792	0.72511729519	0.581917197439	0.0
160	2016-02-23	35.48	35.720001	35.935001	35.02	8415200	-0.568748828657	-0.454175904414	-0.24000100000000657	-0.0490414807037	1.01748955179	0.710023094911	-0.982250757326	-1.0066869284	1.0
161	2016-02-24	36.470001	35.220001	36.75	34.860001	8090600	-0.250922895079	2.11426319018	1.25	2.1929106427	0.632152548363	0.512302431312	1.71352579329	1.48875848668	1.0
162	2016-02-25	36.740002	36.669998	36.830002	36.18	5209500	-0.889015136767	0.0708267183425	0.07000399999999729	-0.712173650376	0.121303707693	0.172817496792	-0.580920745449	-1.44902068479	1.0
163	2016-02-26	37.490002	36.73	37.535	36.369999	8595000	1.13253156311	1.21372394225	0.7600020000000001	0.423072299792	-0.15916756163	0.44142029592	0.948708407513	0.985882152646	1.0
164	2016-02-29	38.139999	37.470001	38.93	37.450001	23939900	3.41427989486	1.04269792447	0.6699979999999996	1.06642625016	-0.166489723384	0.710023094911	0.272182330934	-0.474309721321	1.0
165	2016-03-01	39.25	38.52	39.544998	38.02	14085300	-1.00061397689	1.1078230247	0.7299999999999969	1.07222691064	0.431242114293	0.193221989148	1.04273789387	0.421283833576	0.0
166	2016-03-02	39.16	39.200001	39.93	38.700001	12895900	-0.343099648343	-0.107427566973	-0.04000100000000373	0.423102218119	0.917620946921	0.6940134072	-0.86299842601	-1.00293423905	0.0
167	2016-03-03	39.02	38.959999	39.240002	38.629002	7656900	-0.989790604308	0.0483759398341	0.06000099999999975	-0.881255418532	1.17566979587	0.975765514319	0.142614742389	0.750902775796	1.0
168	2016-03-04	39.040001	38.77	39.700001	38.755001	7200100	-0.293295143642	0.37842658748	0.2700009999999935	-0.166208106173	1.09576402433	0.975765514319	0.109362944266	-0.101885200222	0.0
169	2016-03-07	38.98	38.779999	39.400002	38.720001	5327200	-0.696133037977	0.268481852444	0.20000100000000032	-0.730348017279	0.882392497575	0.975765514319	-0.131436736968	-0.151168618463	0.0
170	2016-03-08	38.16	38.689999	38.880001	38.110001	6012700	0.0851772056103	-0.878879695714	-0.5299990000000037	-0.518859852078	0.149459858049	1.05676321366	-0.989127327927	-0.378472468456	1.0
171	2016-03-09	38.57	38.48	38.619999	37.82	4990500	-0.515044243376	0.0969826442538	0.09000000000000341	-0.45857553066	-0.219772719564	0.710023094911	1.15395897872	1.15845119303	0.0
172	2016-03-10	38.490002	38.66	39.299999	37.48	7655700	0.899795275881	-0.312903455404	-0.16999799999999965	1.73280160494	-0.563610880881	0.710023094911	-0.625638004728	-1.14940889931	1.0
173	2016-03-11	39.490002	39.0	39.529999	38.849998	9539500	0.321068605157	0.719178963446	0.49000199999999694	-0.74384258011	-0.665292206631	-0.0957853022001	1.41195369841	1.15810874812	0.0
174	2016-03-14	39.380001	39.400002	39.799999	39.040001	5299700	-1.06654220408	-0.076224636821	-0.0200010000000006	-0.580652250219	-0.699965957133	-0.19167494032	-0.967342825599	-1.38183260927	0.0
175	2016-03-15	39.27	39.049999	39.639999	39.049999	5013900	-0.281778416324	0.297476638335	0.22000100000000344	-0.931386952675	-0.698673750879	-0.617843492217	0.171280287251	0.844859992156	1.0
176	2016-03-16	39.84	39.09	39.889999	38.57	6363500	0.367502392345	1.12214066938	0.75	0.593483323076	-0.625208589686	0.590868584851	0.774418858427	0.196360062632	1.0
177	2016-03-17	39.93	39.849998	40.119999	39.169998	9789600	0.908524667794	0.0768234920178	0.08000200000000035	-0.205565540408	-0.547039605872	0.164700032955	-0.376817855537	-0.682006477553	0.0
178	2016-03-18	39.41	39.860001	39.860001	38.689999	15132400	0.923323259921	-0.732290766313	-0.4500010000000003	0.267625827889	-0.539867870355	-0.413843976554	-0.605000839704	0.0405015389226	1.0
179	2016-03-21	41.139999	39.41	41.169998	39.200001	13432400	-0.399163963673	2.62577477472	1.7299990000000065	1.87655807615	-0.173813261448	0.255986660703	2.61249587421	1.60522261383	1.0
180	2016-03-22	41.32	40.669998	41.75	40.630001	10552300	-0.604283038669	0.927172056159	0.6500020000000006	0.0851955255317	-0.0305605330967	-0.208005849117	-1.28840176691	-2.34528845473	0.0
181	2016-03-23	40.52	41.060001	41.310001	40.040001	8104700	-0.639520379714	-0.845589595222	-0.5400009999999966	0.401660511197	-0.12825486088	-0.322557348806	-0.764386126341	0.734529264337	0.0
182	2016-03-24	38.919998	39.400002	39.509998	37.0	15040600	1.54632983811	-0.786647282793	-0.480004000000001	3.13607318845	-0.237152114416	-0.385654873156	-1.34229864194	-0.201300935829	0.0
183	2016-03-28	38.740002	38.810001	39.169998	38.619999	6192900	-1.35552944154	-0.15508434941	-0.06999900000000281	-1.00455903989	-0.11489571062	-0.413843976554	0.866156880792	1.12622779602	1.0
184	2016-03-29	39.529999	38.740002	39.715	38.299999	5694000	-0.335297309863	1.19551148999	0.7899969999999996	0.818268652934	-0.127589900825	-0.591493000593	0.766384286683	-0.395705298014	0.0
185	2016-03-30	39.040001	39.939999	40.040001	38.994999	5246800	-0.33123566188	-1.416488205	-0.8999980000000036	0.014021815318	-0.0937034929309	-0.591493000593	-1.30101112542	-1.06124156309	0.0
186	2016-03-31	38.599998	38.740002	39.0	38.43	8087000	0.914396027908	-0.265239379433	-0.14000399999999757	-0.958455407738	0.0526088829221	-0.732394991905	0.0118904140155	0.952623321075	1.0
187	2016-04-01	39.400002	38.509998	39.459999	38.400002	6982000	-0.447990390674	1.3609415351	0.8900039999999976	0.0761053520694	0.0552471743949	-1.19638750173	1.24225911712	0.469716528094	0.0
188	2016-04-04	38.790001	39.360001	39.380001	38.41	5381300	-0.634117780538	-0.926530570593	-0.5700000000000003	-0.121895834838	0.124988133912	-1.59994629276	-1.52003215224	-1.55236483401	0.0
189	2016-04-05	38.549999	38.349998	38.810001	37.700001	5364800	-0.179570403836	0.272000541338	0.20000100000000032	0.21363983404	-0.0804841670763	-2.20803402627	0.362770378703	1.26963695881	1.0
190	2016-04-06	39.16	38.450001	39.185001	38.25	5526200	-0.112951810304	1.07826989358	0.7099989999999963	-0.182391655039	-0.541256166525	-2.10896278748	0.814553648387	0.0270314425389	0.0
191	2016-04-07	38.279999	38.849998	38.939999	38.119999	7294500	0.469613323593	-0.938096886654	-0.5699990000000028	-0.41733700483	-0.72489373353	-1.82721068036	-1.66221402989	-1.31396839178	1.0
192	2016-04-08	38.41	38.610001	38.699001	38.099998	7822300	-0.0280067903391	-0.360534280181	-0.20000100000000032	-0.890895776504	-0.702151899052	-1.4341670949	1.0026037919	1.62483630685	0.0
193	2016-04-11	38.060001	38.330002	38.82	38.029999	5428900	-0.78827043377	-0.473961743702	-0.2700010000000006	-0.465407205699	-0.642227425661	-1.62814702787	-0.755211670515	-1.15282228139	0.0
194	2016-04-12	37.799999	38.32	38.32	37.34	7677100	0.658775789828	-0.871052027873	-0.5200010000000006	-0.0451802986038	-0.631049453096	-1.09228441865	-0.024799382746	0.520181996843	1.0
195	2016-04-13	38.790001	38.25	39.119999	38.189999	7082400	-0.329076077647	0.813708830163	0.5400009999999966	-0.178372834198	-0.647917067595	-1.32408830941	1.36953363636	0.60255029583	0.0
196	2016-04-14	38.639999	38.939999	39.02	38.415001	4590200	-0.880538398251	-0.514124658106	-0.29999999999999716	-0.887386699226	-0.647628974516	-1.32408830941	-1.05105200947	-1.3895123651	0.0
197	2016-04-15	38.580002	38.689999	38.950001	38.290001	5239600	0.110891447029	-0.218330730273	-0.1099969999999999	-0.764094396963	-0.724581397556	-1.32408830941	0.26416518826	0.947861918158	1.0
198	2016-04-18	39.639999	38.560001	39.689999	38.43	6433000	0.284294944269	1.65893422435	1.0799980000000033	0.492082577358	-0.604570435964	-1.09228441865	1.34314969431	0.401150914147	0.0
199	2016-04-19	39.240002	39.75	40.07	38.974998	5915800	-0.334971667899	-0.826034521088	-0.5099980000000031	0.118768934193	-0.565177955199	-0.955123158097	-1.37668894817	-1.50511390011	1.0
200	2016-04-20	40.080002	39.240002	40.240002	39.169998	7723500	0.440649267812	1.25723935735	0.8400000000000034	0.0569099255189	-0.387047508176	-0.595233731357	1.61605578566	1.79535030265	1.0
201	2016-04-21	40.099998	40.200001	40.549999	40.014	5539400	-0.741679081149	-0.196705189127	-0.10000300000000095	-1.07378509905	-0.253264435415	-0.0957853022001	-0.748336361228	-1.48346496028	1.0
202	2016-04-22	40.310001	39.720001	40.634998	39.68	6433900	0.15109081125	0.858512098342	0.5899999999999963	-0.201377638918	-0.120039696417	-0.0957853022001	0.433870433389	0.820139842315	0.0
203	2016-04-25	39.82	40.27	40.84	39.540001	7934200	0.29518913244	-0.725295189421	-0.45000000000000284	0.5118613459	-0.221450434492	-0.0957853022001	-0.789615965863	-0.683036233695	0.0
204	2016-04-26	39.73	39.57	40.130001	39.330002	5271200	-0.847881845537	0.200704981943	0.1599999999999966	-0.507454421443	-0.479637410817	-0.0957853022001	0.320346647381	0.678944839401	1.0
205	2016-04-27	40.009998	39.68	40.18	39.200001	12727600	2.66919461605	0.460713006437	0.32999800000000334	-0.14087683938	-0.5194375377	0.1019353614	0.305435963696	-0.143666343285	1.0
206	2016-04-28	40.07	41.0	41.490002	39.91	17800000	0.627463999554	-1.42556537114	-0.9299999999999997	1.05236260334	-0.619858316099	0.166923373029	-0.177296517624	-0.272064134782	0.0
207	2016-04-29	39.18	39.709999	39.869999	38.59	10001400	-1.05383552654	-0.857469087524	-0.5299990000000037	0.51076367991	-0.73526689113	-0.0507729490084	-1.11411519911	-0.371316321485	0.0
208	2016-05-02	39.02	39.07	39.27	38.73	6777500	-0.821173594892	-0.123206929753	-0.04999999999999716	-1.03394115057	-0.675244876311	-0.309740893474	0.518715946728	0.943935738395	0.0
209	2016-05-03	38.360001	38.630001	38.970001	38.139999	9146600	0.52903314024	-0.470631473596	-0.2700000000000031	-0.392574539729	-0.505232643351	-0.815564155816	-0.915741542498	-0.901128124788	0.0
210	2016-05-04	38.310001	38.07	38.459999	37.869999	8114800	-0.400098830297	0.338268138569	0.24000099999999946	-0.899640429368	-0.361063949742	1.05676321366	0.422396143033	0.789609059651	1.0
211	2016-05-05	38.950001	38.380001	39.118999	38.32	7127200	-0.417976919182	0.858360419842	0.5700000000000003	-0.466958832077	-0.383354359338	0.602726779452	0.688419815878	-0.0369154623934	1.0
212	2016-05-06	39.48	38.709999	39.700001	38.610001	6566900	-0.331387401834	1.16504121066	0.7700009999999935	0.13168778404	-0.481904525693	0.769927386882	0.13573335586	-0.35255565426	1.0
213	2016-05-09	39.619999	39.419998	40.18	39.330002	5861000	-0.389421538858	0.263386908058	0.20000100000000032	-0.39699177037	-0.500419193125	1.01812569365	-0.109648794692	-0.0408376860157	1.0
214	2016-05-10	40.110001	39.619999	40.150002	39.240002	6588700	0.0760950282237	0.707215356088	0.49000199999999694	-0.287568926494	-0.449866121062	0.942211713972	0.619623723658	0.4130963787	0.0
215	2016-05-11	39.709999	39.57	40.313999	39.57	5995500	-0.354333556128	0.169948402355	0.1399990000000031	-0.624229980615	-0.485708803005	0.942211713972	-0.873321136459	-0.808538317769	0.0
216	2016-05-12	39.509998	39.849998	40.0	39.169998	6323100	-0.063605591314	-0.564497463943	-0.3399999999999963	-0.445992294153	-0.549412675301	1.06401839789	0.173574847193	0.699747932477	0.0
217	2016-05-13	39.48	39.540001	39.799999	39.310001	5885900	-0.312355006692	-0.137672018728	-0.06000099999999975	-1.15243387548	-0.543693062597	1.06401839789	0.0233658510207	-0.182713196288	0.0
218	2016-05-16	39.299999	39.360001	39.529999	39.130001	10316000	1.3390975959	-0.138095836012	-0.060001999999997224	-1.33756343645	-0.550158346929	1.2049203892	-0.256422544185	-0.151852280503	0.0
219	2016-05-17	39.064999	39.099998	39.66	38.75	10746100	-0.0896260431485	-0.0998020795916	-0.034998999999999114	-0.249653347088	-0.640624062414	1.2049203892	-0.166406215764	0.0847550482481	0.0
220	2016-05-18	38.98	39.18	39.360001	38.5	10393500	-0.239345627058	-0.355947145871	-0.20000000000000284	-0.355668115583	-0.745936683099	1.2049203892	0.0325372108942	0.0919988441983	0.0
221	2016-05-19	37.650002	38.810001	38.880001	37.310001	17041300	1.11191542795	-1.86405742564	-1.1599989999999991	1.22562426079	-0.45526458016	1.06401839789	-1.67080965714	-0.841615507914	0.0
222	2016-05-20	37.529999	37.790001	37.950001	37.490002	12496600	-0.709327702008	-0.463986380797	-0.26000200000000007	-1.16797614689	-0.171063172308	1.05676321366	0.889078056585	1.47084746888	1.0
223	2016-05-23	38.07	37.68	38.23	37.389999	9083800	-0.722210623582	0.584469626194	0.39000000000000057	-0.341392691546	-0.114258932051	1.05676321366	0.464827098245	-0.542427097705	1.0
224	2016-05-24	38.919998	38.279999	39.005001	38.279999	7555200	-0.511569295589	0.971989734589	0.6399990000000031	-0.623106655693	-0.274082248317	0.775011106541	0.603563524036	0.0280481024916	0.0
225	2016-05-25	38.759998	38.869999	39.060001	38.509998	6538900	-0.443725291522	-0.21753588146	-0.1100009999999969	-1.0057630504	-0.366856411352	0.775011106541	-0.76782320766	-0.660004707947	0.0
226	2016-05-26	38.07	38.709999	38.740002	38.0	5894700	-0.371384829696	-1.05135974778	-0.6399990000000031	-0.582168760988	-0.408189966401	0.775011106541	-0.554546205916	0.326127360907	1.0
227	2016-05-27	38.09	38.0	38.345001	37.919998	5863600	-0.184010988475	0.0987803452685	0.09000000000000341	-1.2545412259	-0.488281638488	0.775011106541	0.534766973156	0.540303184268	0.0
228	2016-05-31	37.790001	37.959999	38.029999	37.5	12231400	2.00892735893	-0.317837542452	-0.16999800000000675	-1.02040409586	-0.544899502093	1.06401839789	-0.560279796482	-0.703319179529	1.0
229	2016-06-01	38.310001	37.810001	38.479	37.709999	5458500	-1.28615230576	0.759330723208	0.5	-0.50509457983	-0.614112225191	1.41075851664	0.893669011109	0.806831538444	1.0
230	2016-06-02	38.560001	38.419998	38.685001	38.32	4658600	-0.467890941811	0.176398692757	0.1400030000000001	-1.39458087267	-0.665181938852	1.57795912407	-0.178447065546	-0.697863797912	0.0
231	2016-06-03	38.330002	38.439999	38.59	37.813	4986000	-0.0321811267761	-0.219455830312	-0.1099969999999999	-0.501998822733	-0.69672849238	1.57795912407	-0.379109663521	0.0225968134333	0.0
232	2016-06-06	38.099998	38.470001	38.490002	37.98	5065900	-0.141206196223	-0.630577270146	-0.3700030000000041	-1.07616740287	-0.751849749415	0.942211713972	-0.0557616661837	0.226368191361	0.0
233	2016-06-07	37.57	38.07	38.48	37.52	6324400	0.325812575931	-0.84450596311	-0.5	-0.0754955414801	-0.703656727036	1.22396382109	-0.544222463482	-0.270355968717	0.0
234	2016-06-08	37.549999	37.529999	37.700001	37.060001	8666600	0.570810989605	-0.0129085731599	0.020000000000003126	-0.766954301439	-0.719182925004	1.31525044884	0.339834411133	0.477034808624	0.0
235	2016-06-09	37.130001	37.48	37.57	37.110001	10206700	0.183696858447	-0.613559385477	-0.34999899999999684	-1.15833336203	-0.689314726157	0.808564906888	-0.642836483125	-0.59196493672	0.0
236	2016-06-10	36.77	36.830002	37.049999	36.619999	7741400	-0.658787822749	-0.144467921734	-0.060001999999997224	-1.21192321957	-0.561258870219	0.582322287232	-0.129144470325	0.362104214615	0.0
237	2016-06-13	36.540001	36.5	37.110001	36.494999	8216000	-0.0502104832603	0.0213499858773	0.04000099999999662	-0.78423804047	-0.420890181583	0.942211713972	-0.105059216148	-0.033502267893	1.0
238	2016-06-14	37.16	36.369999	37.275002	36.25	10281900	0.33188670028	1.27637632958	0.7900009999999966	0.131607165177	-0.399737133708	1.22396382109	0.876467780754	0.44191029861	0.0
239	2016-06-15	36.84	37.16	37.220001	36.785	7092000	-0.796856847021	-0.569329757681	-0.3199999999999932	-1.20595002428	-0.414217374238	1.51297111244	-0.96160774439	-1.03072392777	1.0
240	2016-06-16	36.970001	36.619999	37.040001	36.349998	6106000	-0.452794883402	0.536238100963	0.3500020000000035	-0.625579385304	-0.545409671316	1.65387310375	0.555409298102	0.971728769374	0.0
241	2016-06-17	36.970001	37.029999	37.18	36.630001	7947100	0.432513790788	-0.143925939224	-0.05999799999999311	-0.94810795519	-0.666987931985	1.57795912407	-0.185327993415	-0.516087709703	0.0
242	2016-06-20	36.860001	37.279999	37.759998	36.82	7789600	-0.213234968127	-0.730860999273	-0.41999799999999965	-0.0776539021794	-0.767330682793	1.43705713276	-0.116528002587	0.0928527737597	0.0
243	2016-06-21	36.16	36.799999	36.799999	35.950001	12816100	1.12331385683	-1.10357460232	-0.6399990000000031	-0.248300724659	-0.737312129308	1.34577050501	-0.802225783035	-0.314017387018	0.0
244	2016-06-22	36.0	36.279999	36.493	35.779999	9292400	-0.725918129172	-0.514949953001	-0.27999899999999656	-0.544591933875	-0.72335703057	0.942211713972	0.327225855276	0.642449799469	1.0
245	2016-06-23	36.66	36.27	36.665001	36.049999	4808700	-1.14303697118	0.608953359867	0.38999999999999346	-0.782130861675	-0.741129181058	1.05676321366	0.792764444797	0.0643738468849	0.0
246	2016-06-24	35.080002	35.0	35.724998	34.610001	17647200	5.19175731021	0.0937512106689	0.08000200000000035	0.458538087429	-0.496432967095	-0.155689594171	-2.56691529342	-1.71230633367	0.0
247	2016-06-27	34.200001	34.740002	34.759998	34.0	11195800	-0.908049080979	-0.991174100721	-0.5400009999999966	-0.352189465112	0.017607493726	-0.630130520599	0.301995901089	1.86901981558	1.0
248	2016-06-28	35.240002	34.459999	35.25	34.23	12408200	0.044205461796	1.33198000236	0.7800029999999936	0.24679291412	0.0151670061636	-0.680608163772	1.64816758504	0.3186281722	1.0
249	2016-06-29	35.77	35.689999	35.904999	35.290001	9520400	-0.64109537596	0.0910605286513	0.08000100000000288	-0.753358203372	-0.0438793401739	-0.17981674572	-0.375674531506	-1.2875376715	1.0
250	2016-06-30	36.509998	35.810001	36.529999	35.59	9153000	-0.250958578949	1.14410925644	0.6999970000000033	-0.0247117498374	-0.119107454413	-0.129339102547	0.738871468377	0.779892522288	0.0
251	2016-07-01	36.349998	36.599998	36.669998	36.25	7260400	-0.588928818459	-0.460969598635	-0.25	-1.2260346317	-0.217086900864	-0.301623429637	-0.681825197096	-0.755841858498	0.0
252	2016-07-05	36.119999	36.299999	36.360001	35.869999	5321100	-0.710169889812	-0.347065197123	-0.17999999999999972	-1.05866028272	-0.318040440638	-0.595233731357	0.000430800770874	0.518136569783	0.0
253	2016-07-06	35.93	35.939999	36.169998	35.715	7821300	0.770804032419	-0.0622643363529	-0.009999000000000535	-1.13087920788	-0.330099290756	-0.19167494032	-0.0993280335465	-0.105637326846	1.0
254	2016-07-07	36.32	35.919998	36.389999	35.84	7326700	-0.30048720679	0.632272196311	0.40000200000000063	-0.918063742613	-0.30583118589	0.166923373029	0.584073925645	0.308563579716	1.0
255	2016-07-08	37.360001	36.779999	37.459999	36.66	6828600	-0.310025793795	0.914220270299	0.5800020000000004	-0.390959072464	-0.13426367669	-0.520610865201	0.947563822168	0.0578959052083	1.0
256	2016-07-11	38.150002	37.450001	38.330002	37.400002	10096200	0.788189710794	1.09202792903	0.7000010000000003	-0.140222183038	0.238708207458	-0.520610865201	0.243520111355	-0.418548156775	1.0
257	2016-07-12	38.790001	38.470001	38.91	38.240002	9997200	-0.193113687727	0.46081571513	0.3199999999999932	-0.742439916968	0.307258640818	0.1019353614	0.404048722024	0.176066373829	1.0
258	2016-07-13	39.279999	38.84	39.990002	38.830002	12458500	0.321337707138	0.643990941571	0.43999899999999315	0.282432969128	0.653011561117	-0.218454265726	0.277917641473	-0.0507280548379	1.0
259	2016-07-14	39.959999	39.689999	40.07	39.400002	9683500	-0.621012645082	0.368602414642	0.2700000000000031	-0.785614227023	1.18335170876	-0.964198882665	0.603568913287	0.170953079017	0.0
260	2016-07-15	39.09	40.02	40.07	38.98	8140600	-0.493594552072	-1.45936410722	-0.9299999999999997	0.104789324108	1.28938026301	-0.695596083673	-1.53837257869	-1.06466094759	0.0
261	2016-07-18	38.919998	39.130001	39.220001	38.73	7877400	-0.238380777367	-0.371899134431	-0.21000300000000038	-1.13964098244	1.16497871148	-0.695596083673	0.632230444876	1.35080044243	1.0
262	2016-07-19	39.369999	38.970001	39.465	38.830002	8120100	-0.111495578334	0.579232719795	0.3999979999999965	-0.836403441282	0.883048848977	-0.964198882665	0.496932247054	-0.32782527302	1.0
263	2016-07-20	40.049999	39.439999	40.450001	39.119999	11189100	0.586098720287	0.895785326961	0.6099999999999994	0.594814555068	0.41786196331	-0.397513067757	0.449915267911	-0.0921686799107	1.0
264	2016-07-21	40.130001	40.330002	40.330002	39.650002	13363300	0.217073093168	-0.347091621032	-0.20000100000000032	-0.779039306235	-0.142669236892	0.306464303875	-0.349295290711	-0.376425796576	0.0
265	2016-07-22	37.419998	37.299999	37.59	36.43	36397300	3.29038646988	0.150423397379	0.11999899999999997	0.394540115213	-0.164567906613	0.306464303875	-3.3340315964	-1.27543133526	1.0
266	2016-07-25	37.779999	37.700001	38.18	37.619999	16904100	-1.249652307	0.0837836444689	0.07999799999999624	-0.950301695201	-0.0758020575882	0.710023094911	2.640020847	3.33604043177	0.0
267	2016-07-26	37.689999	37.779999	38.27	37.599998	10279200	-0.960969160166	-0.190290267239	-0.0899999999999963	-0.708304472625	0.106886754678	0.710023094911	-1.03155587518	-2.57311321932	0.0
268	2016-07-27	37.220001	37.639999	37.689999	37.044998	8894200	-0.444170379635	-0.724304430747	-0.41999799999999965	-0.751713731358	0.375699468181	0.710023094911	-0.445613833092	0.608687531941	0.0
269	2016-07-28	37.220001	37.400002	37.68	37.101002	5111300	-1.02811045449	-0.338192393182	-0.1800009999999972	-0.893874486611	0.396594756414	0.710023094911	0.349009784279	0.41513851466	1.0
270	2016-07-29	37.240002	37.41	37.48	36.860001	6841500	0.506830161301	-0.321843849104	-0.16999799999999965	-0.80326217001	0.487318818225	0.710023094911	-0.0901535777199	-0.333113081384	0.0
271	2016-08-01	37.060001	37.43	37.439999	36.900002	5473900	-0.57511111933	-0.646831846259	-0.36999899999999997	-0.978498292837	0.574396741542	0.710023094911	-0.25068826563	-0.0440803572098	0.0
272	2016-08-02	36.540001	37.060001	37.084999	36.360001	5997700	0.0188849600081	-0.899123838667	-0.5200000000000031	-0.546900541637	0.58728604553	0.710023094911	-0.514414511909	-0.0844902882618	1.0
273	2016-08-03	36.580002	36.59	36.740002	36.279999	7663800	0.384820839362	-0.0619619393831	-0.00999800000000306	-1.13819241903	0.106914085742	0.710023094911	0.41895802973	0.492558278454	1.0
274	2016-08-04	37.299999	36.82	37.389999	36.73	7507800	-0.214313863997	0.747912536504	0.4799989999999994	-0.703867912858	-0.713502204608	0.602726779452	0.749187413596	0.0161137390051	1.0
275	2016-08-05	38.099998	37.549999	38.150002	37.549999	7670400	-0.129887250163	0.845924505911	0.5499989999999997	-0.8653338867	-0.638452743742	0.942211713972	0.432718165493	-0.24273416019	0.0
276	2016-08-08	37.91	38.189999	38.299999	37.650002	6101300	-0.584491488631	-0.491463073975	-0.27999900000000366	-0.76411500895	-0.622879412988	0.582322287232	-0.724249731072	-0.510971140843	1.0
277	2016-08-09	38.099998	38.029999	38.139999	37.880001	5049100	-0.519964061881	0.066664615233	0.06999900000000281	-1.61464204262	-0.571766485321	0.050148533266	0.568017051305	0.81450288748	0.0
278	2016-08-10	38.07	38.02	38.244999	37.91	5546800	0.0246755777731	0.0346868070023	0.04999999999999716	-1.45080016047	-0.522159450333	1.06401839789	-0.241508420552	-0.53859052794	1.0
279	2016-08-11	38.459999	38.189999	38.490002	38.099998	5999400	-0.00943721420722	0.384860771996	0.2700000000000031	-1.33707171059	-0.426019297234	1.41075851664	0.551964992893	0.448217716981	1.0
280	2016-08-12	38.509998	38.299999	38.630001	38.099998	6527900	0.00361584340659	0.288299060886	0.20999900000000338	-1.03641589801	-0.351900710538	1.48667249632	-0.26444599343	-0.488971025314	0.0
281	2016-08-15	38.459999	38.549999	38.650002	38.34	4548200	-0.782836887441	-0.187394929054	-0.0899999999999963	-1.51338311262	-0.343893115906	1.41075851664	-0.0213545042117	0.214947324707	0.0
282	2016-08-16	38.380001	38.400002	38.529999	38.150002	6149300	0.534008165546	-0.0770290452186	-0.0200010000000006	-1.36012588891	-0.513447233309	1.17856989758	-0.0569009769422	-0.0249801610288	0.0
283	2016-08-17	38.139999	38.41	38.459999	37.880001	5226500	-0.474972098891	-0.473069026857	-0.2700009999999935	-0.924165515884	-0.746425263008	0.576376287828	-0.257569996153	-0.098136688692	1.0
284	2016-08-18	38.220001	38.07	38.375	37.93	3880600	-0.690894573956	0.194417428704	0.15000100000000316	-1.21348046329	-0.830033316336	0.769927386882	0.267603874888	0.276851548005	0.0
285	2016-08-19	38.09	38.02	38.18	37.895	5093500	0.454682363679	0.0666956709018	0.07000000000000028	-1.55998918113	-0.829737861269	0.476317085162	-0.290822252936	-0.342157808078	1.0
286	2016-08-22	38.110001	37.93	38.200001	37.66	10704300	2.04022128156	0.243429579972	0.1800009999999972	-1.00300717649	-0.839651865943	0.476317085162	0.140323737059	0.270029405034	0.0
287	2016-08-23	37.860001	38.419998	38.43	37.799999	6066400	-1.0440910338	-0.932247778051	-0.5599970000000027	-0.810952974132	-0.826331677262	0.385030457414	-0.368792112993	-0.288781472384	0.0
