#index	date	close	open	high	low	volume	percent_change	dollar_change	spread
0	2015-06-25	25.40	24.620001	25.75	24.51	25922300	0.03168151780335022	0.7799990000000001	0.04958016694161996	
1	2015-06-26	24.85	25.49	25.889999	24.75	3807900	-0.02510788544527254	-0.639999999999997	0.04529197457290423	
2	2015-06-29	24.370001	24.01	24.940001	23.42	1871200	0.014993794252394705	0.3600009999999969	0.06283592263671087	
3	2015-06-30	25.10	24.85	25.74	24.50	846500	0.01006036217303823	0.25	0.04964964964964958	
4	2015-07-01	24.950001	25.01	25.299999	24.52	780000	-0.002399000399840114	-0.059999000000001246	0.031224939326962783	
5	2015-07-02	25.00	25.030001	25.10	24.60	450500	-0.0011986016300997596	-0.030000999999998612	0.019988006796162167	
6	2015-07-06	24.77	24.309999	25.10	24.309999	131700	0.01892229613008204	0.46000099999999833	0.03219238044401754	
7	2015-07-07	24.59	24.98	24.98	24.50	519000	-0.015612489991993618	-0.39000000000000057	0.019366552350211837	
8	2015-07-08	24.42	24.75	24.860001	24.209999	658000	-0.013333333333333265	-0.3299999999999983	0.02643896684970513	
9	2015-07-09	24.33	24.549999	24.725	24.18	538700	-0.008961263094145192	-0.2199990000000014	0.02229950945784601	
10	2015-07-10	24.450001	24.450001	24.565001	24.190001	774600	0.0	0.0	0.015337422685585984	
11	2015-07-13	25.26	24.559999	25.299999	24.555	377700	0.028501670541598974	0.7000010000000003	0.029907628059165553	
12	2015-07-14	25.049999	25.33	25.389999	24.90	302900	-0.011054125542834529	-0.2800009999999986	0.01945212424478218	
13	2015-07-15	24.75	24.940001	25.17	24.50	196100	-0.007618323672079996	-0.19000099999999875	0.026967196076329393	
14	2015-07-16	24.780001	25.00	25.200001	24.74	446200	-0.008799960000000056	-0.2199990000000014	0.018481357603829775	
15	2015-07-17	24.92	24.790001	25.059999	24.530001	542800	0.005244009469785884	0.12999900000000153	0.02132359643283864	
16	2015-07-20	24.719999	24.85	24.90	24.709999	125000	-0.005231428571428573	-0.13000100000000003	0.0076659674735921925	
17	2015-07-21	24.870001	24.700001	25.00	24.610001	187100	0.0068825908144699325	0.16999999999999815	0.01573528280269182	
18	2015-07-22	24.889999	24.90	25.02	24.773001	616400	-0.0004016465863453429	-0.010000999999999038	0.009921631048837695	
19	2015-07-23	25.25	24.870001	25.25	24.870001	320200	0.015279412332954934	0.37999900000000153	0.01516356713560327	
20	2015-07-24	24.85	24.99	25.35	24.76	175500	-0.005602240896358425	-0.13999999999999702	0.023675762439807378	
21	2015-07-27	24.389999	24.51	24.950001	24.02	389500	-0.004896001631987027	-0.12000100000000202	0.038036851493596174	
22	2015-07-28	24.60	24.51	24.799999	24.34	310900	0.003671970624235	0.08999999999999986	0.018733414783139883	
23	2015-07-29	25.18	24.35	25.35	24.35	815000	0.03408624229979459	0.8299999999999983	0.04037956793862305	
24	2015-07-30	25.110001	24.940001	25.26	24.690001	277100	0.006816358988919115	0.1700000000000017	0.022777181907005832	
25	2015-07-31	25.10	25.040001	25.27	24.90	221700	0.00239612610239118	0.059999000000001246	0.014758675413668262	
26	2015-08-03	25.27	25.02	25.33	24.90	313300	0.009992006394884094	0.25	0.01710081527142572	
27	2015-08-04	25.74	24.799999	25.85	24.66	409400	0.03790326765738977	0.9400009999999988	0.047091413674147535	
28	2015-08-05	26.65	25.700001	27.01	25.59	1156400	0.03696494019591665	0.9499989999999983	0.05425023774116076	
29	2015-08-06	26.57	26.75	27.00	26.16	520800	-0.006728971962616812	-0.17999999999999972	0.0315078769692423	
30	2015-08-07	26.24	26.389999	26.52	25.959999	161600	-0.005683933523453377	-0.1499990000000011	0.02128067682463759	
31	2015-08-10	26.35	26.389999	26.629999	26.275	260500	-0.0015156878179494481	-0.03999899999999812	0.013462230061855063	
32	2015-08-11	26.15	26.379999	26.58	26.08	183900	-0.008718688730807113	-0.22999900000000295	0.019036741272353726	
33	2015-08-12	26.139999	25.870001	26.219999	25.50	1426800	0.010436721668468475	0.26999800000000107	0.027686944818304228	
34	2015-08-13	26.00	25.93	26.190001	25.41	301100	0.002699575780948719	0.07000000000000028	0.030040477565954116	
35	2015-08-14	26.85	26.00	27.02	25.52	318000	0.03269230769230775	0.8500000000000014	0.056764427625354774	
36	2015-08-17	26.75	27.00	27.00	26.372	777600	-0.009259259259259259	-0.25	0.023367441860465122	
37	2015-08-18	25.73	26.25	26.50	25.639999	749900	-0.019809523809523794	-0.5199999999999996	0.033089688341669886	
38	2015-08-19	26.23	25.860001	26.41	25.66	539000	0.014307772068531628	0.36999899999999997	0.02879631351898035	
39	2015-08-20	25.940001	26.08	26.440001	25.889999	192900	-0.005368059815950903	-0.13999899999999954	0.021145789674244693	
40	2015-08-21	25.41	25.889999	26.01	25.17	375500	-0.018539938916181473	-0.4799989999999994	0.03274853865006897	
41	2015-08-24	24.129999	24.02	24.969999	23.299999	778200	0.004579475437135802	0.10999900000000196	0.0693665642651416	
42	2015-08-25	24.290001	24.99	25.25	23.83	657800	-0.028011164465786248	-0.6999989999999983	0.05762986896043292	
43	2015-08-26	24.99	24.809999	25.190001	24.120001	349800	0.0072551796555895545	0.1800009999999972	0.04297188841309014	
44	2015-08-27	25.52	25.450001	26.18	25.139999	265500	0.002750451758331925	0.06999899999999926	0.04080835705692846	
45	2015-08-28	25.76	25.389999	26.00	25.25	200400	0.01457270636363562	0.370001000000002	0.029325513769804766	
46	2015-08-31	25.860001	25.690001	26.07	25.379999	434200	0.006617360583209075	0.1700000000000017	0.026770163849848105	
47	2015-09-01	24.93	25.17	25.889999	24.809999	236600	-0.009535160905840364	-0.240000000000002	0.04311377245508975	
48	2015-09-02	25.50	25.049999	25.68	24.93	410600	0.017964112493577357	0.4500010000000003	0.0296735910914657	
49	2015-09-03	25.90	25.43	25.98	25.370001	377300	0.018482107746755756	0.46999999999999886	0.023767738164815973	
50	2015-09-04	25.370001	25.35	25.940001	25.24	893300	0.0007889940828401202	0.02000099999999705	0.027602562547268103	
51	2015-09-08	25.780001	25.629999	26.35	25.530001	709400	0.00585259484403402	0.15000199999999708	0.031900369577903244	
52	2015-09-09	25.719999	25.90	26.35	25.68	702500	-0.006949845559845452	-0.1800009999999972	0.025958931149921243	
53	2015-09-10	25.610001	25.530001	25.65	25.200001	318500	0.0031335682282191	0.08000000000000185	0.017598708736851373	
54	2015-09-11	25.639999	25.35	25.73	25.35	195300	0.011439802761341149	0.2899989999999981	0.014904883602762927	
55	2015-09-14	25.35	25.57	25.75	25.24	270700	-0.008603832616347238	-0.21999999999999886	0.020031421838177594	
56	2015-09-15	25.780001	25.24	25.809999	25.17	274100	0.021394651347068153	0.5400010000000002	0.025088161013560137	
57	2015-09-16	25.91	25.860001	26.110001	25.52	422200	0.001933449267848044	0.04999899999999968	0.022793161622693455	
58	2015-09-17	25.940001	25.93	26.34	25.76	452800	0.00038569224836093477	0.010000999999999038	0.02236360087982255	
59	2015-09-18	24.700001	25.459999	26.07	24.68	2086900	-0.029850668886514862	-0.7599979999999995	0.055422647527910714	
60	2015-09-21	25.43	24.91	25.690001	24.889999	249200	0.020875150541951007	0.5199999999999996	0.03178394914580847	
61	2015-09-22	24.940001	25.26	25.370001	24.74	331100	-0.012668210609659652	-0.3199990000000028	0.0250996409342701	
62	2015-09-23	25.18	25.01	25.43	24.92	414100	0.006797281087564899	0.16999999999999815	0.020322773460848695	
63	2015-09-24	25.15	24.790001	25.23	24.26	895700	0.014521943746593572	0.3599989999999984	0.038846615161261165	
64	2015-09-25	25.559999	25.23	25.719999	25.00	279900	0.01307962742766551	0.3299990000000008	0.028351998983106943	
65	2015-09-28	24.65	25.610001	25.610001	24.530001	499400	-0.03748539486585736	-0.9600010000000019	0.04297652123007326	
66	2015-09-29	24.08	24.690001	24.969999	23.959999	621300	-0.02470639835130021	-0.6100010000000005	0.041418904215318825	
67	2015-09-30	25.120001	24.200001	25.656	24.110001	3047500	0.03801652735468888	0.9199999999999982	0.06269257653314768	
68	2015-10-01	24.540001	25.129999	25.82	24.190001	850300	-0.02347783619092071	-0.5899980000000014	0.06563313871552251	
69	2015-10-02	24.66	24.24	24.67	23.66	452800	0.017326732673267398	0.4200000000000017	0.041308793456032784	
70	2015-10-05	24.620001	24.77	25.09	24.57	225500	-0.006055672184093706	-0.1499990000000011	0.021056893681779824	
71	2015-10-06	24.530001	24.469999	24.98	24.17	347600	0.002452063851739316	0.060001999999997224	0.033061224489795864	
72	2015-10-07	25.01	24.60	25.01	24.360001	263800	0.01666666666666667	0.41000000000000014	0.026204353960895026	
73	2015-10-08	24.950001	24.93	25.07	24.370001	299200	0.0008022864019254152	0.0200010000000006	0.028067321009075434	
74	2015-10-09	25.00	24.969999	25.59	24.860001	279700	0.0012014818262507184	0.030000999999998612	0.029217491078997196	
75	2015-10-12	24.85	24.950001	25.02	24.58	211500	-0.004008055951580879	-0.1000009999999989	0.017670682376090766	
76	2015-10-13	24.809999	24.690001	25.110001	24.469999	321400	0.004860186113398801	0.11999800000000249	0.02585866666666663	
77	2015-10-14	24.34	24.75	24.864	23.870001	513800	-0.01656565656565657	-0.41000000000000014	0.04049700550010194	
78	2015-10-15	24.34	24.42	24.620001	24.110001	728500	-0.0032760032760033512	-0.08000000000000185	0.020918785890073746	
79	2015-10-16	24.40	24.25	24.809999	24.059999	253800	0.00618556701030922	0.14999999999999858	0.030832476875642344	
80	2015-10-19	24.10	24.34	24.629999	24.00	202100	-0.00986031224322097	-0.23999999999999844	0.026011519405450104	
81	2015-10-20	24.540001	24.040001	24.709999	23.90	727700	0.02079866802002213	0.5	0.033347013859736	
82	2015-10-21	24.08	24.57	24.75	23.93	208900	-0.019943019943020023	-0.490000000000002	0.03371017471736897	
83	2015-10-22	23.190001	24.120001	24.360001	23.120001	525100	-0.038557212331790526	-0.9299999999999997	0.052420204928336385	
84	2015-10-23	23.709999	23.34	24.110001	23.15	561500	0.015852570694087402	0.36999899999999997	0.04080769480994046	
85	2015-10-26	24.110001	23.67	24.16	23.66	285100	0.018588973384030365	0.44000099999999875	0.020929258666193832	
86	2015-10-27	24.27	24.120001	24.290001	23.90	485700	0.006218863755436873	0.1499990000000011	0.01611907385577453	
87	2015-10-28	25.27	24.870001	25.459999	24.469999	734600	0.016083594045693893	0.3999990000000011	0.03948942880954464	
88	2015-10-29	25.52	25.049999	25.540001	24.85	184200	0.0187625157190625	0.4700009999999999	0.027288946555051298	
89	2015-10-30	25.709999	25.35	25.90	25.35	447900	0.014201143984220843	0.3599989999999984	0.02154328283476845	
90	2015-11-02	25.91	25.690001	26.190001	25.440001	308400	0.00856360418203181	0.2199990000000014	0.02906976687849289	
91	2015-11-03	25.950001	25.940001	26.09	25.459999	429300	0.0003855049967037998	0.010000000000001563	0.02428217289334466	
92	2015-11-04	25.959999	25.99	26.07	25.694	227700	-0.0011543285879183768	-0.030000999999998612	0.014475457448998266	
93	2015-11-05	25.719999	26.01	26.02	25.43	126600	-0.011149596309111887	-0.2900010000000002	0.02281074855617143	
94	2015-11-06	25.870001	25.809999	26.01	25.52	201600	0.0023247579358680803	0.060001999999997224	0.0189628482972137	
95	2015-11-09	25.65	25.82	25.870001	25.26	85200	-0.006584043377227022	-0.1700000000000017	0.023703166893335806	
96	2015-11-10	25.66	25.639999	25.83	25.25	150800	0.0007800702332320918	0.0200010000000006	0.02261208621076185	
97	2015-11-11	25.59	25.75	25.879999	25.450001	107500	-0.006213592233009714	-0.16000000000000014	0.01675099337748349	
98	2015-11-12	25.76	25.370001	25.870001	25.370001	208100	0.015372447167030191	0.3899990000000031	0.01955798905617076	
99	2015-11-13	25.700001	25.639999	25.940001	25.41	340000	0.002340171698134652	0.06000200000000078	0.02064670821971167	
100	2015-11-16	25.92	25.58	25.969999	25.309999	197600	0.01329163408913227	0.3400000000000034	0.025631067961165054	
101	2015-11-17	25.860001	25.85	26.040001	25.620001	185000	0.0003868858800773322	0.010000999999999038	0.016244439832828535	
102	2015-11-18	26.02	25.889999	26.059999	25.67	273700	0.005021282542343862	0.13000100000000003	0.015025968311037708	
103	2015-11-19	25.639999	25.959999	26.16	25.35	289300	-0.012326656869285715	-0.3200000000000003	0.03139535005408329	
104	2015-11-20	25.75	25.77	25.93	25.389999	231900	-0.0007760962359332392	-0.019999999999999574	0.020962771739130442	
105	2015-11-23	25.629999	25.65	26.08	25.459999	153400	-0.00077976608187123	-0.02000099999999705	0.024181006711798042	
106	2015-11-24	25.700001	25.17	25.709999	25.15	158700	0.021056853396901016	0.5300009999999986	0.022016866089701916	
107	2015-11-25	25.629999	25.700001	25.92	25.389999	151500	-0.0027238131235869907	-0.07000199999999879	0.020650730566920013	
108	2015-11-27	25.35	25.58	25.90	25.24	74600	-0.008991399530883381	-0.22999999999999687	0.025917926565874737	
109	2015-11-30	25.57	25.43	26.18	25.165001	516400	0.005505308690523026	0.14000000000000057	0.03980388235294116	
110	2015-12-01	26.389999	25.709999	26.780001	25.67	353000	0.026448853615280175	0.6799999999999997	0.04261040470673327	
111	2015-12-02	26.52	26.27	26.690001	26.190001	270900	0.00951655881233346	0.25	0.018942981625307824	
112	2015-12-03	26.26	26.59	27.00	25.993999	291100	-0.012410680707032655	-0.3299999999999983	0.038070047303689736	
113	2015-12-04	26.34	26.190001	26.655001	25.91	344500	0.005727338460200941	0.1499990000000011	0.028364781489343526	
114	2015-12-07	26.24	26.17	26.32	25.76	181000	0.0026748184944591796	0.06999999999999673	0.021369967563442043	
115	2015-12-08	26.290001	26.139999	26.370001	25.895	179200	0.005738408788768532	0.15000200000000063	0.018119435437726452	
116	2015-12-09	26.49	26.190001	26.610001	25.969999	223800	0.011454715102912738	0.2999989999999997	0.02429772163443957	
117	2015-12-10	26.51	26.40	26.67	26.200001	317900	0.00416666666666678	0.11000000000000298	0.01776597996598002	
118	2015-12-11	25.91	26.200001	26.389999	25.870001	389700	-0.01106874003554428	-0.2900010000000002	0.01995770447212239	
119	2015-12-14	26.43	25.90	26.50	25.90	263600	0.020463320463320507	0.5300000000000011	0.022931396904261474	
120	2015-12-15	26.200001	26.48	26.690001	25.73	418200	-0.010573980362537769	-0.2799990000000001	0.036446506521516514	
121	2015-12-16	26.85	26.379999	27.15	26.379999	588600	0.017816566255366418	0.4700009999999999	0.028931092033272328	
122	2015-12-17	27.02	26.82	27.41	26.73	340900	0.007457121551081256	0.1999999999999993	0.025260029717682007	
123	2015-12-18	27.02	27.02	27.08	26.559999	593000	0.0	0.0	0.019245040710584645	
124	2015-12-21	26.91	27.110001	27.40	26.780001	423700	-0.0073773881454301795	-0.20000100000000032	0.022954423862376453	
125	2015-12-22	27.17	27.049999	27.23	26.74	380300	0.0044362663377548375	0.12000100000000202	0.018074511583816222	
126	2015-12-23	27.74	27.35	27.780001	27.25	174600	0.014259597806215612	0.389999999999997	0.019241277908876333	
127	2015-12-24	27.98	27.77	28.08	27.65	110900	0.007562117392870034	0.21000000000000085	0.015426008968609855	
128	2015-12-28	27.440001	27.950001	27.98	27.34	371700	-0.018246868756820495	-0.5100000000000016	0.023108863581553965	
129	2015-12-29	27.700001	27.65	27.825001	27.389999	420300	0.0018083544303798098	0.05000100000000174	0.015718229164982337	
130	2015-12-30	27.799999	27.700001	28.01	27.440001	203700	0.003610035970756801	0.09999799999999937	0.020540504504504606	
131	2015-12-31	27.57	27.75	27.76	27.43	238900	-0.006486486486486477	-0.17999999999999972	0.011930585683297247	
132	2016-01-04	27.51	27.200001	27.540001	27.01	291600	0.011397021639815427	0.30999900000000125	0.019374921963536375	
133	2016-01-05	27.57	27.52	27.67	27.23	589000	0.0018168604651163048	0.05000000000000071	0.01597386095480128	
134	2016-01-06	27.41	27.209999	27.57	26.93	530500	0.007350275904089534	0.20000100000000032	0.023434639755302834	
135	2016-01-07	26.870001	27.049999	27.26	26.639999	222400	-0.006654270116608922	-0.1799980000000012	0.02299706973293776	
136	2016-01-08	26.139999	26.940001	27.07	26.07	332500	-0.029695693032825026	-0.8000019999999992	0.037678975131876416	
137	2016-01-11	26.34	26.27	26.57	25.790001	553000	0.0026646364674533796	0.07000000000000028	0.02965211936894127	
138	2016-01-12	26.24	26.639999	26.895	25.82	447800	-0.01501497804110282	-0.3999990000000011	0.040658094566151534	
139	2016-01-13	25.83	26.24	26.370001	25.610001	588600	-0.015625000000000007	-0.41000000000000014	0.029191473017092302	
140	2016-01-14	25.67	25.870001	26.07	25.23	349600	-0.007731000860803862	-0.20000099999999676	0.03259604127675511	
141	2016-01-15	25.280001	25.129999	25.52	24.77	566100	0.0059690412243946795	0.15000199999999708	0.029756000793493356	
142	2016-01-19	24.780001	25.32	25.700001	24.74	307800	-0.02132697472353877	-0.5399990000000017	0.03832339244863496	
143	2016-01-20	24.860001	24.469999	25.23	23.969999	456400	0.015937965506251105	0.39000199999999907	0.051084573281978476	
144	2016-01-21	24.25	24.860001	25.15	24.209999	577400	-0.024537448731397897	-0.6100010000000005	0.03828144902705251	
145	2016-01-22	24.73	24.549999	24.73	24.219999	690200	0.007332016591935533	0.18000100000000074	0.020698092952477494	
146	2016-01-25	24.48	24.74	24.84	24.219999	274400	-0.010509296685529428	-0.259999999999998	0.02519305160503854	
147	2016-01-26	24.370001	24.52	24.67	24.25	439200	-0.006117414355628104	-0.1499990000000011	0.017181427343394888	
148	2016-01-27	24.120001	24.40	24.530001	23.889999	221500	-0.011475368852459021	-0.2799990000000001	0.026380955762964602	
149	2016-01-28	23.98	24.290001	24.33	23.870001	210100	-0.012762494328427559	-0.31000099999999975	0.01905941539135248	
150	2016-01-29	24.74	24.059999	24.90	24.01	517600	0.028262719379165274	0.6800009999999972	0.03647541058351239	
151	2016-02-01	24.65	24.629999	24.809999	24.360001	790800	0.0008120584982564168	0.02000099999999705	0.018262906214750563	
152	2016-02-02	23.950001	24.459999	24.459999	23.889999	154600	-0.020850287033944665	-0.5099979999999995	0.02354885354265649	
153	2016-02-03	24.299999	24.09	24.42	23.639999	396000	0.00871726857617268	0.20999899999999982	0.03223810771312486	
154	2016-02-04	24.200001	24.280001	24.40	23.99	318200	-0.0032948927802761746	-0.0799999999999983	0.016914190721361775	
155	2016-02-05	23.35	24.15	24.15	22.99	400100	-0.0331262939958591	-0.7999999999999972	0.0488421052631579	
156	2016-02-08	22.00	23.059999	23.059999	21.280001	734800	-0.04596700112606254	-1.0599990000000012	0.07900568306714797	
157	2016-02-09	21.709999	21.76	22.235001	21.469999	736000	-0.0022978400735294913	-0.05000100000000174	0.035196780197763476	
158	2016-02-10	21.50	21.90	22.120001	21.35	314000	-0.01826484018264834	-0.3999999999999986	0.03548391705069111	
159	2016-02-11	20.98	21.219999	21.51	20.43	609200	-0.011310038233272346	-0.23999900000000096	0.05118483533613362	
160	2016-02-12	21.17	21.08	21.780001	21.02	505200	0.004269449715370181	0.09000000000000341	0.03597637869822481	
161	2016-02-16	21.360001	21.290001	21.92	21.030001	897000	0.0032879284505435338	0.07000000000000028	0.04173500390457206	
162	2016-02-17	25.07	23.950001	26.07	23.209999	1521200	0.04676404815181427	1.119999	0.1166871049227437	
163	2016-02-18	25.83	25.280001	25.940001	25.110001	892900	0.021756288696349328	0.5499989999999997	0.03247896629859187	
164	2016-02-19	25.299999	25.809999	25.809999	24.639999	520800	-0.019759783795419813	-0.5100000000000016	0.045783605782962526	
165	2016-02-22	25.51	25.50	25.969999	25.309999	314700	0.00039215686274515933	0.010000000000001563	0.025877278964908844	
166	2016-02-23	25.459999	25.209999	25.98	25.139999	500800	0.009916700115696156	0.25	0.033155754219686404	
167	2016-02-24	26.389999	25.290001	26.389999	25.16	408900	0.04349537194561595	1.0999979999999994	0.04760058049535602	
168	2016-02-25	26.40	26.549999	26.75	26.18	292600	-0.005649680062134884	-0.1499990000000011	0.02152974544909813	
169	2016-02-26	26.67	26.450001	27.00	26.360001	269400	0.008317542218618494	0.2199990000000014	0.02409634743794525	
170	2016-02-29	26.370001	26.67	26.67	26.08	326900	-0.011248556430446316	-0.29999900000000324	0.02224736006320978	
171	2016-03-01	26.74	26.629999	26.889999	26.385	511500	0.004130717391314844	0.1100009999999969	0.01892445229388136	
172	2016-03-02	26.700001	26.48	27.049999	26.084999	197700	0.008308194864048334	0.2200009999999999	0.036291838354798066	
173	2016-03-03	26.42	26.639999	26.93	26.280001	283800	-0.008258221030713922	-0.21999899999999784	0.024500528166236907	
174	2016-03-04	26.16	26.52	26.59	25.99	258100	-0.013574660633484142	-0.35999999999999943	0.022779043280182286	
175	2016-03-07	25.959999	26.00	26.565001	25.809999	378300	-0.0015385000000000067	-0.040001000000000175	0.029060893553904708	
176	2016-03-08	25.42	24.200001	26.73	24.200001	1258600	0.05041317973499263	1.2199990000000014	0.10197496771513567	
177	2016-03-09	24.76	24.60	24.85	24.41	10732300	0.006504065040650412	0.16000000000000014	0.01782820097244738	
178	2016-03-10	24.99	24.76	25.00	24.65	2725500	0.00928917609046837	0.22999999999999687	0.014070351758794028	
179	2016-03-11	25.74	25.110001	25.809999	24.969999	2201800	0.02508956491080976	0.629998999999998	0.033038347432874184	
180	2016-03-14	26.01	25.690001	26.15	25.35	1081700	0.012456169230978342	0.3199990000000028	0.030947775030023585	
181	2016-03-15	25.91	25.93	26.00	25.540001	867400	-0.0007713073659853287	-0.019999999999999574	0.017746874999999992	
182	2016-03-16	26.09	25.66	26.24	25.629999	1042400	0.01675759937646141	0.4299999999999997	0.023574917874396015	
183	2016-03-17	26.040001	25.99	26.190001	25.860001	884400	0.0019238553289727487	0.05000100000000174	0.012684989185373965	
184	2016-03-18	26.33	26.02	26.559999	25.93	847500	0.011913912375096031	0.3099999999999987	0.024068729703916013	
185	2016-03-21	26.58	26.33	26.639999	26.030001	689100	0.0094948727687049	0.25	0.023057947457947495	
186	2016-03-22	26.90	26.389999	27.00	26.341999	943900	0.019325540709569523	0.510000999999999	0.02469510273400451	
187	2016-03-23	26.65	26.66	26.940001	26.49	586100	-0.00037509377344341945	-0.010000000000001563	0.016882423560307645	
188	2016-03-24	26.540001	26.48	26.690001	26.370001	1043800	0.002265898791540776	0.06000099999999975	0.012070916407564771	
189	2016-03-28	26.74	26.66	26.889999	26.43	316200	0.0030007501875468226	0.0799999999999983	0.017228426966292128	
190	2016-03-29	27.309999	26.76	27.42	26.620001	922800	0.020553026905829583	0.5499989999999997	0.029591234133368605	
191	2016-03-30	27.709999	27.74	27.98	27.65	590700	-0.0010815068493150186	-0.030000999999998612	0.01190261518309502	
192	2016-03-31	27.610001	27.620001	27.90	27.440001	327500	-0.00036205646770244543	-0.00999999999999801	0.01665757680037744	
193	2016-04-01	27.889999	27.620001	27.98	27.280001	555700	0.00977545221667447	0.26999800000000107	0.025220644928841716	
194	2016-04-04	27.690001	27.82	28.110001	27.65	393100	-0.004672861250898689	-0.12999900000000153	0.016573626075056344	
195	2016-04-05	27.379999	27.50	27.639999	26.99	385600	-0.004363672727272672	-0.12000099999999847	0.02368801063571452	
196	2016-04-06	27.450001	27.43	27.60	27.25	206400	0.0007291651476485819	0.0200010000000006	0.012755101808398343	
197	2016-04-07	27.07	27.24	27.389999	26.940001	173300	-0.006240822320117407	-0.16999999999999815	0.01657146013625486	
198	2016-04-08	27.00	27.50	27.719999	26.889999	371800	-0.01818181818181818	-0.5	0.030458715596330344	
199	2016-04-11	26.67	27.139999	27.200001	26.610001	253500	-0.017317576172349816	-0.46999899999999784	0.02192900988531889	
200	2016-04-12	26.780001	26.639999	26.945	26.48	206300	0.0052553305276024625	0.14000199999999907	0.01740921003369524	
201	2016-04-13	27.190001	26.969999	27.309999	26.84	742500	0.008157286175650112	0.22000199999999737	0.0173559453471197	
202	2016-04-14	27.49	27.190001	27.709999	27.190001	330400	0.011033431002816061	0.2999989999999997	0.019019677779449972	
203	2016-04-15	27.620001	27.629999	27.68	27.370001	160100	-0.00036185307136649044	-0.00999800000000306	0.011221683257918598	
204	2016-04-18	27.76	27.610001	27.99	27.610001	234500	0.005432777782224676	0.1499990000000011	0.013725807951493372	
205	2016-04-19	27.940001	27.84	27.99	27.700001	209000	0.003591989942528696	0.1000009999999989	0.01039795607031266	
206	2016-04-20	27.950001	27.950001	28.00	27.85	159100	0.0	0.0	0.0053667261049471365	
207	2016-04-21	27.459999	27.84	27.92	27.440001	149900	-0.013649461206896554	-0.38000100000000003	0.01735981948209449	
208	2016-04-22	27.549999	27.35	27.848	27.34	159200	0.007312577696526444	0.19999899999999826	0.01850637556477912	
209	2016-04-25	27.459999	27.50	27.700001	27.405001	170100	-0.0014545818181818245	-0.040001000000000175	0.010735080253549557	
210	2016-04-26	27.75	27.540001	27.950001	27.315001	302400	0.007625235743455486	0.20999899999999982	0.022969795207636243	
211	2016-04-27	30.10	28.379999	30.440001	28.379999	1943900	0.06060609797766377	1.720001	0.0704515059926727	
212	2016-04-28	30.129999	29.940001	30.93	29.940001	1086800	0.006345958371878571	0.18999800000000278	0.032961511569835227	
213	2016-04-29	29.950001	29.870001	30.239	29.639999	644900	0.002678272424564092	0.08000000000000185	0.020026779671455084	
214	2016-05-02	30.59	29.92	30.719999	29.85	551900	0.022393048128342183	0.6699999999999982	0.028755544538092873	
215	2016-05-03	30.35	30.51	30.577999	30.02	688600	-0.005244182235332682	-0.16000000000000014	0.01833713440683532	
216	2016-05-04	30.49	30.17	30.559999	29.985001	526700	0.010606562810739037	0.31999999999999673	0.018958061325420404	
217	2016-05-05	30.24	30.700001	30.700001	30.00	442200	-0.014983745440268939	-0.4600010000000019	0.022973448917403213	
218	2016-05-06	30.360001	30.120001	30.68	29.860001	721500	0.007968127225493851	0.240000000000002	0.027116368150913728	
219	2016-05-09	31.389999	30.48	31.66	30.48	827000	0.029855610236220444	0.9099989999999991	0.03814449714149825	
220	2016-05-10	32.040001	31.440001	32.34	31.290001	847300	0.019083968858652323	0.5999999999999979	0.03308125289599088	
221	2016-05-11	31.469999	32.00	32.049999	31.360001	770800	-0.016562531249999957	-0.5300009999999986	0.02174249285871264	
222	2016-05-12	31.049999	31.73	31.799999	30.85	1136500	-0.021430854081311086	-0.6800010000000007	0.030264384043714246	
223	2016-05-13	31.110001	31.00	31.27	30.42	543700	0.0035484193548387245	0.11000100000000046	0.027370793312336217	
224	2016-05-16	31.540001	31.110001	31.57	31.110001	725700	0.01382192176721562	0.4299999999999997	0.014684724192027952	
225	2016-05-17	31.66	31.459999	31.940001	31.15	534000	0.006357311073023248	0.20000100000000032	0.025031717760325065	
226	2016-05-18	31.74	31.50	31.950001	31.43	670200	0.00761904761904757	0.23999999999999844	0.016445319418089837	
227	2016-05-19	31.639999	31.469999	31.77	31.26	462800	0.005401970301937352	0.16999999999999815	0.01616225688994628	
228	2016-05-20	31.73	31.780001	31.950001	31.67	287500	-0.0015733479681136005	-0.050000999999998186	0.008817540405959012	
229	2016-05-23	31.83	31.85	31.889999	31.52	396900	-0.0006279434850864404	-0.020000000000003126	0.0116205716080402	
230	2016-05-24	32.459999	31.959999	32.470001	31.85	464800	0.015644556184122645	0.5000000000000036	0.01924871217785514	
231	2016-05-25	32.75	32.740002	32.860001	32.48	735000	0.00030537566857824445	0.00999800000000306	0.011604855348759952	
232	2016-05-26	32.700001	33.09	33.299999	32.580002	759300	-0.01178600785735881	-0.3899990000000031	0.021887733365439508	
233	2016-05-27	33.029999	32.599998	33.064999	32.599998	419800	0.013190215533141971	0.4300009999999972	0.014170380047404264	
234	2016-05-31	33.099998	32.950001	33.259998	32.790001	1003400	0.004552260863360795	0.14999699999999905	0.014231552070122104	
235	2016-06-01	33.169998	33.049999	33.380001	32.500999	812100	0.0036308321824760105	0.11999899999999997	0.026547932341343953	
236	2016-06-02	32.77	32.919998	33.118999	32.68	1837900	-0.004556440131010838	-0.14999799999999652	0.01336577906426493	
237	2016-06-03	32.830002	32.73	32.889999	32.540001	726200	0.003055362053162343	0.10000200000000348	0.01067718088233147	
238	2016-06-06	33.169998	32.900002	33.32	32.779999	291600	0.00820656485066472	0.269995999999999	0.016346329650370934	
239	2016-06-07	32.610001	32.099998	33.009998	31.950001	7115400	0.01588794491513668	0.5100029999999975	0.03276145932253848	
240	2016-06-08	33.439999	32.75	33.52	32.689999	1866400	0.0210686717557252	0.6899990000000003	0.025079347712333486	
241	2016-06-09	33.439999	33.130001	33.700001	33.009998	996800	0.009357017526199296	0.3099980000000002	0.020730148715637595	
242	2016-06-10	32.57	33.099998	33.139999	32.400002	715600	-0.016012025136678227	-0.5299979999999991	0.022536836379985957	
243	2016-06-13	32.09	32.459999	32.549999	32.00	741100	-0.011398614029532161	-0.36999899999999997	0.017041022727204057	
244	2016-06-14	31.90	32.049999	32.110001	31.76	878300	-0.004680156152266997	-0.1499990000000011	0.010946083048413977	
245	2016-06-15	32.110001	32.060001	32.41	31.92	758800	0.0015595757467380352	0.04999999999999716	0.015271933449526615	
246	2016-06-16	32.220001	32.060001	32.259998	31.66	1008000	0.004990642389562112	0.1600000000000037	0.01866826326483322	
247	2016-06-17	32.279999	32.259998	32.509998	32.029999	622200	0.0006199938388090878	0.020000999999993496	0.014874466139191377	
248	2016-06-20	32.93	32.630001	33.240002	32.470001	626100	0.009193962329329983	0.2999989999999997	0.02348996303401501	
249	2016-06-21	33.169998	33.040001	33.294998	32.831001	504700	0.0039345337792212245	0.12999700000000303	0.014015919257150242	
250	2016-06-22	32.900002	33.189999	33.25	32.82	347600	-0.00873748143228325	-0.2899969999999996	0.01301255843527676	
251	2016-06-23	33.540001	33.32	33.650002	33.02	515900	0.006602671068427261	0.22000099999999634	0.01884540803402015	
252	2016-06-24	32.290001	31.65	32.790001	31.65	2468300	0.020221200631911473	0.640000999999998	0.03565846049955483	
253	2016-06-27	30.77	31.809999	31.895	30.610001	855100	-0.03269409093662661	-1.0399990000000017	0.04106740238202941	
254	2016-06-28	31.620001	31.26	31.870001	30.969999	904400	0.011516346769033809	0.3600009999999969	0.028626017356456375	
255	2016-06-29	32.66	31.98	32.689999	31.92	420200	0.021263289555972363	0.6799999999999962	0.02382422648514847	
256	2016-06-30	33.439999	32.549999	33.509998	32.360001	786200	0.02734255076321202	0.8900000000000006	0.03485367585554423	
257	2016-07-01	33.639999	33.450001	33.700001	33.43	503100	0.0056800596209250565	0.18999800000000278	0.008048919362050993	
258	2016-07-05	33.610001	33.529999	33.84	33.389999	457000	0.0023859827732175105	0.08000200000000035	0.013404855525767066	
259	2016-07-06	34.07	33.52	34.095001	33.408001	742300	0.016408114558472468	0.5499999999999972	0.020328450954283317	
260	2016-07-07	34.450001	34.040001	34.759998	33.970001	606500	0.012044652995163066	0.4100000000000037	0.02306897289913934	
261	2016-07-08	34.950001	34.82	35.290001	34.57	506500	0.0037335152211372784	0.13000100000000003	0.02063927159754509	
262	2016-07-11	34.98	34.950001	35.200001	34.900002	364600	0.0008583404618499597	0.029998999999996556	0.008579979857286136	
263	2016-07-12	35.110001	35.450001	35.450001	35.00	359200	-0.009590972931143313	-0.3400000000000034	0.012755130023947571	
264	2016-07-13	35.189999	35.369999	35.650002	35.029999	337300	-0.005089058668053672	-0.17999999999999972	0.0175737816772615	
265	2016-07-14	35.209999	35.580002	35.580002	34.919998	325800	-0.010399184350804617	-0.370002999999997	0.018646814258414846	
266	2016-07-15	34.970001	35.27	35.450001	34.862	494900	-0.008505783952367441	-0.2999989999999997	0.016742625046374884	
267	2016-07-18	34.970001	35.00	35.25	34.959999	332400	-0.0008571142857141873	-0.029998999999996556	0.008289295293850193	
268	2016-07-19	35.02	34.939999	35.200001	34.419998	771400	0.0022896680678211488	0.08000100000000288	0.022298542342746475	
269	2016-07-20	35.330002	35.049999	35.59	34.861	662000	0.007988673551745342	0.28000300000000067	0.020716112237622913	
270	2016-07-21	35.299999	35.580002	35.790001	35.18	456000	-0.007869673531777786	-0.28000300000000067	0.017212217590121	
271	2016-07-22	35.43	35.41	35.650002	35.099998	422200	0.0005648121999436072	0.020000000000003126	0.015528063241106754	
272	2016-07-25	35.299999	35.50	35.50	35.099998	728800	-0.005633830985915502	-0.20000100000000032	0.011299491685021087	
273	2016-07-26	35.220001	35.299999	35.509998	35.060001	734800	-0.0022662323588166743	-0.07999799999999624	0.01276225184344876	
274	2016-07-27	33.580002	34.419998	34.82	32.959999	1481500	-0.02440430124371301	-0.8399959999999993	0.054705911764705795	
275	2016-07-28	32.84	33.619999	33.68	32.790001	1529200	-0.02320044685307684	-0.7799989999999966	0.02678299769459831	
276	2016-07-29	32.720001	32.759998	33.50	32.700001	946400	-0.001220909720446247	-0.039996999999999616	0.02443491179650139	
277	2016-08-01	32.419998	32.68	32.880001	32.310001	714200	-0.007955997552019586	-0.26000200000000007	0.017511521275315564	
278	2016-08-02	32.009998	32.459999	33.169998	31.889999	810700	-0.013863247500408127	-0.4500010000000003	0.03970836232550158	
279	2016-08-03	32.139999	31.98	32.25	31.57	958600	0.005003095684803085	0.15999900000000267	0.021210231148007335	
280	2016-08-04	32.25	32.099998	32.345001	32.00	500700	0.004672959792707795	0.15000200000000063	0.01072264213590196	
281	2016-08-05	32.75	32.50	32.860001	32.209999	575800	0.007692307692307693	0.25	0.01992343295019137	
282	2016-08-08	32.75	32.740002	32.860001	32.580002	1484800	0.00030537566857824445	0.00999800000000306	0.00855089300501156	
283	2016-08-09	33.02	32.720001	33.259998	32.720001	561800	0.009168673313915842	0.2999989999999997	0.01642826260376843	
284	2016-08-10	32.68	33.00	33.099998	32.610001	607100	-0.009696969696969706	-0.3200000000000003	0.01492073690621201	
285	2016-08-11	32.950001	32.66	33.040001	32.639999	267000	0.008879393753827427	0.29000100000000373	0.01219332400254021	
286	2016-08-12	32.900002	32.869999	33.130001	32.77	279400	0.0009127776365311319	0.030003000000000668	0.0109472706257066	
287	2016-08-15	32.59	32.619999	33.049999	32.099998	493500	-0.0009196505493454048	-0.029998999999996556	0.029136666602310488	
288	2016-08-16	32.34	32.57	32.59	32.299999	317700	-0.007061713233036441	-0.22999999999999687	0.008935479895239677	
289	2016-08-17	32.299999	32.400002	32.400002	31.959999	324400	-0.0030865121551536	-0.10000300000000095	0.01360132900152508	
290	2016-08-18	32.310001	32.209999	32.41	32.165001	323300	0.003104688081486633	0.10000199999999637	0.007594513329200246	
291	2016-08-19	32.389999	32.200001	32.470001	32.080002	401400	0.005900558822964098	0.18999800000000278	0.01207614181761892	
292	2016-08-22	32.419998	32.27	32.599998	32.110001	323000	0.004648218159280958	0.14999799999999652	0.015149080697142778	
293	2016-08-23	32.970001	32.709999	32.970001	32.540001	302400	0.007948700946154111	0.26000200000000007	0.0130937880633376	
294	2016-08-24	32.790001	32.860001	33.040001	32.740002	488900	-0.0021302494786899213	-0.07000000000000028	0.009139344732997866	
