#index	date	close	open	high	low	volume	dVolume	percent_change	dollar_change	spread	var	entropy	slope	concavity	answer
40	2015-08-21	25.41	25.889999	26.01	25.17	375500	0.9466044582685329	-0.018539938916181473	-0.4799989999999994	0.03274853865006897	0.16868496	1.53923812855	-0.46666966666666454	2.931658000000008	0
41	2015-08-24	24.129999	24.02	24.969999	23.299999	778200	1.0724367509986685	0.004579475437135802	0.10999900000000196	0.0693665642651416	0.5256613206	1.51727668811	-1.8250003333333293	-2.2316600833333333	1
42	2015-08-25	24.290001	24.99	25.25	23.83	657800	-0.154716011308147	-0.028011164465786248	-0.6999989999999983	0.05762986896043292	0.756300992	1.55399857119	1.6100045000000012	6.105006916666682	1
43	2015-08-26	24.99	24.809999	25.190001	24.120001	349800	-0.4682274247491639	0.0072551796555895545	0.1800009999999972	0.04297188841309014	0.7849360936	1.55399857119	0.6699955000000024	-3.1925172499999803	1
44	2015-08-27	25.52	25.450001	26.18	25.139999	265500	-0.24099485420240138	0.002750451758331925	0.06999899999999926	0.04080835705692846	0.7703441032	1.57224732055	0.20833516666666085	-0.7058191666667047	1
45	2015-08-28	25.76	25.389999	26.0	25.25	200400	-0.24519774011299436	0.01457270636363562	0.370001000000002	0.029325513769804766	0.601285125	1.5812031417	0.05499966666666604	0.13082774999996616	1
46	2015-08-31	25.860001	25.690001	26.07	25.379999	434200	1.1666666666666667	0.006617360583209075	0.1700000000000017	0.026770163849848105	0.4456242376	1.5859813771	0.08000183333333528	0.2575038333333263	0
47	2015-09-01	24.93	25.17	25.889999	24.809999	236600	-0.4550898203592814	-0.009535160905840364	-0.240000000000002	0.04311377245508975	0.4481842696	1.5859813771	-1.7416696666666678	-2.873341999999989	1
48	2015-09-02	25.5	25.049999	25.68	24.93	410600	0.73541842772612	0.017964112493577357	0.4500010000000003	0.0296735910914657	0.3612412988	1.5812031417	2.1633348333333338	7.165009499999992	1
49	2015-09-03	25.9	25.43	25.98	25.370001	377300	-0.08110082805650268	0.018482107746755756	0.46999999999999886	0.023767738164815973	0.3557291582	1.5812031417	-0.24166700000000318	-5.690004666666662	0
50	2015-09-04	25.370001	25.35	25.940001	25.24	893300	1.3676119798568778	0.0007889940828401202	0.02000099999999705	0.027602562547268103	0.354425188	1.57084334047	-1.2483315000000037	-0.8558294999999987	1
51	2015-09-08	25.780001	25.629999	26.35	25.530001	709400	-0.20586589051830292	0.00585259484403402	0.15000199999999708	0.031900369577903244	0.238099948	1.541171731	1.5033321666666712	5.220827583333346	0
52	2015-09-09	25.719999	25.9	26.35	25.68	702500	-0.009726529461516776	-0.006949845559845452	-0.1800009999999972	0.025958931149921243	0.1075410448	1.50017351908	-0.7650033333333326	-4.886668749999974	0
53	2015-09-10	25.610001	25.530001	25.65	25.200001	318500	-0.5466192170818506	0.0031335682282191	0.08000000000000185	0.017598708736851373	0.0748050230004	1.47521293187	0.005005999999995699	2.047516416666639	1
54	2015-09-11	25.639999	25.35	25.73	25.35	195300	-0.3868131868131868	0.011439802761341149	0.2899989999999981	0.014904883602762927	0.0743010092006	1.43849104879	0.16332666666666285	0.1191418333333208	0
55	2015-09-14	25.35	25.57	25.75	25.24	270700	0.3860727086533538	-0.008603832616347238	-0.21999999999999886	0.020031421838177594	0.0768840256006	1.3874080724	-0.6033284999999893	-1.3758095833333261	1
56	2015-09-15	25.780001	25.24	25.809999	25.17	274100	0.012560029553010712	0.021394651347068153	0.5400010000000002	0.025088161013560137	0.0727560128006	1.39378147449	1.1366666666666643	3.134987833333336	1
57	2015-09-16	25.91	25.860001	26.110001	25.52	422200	0.5403137541043415	0.001933449267848044	0.04999899999999968	0.022793161622693455	0.0361039736006	1.39378147449	-0.3600026666666629	-3.20833641666664	1
58	2015-09-17	25.940001	25.93	26.34	25.76	452800	0.07247749881572714	0.00038569224836093477	0.010000999999999038	0.02236360087982255	0.0398000040006	1.36244748519	0.04666999999999888	1.2183448333333426	0
59	2015-09-18	24.700001	25.459999	26.07	24.68	2086900	3.6088780918727914	-0.029850668886514862	-0.7599979999999995	0.055422647527910714	0.121399900001	1.37377408764	-2.265001499999992	-3.695843749999966	1
60	2015-09-21	25.43	24.91	25.690001	24.889999	249200	-0.880588432603383	0.020875150541951007	0.5199999999999996	0.03178394914580847	0.119203938401	1.37680857851	2.794998500000004	9.252501749999984	0
61	2015-09-22	24.940001	25.26	25.370001	24.74	331100	0.32865168539325845	-0.012668210609659652	-0.3199990000000028	0.0250996409342701	0.150115820801	1.36548197605	-2.163330333333336	-10.304158916666628	1
62	2015-09-23	25.18	25.01	25.43	24.92	414100	0.2506795530051344	0.006797281087564899	0.16999999999999815	0.020322773460848695	0.1528159076	1.39378147449	1.2549966666666752	7.391654249999988	0
63	2015-09-24	25.15	24.790001	25.23	24.26	895700	1.1630041052885776	0.014521943746593572	0.3599989999999984	0.038846615161261165	0.1569559028	1.41203022385	-0.498331833333341	-3.974156249999993	1
64	2015-09-25	25.559999	25.23	25.719999	25.0	279900	-0.6875069777827397	0.01307962742766551	0.3299990000000008	0.028351998983106943	0.1537239236	1.40194545938	0.8666645000000024	2.717492416666668	0
65	2015-09-28	24.65	25.610001	25.610001	24.530001	499400	0.7842086459449803	-0.03748539486585736	-0.9600010000000019	0.04297652123007326	0.2039839656	1.44182996002	-2.156663666666676	-5.3441570833333385	0
66	2015-09-29	24.08	24.690001	24.969999	23.959999	621300	0.24409291149379256	-0.02470639835130021	-0.6100010000000005	0.041418904215318825	0.3090439424	1.44340532311	0.15333183333333741	5.1349905000000335	1
67	2015-09-30	25.120001	24.200001	25.656	24.110001	3047500	3.905037823917592	0.03801652735468888	0.9199999999999982	0.06269257653314768	0.245764983	1.47080847632	2.2683355000000027	2.5225075833333315	0
68	2015-10-01	24.540001	25.129999	25.82	24.190001	850300	-0.7209844134536505	-0.02347783619092071	-0.5899980000000014	0.06563313871552251	0.179964787	1.48984906194	-2.46666783333333	-8.975006666666635	1
69	2015-10-02	24.66	24.24	24.67	23.66	452800	-0.46748206515347523	0.017326732673267398	0.4200000000000017	0.041308793456032784	0.1819888356	1.52657094502	1.2433318333333336	8.1075008333333	0
70	2015-10-05	24.620001	24.77	25.09	24.57	225500	-0.5019876325088339	-0.006055672184093706	-0.1499990000000011	0.021056893681779824	0.160199822	1.5388643487	-0.4066636666666727	-3.9349922500000027	0
71	2015-10-06	24.530001	24.469999	24.98	24.17	347600	0.5414634146341464	0.002452063851739316	0.060001999999997224	0.033061224489795864	0.1679487646	1.51240352376	-0.07833483333332818	0.9491571666666943	1
72	2015-10-07	25.01	24.6	25.01	24.360001	263800	-0.24108170310701957	0.01666666666666667	0.41000000000000014	0.026204353960895026	0.1579357748	1.46291952819	0.9716651666666714	1.657501750000004	0
73	2015-10-08	24.950001	24.93	25.07	24.370001	299200	0.13419257012888552	0.0008022864019254152	0.0200010000000006	0.028067321009075434	0.1472158224	1.46291952819	-0.6999969999999998	-3.2358255833333183	1
74	2015-10-09	25.0	24.969999	25.59	24.860001	279700	-0.06517379679144385	0.0012014818262507184	0.030000999999998612	0.029217491078997196	0.0871840360003	1.45255972696	0.32166333333333813	2.3733209166667044	0
75	2015-10-12	24.85	24.950001	25.02	24.58	211500	-0.2438326778691455	-0.004008055951580879	-0.1000009999999989	0.017670682376090766	0.0881440160003	1.45627108934	-0.35333183333333196	-1.3899895833333364	0
76	2015-10-13	24.809999	24.690001	25.110001	24.469999	321400	0.5196217494089834	0.004860186113398801	0.11999800000000249	0.02585866666666663	0.0403289428004	1.46522691049	0.11833116666666399	0.9883257499999729	0
77	2015-10-14	24.34	24.75	24.864	23.870001	513800	0.5986309894212819	-0.01656565656565657	-0.41000000000000014	0.04049700550010194	0.0465689274004	1.52366672721	-0.8649970000000025	-1.7491570833333203	0
78	2015-10-15	24.34	24.42	24.620001	24.110001	728500	0.417866874270144	-0.0032760032760033512	-0.08000000000000185	0.020918785890073746	0.0578089736004	1.5434157143	0.5349985000000027	2.6899905000000026	1
79	2015-10-16	24.4	24.25	24.809999	24.059999	253800	-0.6516129032258065	0.00618556701030922	0.14999999999999858	0.030832476875642344	0.0665449840004	1.56890973802	-0.04666633333333792	-1.5508286666666986	0
80	2015-10-19	24.1	24.34	24.629999	24.0	202100	-0.2037037037037037	-0.00986031224322097	-0.23999999999999844	0.026011519405450104	0.0976410074003	1.56048735338	-0.6199999999999939	-0.7891675833333428	1
81	2015-10-20	24.540001	24.040001	24.709999	23.9	727700	2.6006927263730826	0.02079866802002213	0.5	0.033347013859736	0.0974440092003	1.55570911798	1.1766685000000017	3.2333362499999985	0
82	2015-10-21	24.08	24.57	24.75	23.93	208900	-0.7129311529476433	-0.019943019943020023	-0.490000000000002	0.03371017471736897	0.1053490278	1.55570911798	-1.456669666666663	-5.051675333333321	0
83	2015-10-22	23.190001	24.120001	24.360001	23.120001	525100	1.5136428913355673	-0.038557212331790526	-0.9299999999999997	0.052420204928336385	0.240164711	1.39458861906	-0.9483299999999962	1.9741790833333444	1
84	2015-10-23	23.709999	23.34	24.110001	23.15	561500	0.06932012949914303	0.015852570694087402	0.36999899999999997	0.04080769480994046	0.226103842	1.43849104879	1.8383281666666622	4.505817083333312	1
85	2015-10-26	24.110001	23.67	24.16	23.66	285100	-0.49225289403383793	0.018588973384030365	0.44000099999999875	0.020929258666193832	0.1845158316	1.46816265826	-0.16999366666667015	-4.739144666666685	1
86	2015-10-27	24.27	24.120001	24.290001	23.9	485700	0.7036127674500176	0.006218863755436873	0.1499990000000011	0.01611907385577453	0.1407759828	1.46816265826	-4.833333341262384e-06	0.9324771666666436	1
87	2015-10-28	25.27	24.870001	25.459999	24.469999	734600	0.5124562487131974	0.016083594045693893	0.3999990000000011	0.03948942880954464	0.2617689456	1.43849104879	1.7800018333333287	3.020015083333322	1
88	2015-10-29	25.52	25.049999	25.540001	24.85	184200	-0.7492512932208004	0.0187625157190625	0.4700009999999999	0.027288946555051298	0.4198888984	1.45733796237	-0.6550003333333395	-4.787505583333361	1
89	2015-10-30	25.709999	25.35	25.9	25.35	447900	1.4315960912052117	0.014201143984220843	0.3599989999999984	0.02154328283476845	0.595559594	1.43802233999	0.3899981666666612	2.719997999999985	1
90	2015-11-02	25.91	25.690001	26.190001	25.440001	308400	-0.3114534494306765	0.00856360418203181	0.2199990000000014	0.02906976687849289	0.7637085578	1.47521293187	0.22833633333333006	-0.48832466666668495	1
91	2015-11-03	25.950001	25.940001	26.09	25.459999	429300	0.39202334630350194	0.0003855049967037998	0.010000000000001563	0.02428217289334466	0.9169758116	1.4964621567	-0.09666633333332797	-0.5500065833333044	1
92	2015-11-04	25.959999	25.99	26.07	25.694	227700	-0.469601677148847	-0.0011543285879183768	-0.030000999999998612	0.014475457448998266	0.974879574001	1.49081586317	0.038328833333332334	0.3749930833333555	0
93	2015-11-05	25.719999	26.01	26.02	25.43	126600	-0.4440052700922266	-0.011149596309111887	-0.2900010000000002	0.02281074855617143	0.655340877201	1.48523429734	-0.4383306666666738	-0.7908189999999896	1
94	2015-11-06	25.870001	25.809999	26.01	25.52	201600	0.5924170616113744	0.0023247579358680803	0.060001999999997224	0.0189628482972137	0.425948708001	1.48523429734	0.5583363333333248	1.818330749999954	0
95	2015-11-09	25.65	25.82	25.870001	25.26	85200	-0.5773809523809523	-0.006584043377227022	-0.1700000000000017	0.023703166893335806	0.2331410026	1.4964621567	-0.6583374999999982	-2.413345916666638	1
96	2015-11-10	25.66	25.639999	25.83	25.25	150800	0.7699530516431925	0.0007800702332320918	0.0200010000000006	0.02261208621076185	0.0420160304005	1.47521293187	0.32500183333333155	2.0766799166666394	0
97	2015-11-11	25.59	25.75	25.879999	25.450001	107500	-0.28713527851458887	-0.006213592233009714	-0.16000000000000014	0.01675099337748349	0.0223040368005	1.45025234466	-0.21333366666666484	-1.224172249999981	1
98	2015-11-12	25.76	25.370001	25.870001	25.370001	208100	0.935813953488372	0.015372447167030191	0.3899990000000031	0.01955798905617076	0.0162560416005	1.44691343343	0.3966666666666683	1.1375009166666767	0
99	2015-11-13	25.700001	25.639999	25.940001	25.41	340000	0.6338298894762133	0.002340171698134652	0.06000200000000078	0.02064670821971167	0.0164010126005	1.43682866896	-0.3316648333333312	-1.4241637500000195	1
100	2015-11-16	25.92	25.58	25.969999	25.309999	197600	-0.4188235294117647	0.01329163408913227	0.3400000000000034	0.025631067961165054	0.0166760124005	1.41978531698	0.5299970000000052	1.6883246666667067	0
101	2015-11-17	25.860001	25.85	26.040001	25.620001	185000	-0.06376518218623482	0.0003868858800773322	0.010000999999999038	0.016244439832828535	0.0143089962005	1.39539709233	-0.3866633333333442	-1.8208209166667	1
102	2015-11-18	26.02	25.889999	26.059999	25.67	273700	0.47945945945945945	0.005021282542343862	0.13000100000000003	0.015025968311037708	0.0169250320004	1.34791009821	0.4366633333333283	1.6916533333332968	0
103	2015-11-19	25.639999	25.959999	26.16	25.35	289300	0.05699671172816953	-0.012326656869285715	-0.3200000000000003	0.03139535005408329	0.0183810512004	1.2868726304	-0.9033336666666685	-2.4549924999999937	1
104	2015-11-20	25.75	25.77	25.93	25.389999	231900	-0.19840995506394746	-0.0007760962359332392	-0.019999999999999574	0.020962771739130442	0.0172050330003	1.206308866	0.698336000000006	3.160837333333338	0
105	2015-11-23	25.629999	25.65	26.08	25.459999	153400	-0.3385079775765416	-0.00077976608187123	-0.02000099999999705	0.024181006711798042	0.0176610580004	1.16768561467	-0.4750033333333299	-2.554178166666636	1
106	2015-11-24	25.700001	25.17	25.709999	25.15	158700	0.03455019556714472	0.021056853396901016	0.5300009999999986	0.022016866089701916	0.0170610466005	1.12049771985	0.3050051666666664	1.6550162499999743	0
107	2015-11-25	25.629999	25.700001	25.92	25.389999	151500	-0.045368620037807186	-0.0027238131235869907	-0.07000199999999879	0.020650730566920013	0.0158690720006	1.06313224357	-0.25000633333332206	-1.1575219999999622	0
108	2015-11-27	25.35	25.58	25.9	25.24	74600	-0.5075907590759076	-0.008991399530883381	-0.22999999999999687	0.025917926565874737	0.0310800720006	1.08057384836	-0.40832850000000204	-0.041643833333353086	1
109	2015-11-30	25.57	25.43	26.18	25.165001	516400	5.92225201072386	0.005505308690523026	0.14000000000000057	0.03980388235294116	0.0331210734005	0.992772803032	0.70666483333333	1.9249849166666735	1
110	2015-12-01	26.389999	25.709999	26.780001	25.67	353000	-0.3164213787761425	0.026448853615280175	0.6799999999999997	0.04261040470673327	0.0730239556006	1.24603788927	1.1533318333333338	0.14083599999998833	1
111	2015-12-02	26.52	26.27	26.690001	26.190001	270900	-0.23257790368271955	0.00951655881233346	0.25	0.018942981625307824	0.126219974	1.10724498236	-0.6449970000000013	-3.2541589166666682	0
112	2015-12-03	26.26	26.59	27.0	25.993999	291100	0.07456626061277224	-0.012410680707032655	-0.3299999999999983	0.038070047303689736	0.1410039884	1.06253540806	-0.3550015000000026	1.3674905000000024	1
113	2015-12-04	26.34	26.190001	26.655001	25.91	344500	0.18344211611130196	0.005727338460200941	0.1499990000000011	0.028364781489343526	0.1565439756	1.02196309344	0.49333366666666834	1.4641713333333162	0
114	2015-12-07	26.24	26.17	26.32	25.76	181000	-0.4746008708272859	0.0026748184944591796	0.06999999999999673	0.021369967563442043	0.1620809952	0.97973183965	-0.3633333333333357	-1.8458342499999674	1
115	2015-12-08	26.290001	26.139999	26.370001	25.895	179200	-0.009944751381215469	0.005738408788768532	0.15000200000000063	0.018119435437726452	0.157328994	1.04038278101	0.2350018333333388	1.2591695833333034	1
116	2015-12-09	26.49	26.190001	26.610001	25.969999	223800	0.24888392857142858	0.011454715102912738	0.2999989999999997	0.02429772163443957	0.1615160756	1.38697470769	0.2749970000000002	-0.15250866666668608	1
117	2015-12-10	26.51	26.4	26.67	26.200001	317900	0.4204647006255585	0.00416666666666678	0.11000000000000298	0.01776597996598002	0.14708398	1.43876608555	-0.1799984999999976	-0.812490500000005	0
118	2015-12-11	25.91	26.200001	26.389999	25.870001	389700	0.22585718779490405	-0.01106874003554428	-0.2900010000000002	0.01995770447212239	0.0805559800002	1.40194545938	-1.0566670000000034	-1.160838000000041	1
119	2015-12-14	26.43	25.9	26.5	25.9	263600	-0.32358224275083397	0.020463320463320507	0.5300000000000011	0.022931396904261474	0.0298159800002	1.420986045	1.6600000000000048	4.858334250000051	0
120	2015-12-15	26.200001	26.48	26.690001	25.73	418200	0.58649468892261	-0.010573980362537769	-0.2799990000000001	0.036446506521516514	0.0310889704002	1.45780667117	-1.2283314999999995	-5.929163749999977	1
121	2015-12-16	26.85	26.379999	27.15	26.379999	588600	0.40746054519368724	0.017816566255366418	0.4700009999999999	0.028931092033272328	0.0541559572002	1.44026632329	1.6333303333333415	5.71832466666667	1
122	2015-12-17	27.02	26.82	27.41	26.73	340900	-0.42082908596670066	0.007457121551081256	0.1999999999999993	0.025260029717682007	0.0921559268002	1.51471090606	-0.523331833333342	-4.580823833333341	0
123	2015-12-18	27.02	27.02	27.08	26.559999	593000	0.7395130536814315	0.0	0.0	0.019245040710584645	0.1218038996	1.55570911798	0.018332999999993643	1.6708286666666556	0
124	2015-12-21	26.91	27.110001	27.4	26.780001	423700	-0.2854974704890388	-0.0073773881454301795	-0.20000100000000032	0.022954423862376453	0.1279008728	1.5812031417	-0.14500000000000313	-0.27916575000003263	1
125	2015-12-22	27.17	27.049999	27.23	26.74	380300	-0.10243096530564079	0.0044362663377548375	0.12000100000000202	0.018074511583816222	0.1495489098	1.55153153223	0.6050000000000028	1.235000000000004	1
126	2015-12-23	27.74	27.35	27.780001	27.25	174600	-0.5408887720220878	0.014259597806215612	0.389999999999997	0.019241277908876333	0.2499238848	1.45255972696	0.7049999999999876	-0.24499999999999034	1
127	2015-12-24	27.98	27.77	28.08	27.65	110900	-0.36483390607101945	0.007562117392870034	0.21000000000000085	0.015426008968609855	0.3662008554	1.46007870938	-0.1383333333333224	-1.501666666666651	0
128	2015-12-28	27.440001	27.950001	27.98	27.34	371700	2.351668169522092	-0.018246868756820495	-0.5100000000000016	0.023108863581553965	0.2669038976	1.49346168123	-1.079998166666665	-1.0558304166666896	1
129	2015-12-29	27.700001	27.65	27.825001	27.389999	420300	0.13075060532687652	0.0018083544303798098	0.05000100000000174	0.015718229164982337	0.2479809462	1.53445989315	1.1866655000000073	4.240827583333375	1
130	2015-12-30	27.799999	27.700001	28.01	27.440001	203700	-0.5153461812990721	0.003610035970756801	0.09999799999999937	0.020540504504504606	0.1574209954	1.56413150262	-0.3000033333333351	-3.4483354166666893	0
131	2015-12-31	27.57	27.75	27.76	27.43	238900	0.17280314187530682	-0.006486486486486477	-0.17999999999999972	0.011930585683297247	0.130204981	1.5812031417	-0.4516625000000083	0.22418016666667975	0
132	2016-01-04	27.51	27.200001	27.540001	27.01	291600	0.22059439095856007	0.011397021639815427	0.30999900000000125	0.019374921963536375	0.1111439712	1.59156294293	0.19166483333333892	1.2841534166666217	1
133	2016-01-05	27.57	27.52	27.67	27.23	589000	1.0198902606310014	0.0018168604651163048	0.05000000000000071	0.01597386095480128	0.0873289602003	1.59156294293	0.10333366666666184	-0.43416108333331255	0
134	2016-01-06	27.41	27.209999	27.57	26.93	530500	-0.09932088285229201	0.007350275904089534	0.20000100000000032	0.023434639755302834	0.0469289502003	1.59827478078	-0.38333333333333286	-0.8258342500000045	0
135	2016-01-07	26.870001	27.049999	27.26	26.639999	222400	-0.5807728557964185	-0.006654270116608922	-0.1799980000000012	0.02299706973293776	0.0801688184004	1.5859813771	-0.7833315000000063	-0.3749970833333502	0
136	2016-01-08	26.139999	26.940001	27.07	26.07	332500	0.49505395683453235	-0.029695693032825026	-0.8000019999999992	0.037678975131876416	0.2526491342	1.56048735338	-0.7616714999999985	0.3208217500000406	1
137	2016-01-11	26.34	26.27	26.57	25.790001	553000	0.6631578947368421	0.0026646364674533796	0.07000000000000028	0.02965211936894127	0.304145167	1.51948914146	1.038337833333338	2.9025181666666717	0
138	2016-01-12	26.24	26.639999	26.895	25.82	447800	-0.19023508137432188	-0.01501497804110282	-0.3999990000000011	0.040658094566151534	0.384545126	1.41136293234	-0.6600018333333383	-3.6841808333333197	0
139	2016-01-13	25.83	26.24	26.370001	25.610001	588600	0.31442608307280034	-0.015625000000000007	-0.41000000000000014	0.029191473017092302	0.4804759716	1.57224732055	-0.5683329999999991	0.7983389166666323	0
140	2016-01-14	25.67	25.870001	26.07	25.23	349600	-0.4060482500849473	-0.007731000860803862	-0.20000099999999676	0.03259604127675511	0.517325146	1.48594269881	0.15166666666667675	1.3324990833333363	0
141	2016-01-15	25.280001	25.129999	25.52	24.77	566100	0.619279176201373	0.0059690412243946795	0.15000199999999708	0.029756000793493356	0.5977039048	1.4964621567	-0.6649981666666788	-1.6633304166666865	0
142	2016-01-19	24.780001	25.32	25.700001	24.74	307800	-0.4562798092209857	-0.02132697472353877	-0.5399990000000017	0.03832339244863496	0.7093606728	1.46007870938	-0.5150011666666549	0.5599942500000358	1
143	2016-01-20	24.860001	24.469999	25.23	23.969999	456400	0.48278102664067574	0.015937965506251105	0.39000199999999907	0.051084573281978476	0.6348355648	1.50478828368	0.6000003333333362	1.7925037500000276	0
144	2016-01-21	24.25	24.860001	25.15	24.209999	577400	0.2651183172655565	-0.024537448731397897	-0.6100010000000005	0.03828144902705251	0.6057637544	1.47692347866	-1.3783351666666732	-3.7566705000000127	1
145	2016-01-22	24.73	24.549999	24.73	24.219999	690200	0.19535850363699342	0.007332016591935533	0.18000100000000074	0.020698092952477494	0.4854955912	1.50241750238	1.6183345000000078	5.665839083333348	0
146	2016-01-25	24.48	24.74	24.84	24.219999	274400	-0.6024340770791075	-0.010509296685529428	-0.259999999999998	0.02519305160503854	0.4918038364	1.51948914146	-1.221666999999993	-5.850003749999985	0
147	2016-01-26	24.370001	24.52	24.67	24.25	439200	0.6005830903790087	-0.006117414355628104	-0.1499990000000011	0.017181427343394888	0.4100488188	1.52507070729	0.2500018333333287	3.4758371666666696	0
148	2016-01-27	24.120001	24.4	24.530001	23.889999	221500	-0.49567395264116576	-0.011475368852459021	-0.2799990000000001	0.026380955762964602	0.309560845	1.47558671172	-0.41333450000000366	-1.4741724166666472	0
149	2016-01-28	23.98	24.290001	24.33	23.870001	210100	-0.05146726862302483	-0.012762494328427559	-0.31000099999999975	0.01905941539135248	0.25017603	1.55711309806	-0.0016681666666601795	0.8458341666666769	1
150	2016-01-29	24.74	24.059999	24.9	24.01	517600	1.4635887672536887	0.028262719379165274	0.6800009999999972	0.03647541058351239	0.138669123	1.55153153223	1.4733344999999989	2.1850048333333283	0
151	2016-02-01	24.65	24.629999	24.809999	24.360001	790800	0.5278207109737248	0.0008120584982564168	0.02000099999999705	0.018262906214750563	0.0835440292002	1.541171731	-1.0983336666666699	-4.928337083333308	0
152	2016-02-02	23.950001	24.459999	24.459999	23.889999	154600	-0.80450177035913	-0.020850287033944665	-0.5099979999999995	0.02354885354265649	0.0984009296002	1.51992250617	-0.9249981666666626	1.4541704999999705	1
153	2016-02-03	24.299999	24.09	24.42	23.639999	396000	1.5614489003880982	0.00871726857617268	0.20999899999999982	0.03223810771312486	0.0765608852004	1.48653953432	1.4283285000000003	4.0116550833333475	0
154	2016-02-04	24.200001	24.280001	24.4	23.99	318200	-0.19646464646464645	-0.0032948927802761746	-0.0799999999999983	0.016914190721361775	0.0778558568004	1.43849104879	-0.824993666666669	-4.846645583333317	0
155	2016-02-05	23.35	24.15	24.15	22.99	400100	0.2573852922690132	-0.0331262939958591	-0.7999999999999972	0.0488421052631579	0.1449239396	1.53445989315	-1.325004833333324	0.04997716666665042	0
156	2016-02-08	22.0	23.059999	23.059999	21.280001	734800	0.8365408647838041	-0.04596700112606254	-1.0599990000000012	0.07900568306714797	0.5665240884	1.46522691049	-1.516664833333337	0.25418175000001497	0
157	2016-02-09	21.709999	21.76	22.235001	21.469999	736000	0.001633097441480675	-0.0022978400735294913	-0.05000100000000174	0.035196780197763476	0.988400512	1.46816265826	0.7599978333333345	3.820824833333319	0
158	2016-02-10	21.5	21.9	22.120001	21.35	314000	-0.5733695652173914	-0.01826484018264834	-0.3999999999999986	0.03548391705069111	1.386116428	1.48984906194	-0.49666366666667017	-3.228323750000006	0
159	2016-02-11	20.98	21.219999	21.51	20.43	609200	0.9401273885350319	-0.011310038233272346	-0.23999900000000096	0.05118483533613362	1.870916428	1.38817629092	-0.8050014999999983	-0.15917616666664003	1
160	2016-02-12	21.17	21.08	21.780001	21.02	505200	-0.17071569271175313	0.004269449715370181	0.09000000000000341	0.03597637869822481	1.874129428	1.39488812877	0.8850003333333364	3.022504666666672	1
161	2016-02-16	21.360001	21.290001	21.92	21.030001	897000	0.7755344418052257	0.0032879284505435338	0.07000000000000028	0.04173500390457206	1.6184962096	1.39488812877	-0.04666483333334289	-2.2958313333333416	1
162	2016-02-17	25.07	23.950001	26.07	23.209999	1521200	0.6958751393534002	0.04676404815181427	1.119999	0.1166871049227437	2.06694391	1.38817629092	6.6433303333333305	10.917491333333317	1
163	2016-02-18	25.83	25.280001	25.940001	25.110001	892900	-0.4130291874835656	0.021756288696349328	0.5499989999999997	0.03247896629859187	2.8088412266	1.42229128198	-2.871665166666664	-18.577490500000028	0
164	2016-02-19	25.299999	25.809999	25.809999	24.639999	520800	-0.4167319968641505	-0.019759783795419813	-0.5100000000000016	0.045783605782962526	3.2440004354	1.36615884757	-0.6216688333333273	7.822492416666695	1
165	2016-02-22	25.51	25.5	25.969999	25.309999	314700	-0.3957373271889401	0.00039215686274515933	0.010000000000001563	0.025877278964908844	3.8898404786	1.31961059977	1.2566696666666601	3.109176249999971	0
166	2016-02-23	25.459999	25.209999	25.98	25.139999	500800	0.5913568477915475	0.009916700115696156	0.25	0.033155754219686404	4.2455281336	1.31961059977	-0.5133366666666698	-4.0375124166666865	1
167	2016-02-24	26.389999	25.290001	26.389999	25.16	408900	-0.18350638977635783	0.04349537194561595	1.0999979999999994	0.04760058049535602	4.6451993848	1.32659747438	1.8333348333333295	4.2733437500000475	1
168	2016-02-25	26.4	26.549999	26.75	26.18	292600	-0.28442161897774515	-0.005649680062134884	-0.1499990000000011	0.02152974544909813	4.4962395808	1.32659747438	-1.0833318333333313	-5.698335083333319	1
169	2016-02-26	26.67	26.450001	27.0	26.360001	269400	-0.07928913192071087	0.008317542218618494	0.2199990000000014	0.02409634743794525	3.5784428084	1.3408598246	0.793332166666667	4.2633285000000285	0
170	2016-02-29	26.370001	26.67	26.67	26.08	326900	0.21343726800296955	-0.011248556430446316	-0.29999900000000324	0.02224736006320978	2.1162032032	1.3408598246	-0.8616645000000164	-3.2424933333333854	1
171	2016-03-01	26.74	26.629999	26.889999	26.385	511500	0.5646986846130315	0.004130717391314844	0.1100009999999969	0.01892445229388136	0.3354242336	1.36244748519	1.1183303333333399	3.8074904166667145	0
172	2016-03-02	26.700001	26.48	27.049999	26.084999	197700	-0.6134897360703813	0.008308194864048334	0.2200009999999999	0.036291838354798066	0.2798414114	1.37511466872	-0.6049966666666649	-3.61665425000002	0
173	2016-03-03	26.42	26.639999	26.93	26.280001	283800	0.4355083459787557	-0.008258221030713922	-0.21999899999999784	0.024500528166236907	0.2749444232	1.37929225447	-0.3433366666666622	1.0758199999999931	0
174	2016-03-04	26.16	26.52	26.59	25.99	258100	-0.09055673009161382	-0.013574660633484142	-0.35999999999999943	0.022779043280182286	0.187396244	1.37511466872	-0.16333183333334608	0.36251041666665645	0
175	2016-03-07	25.959999	26.0	26.565001	25.809999	378300	0.4657109647423479	-0.0015385000000000067	-0.040001000000000175	0.029060893553904708	0.1361413174	1.36722572059	-0.15666883333333223	-0.10167425000000208	0
176	2016-03-08	25.42	24.200001	26.73	24.200001	1258600	2.3269891620407086	0.05041317973499263	1.2199990000000014	0.10197496771513567	0.143221144	1.36722572059	-0.8433303333333365	-1.1433237499999696	0
177	2016-03-09	24.76	24.6	24.85	24.41	10732300	7.52717304941999	0.006504065040650412	0.16000000000000014	0.01782820097244738	0.36050019	1.36244748519	-0.6466681666666728	0.6683238333333085	1
178	2016-03-10	24.99	24.76	25.0	24.65	2725500	-0.7460469796781678	0.00928917609046837	0.22999999999999687	0.014070351758794028	0.4717492182	1.34791009821	1.0116670000000016	2.62417133333336	1
179	2016-03-11	25.74	25.110001	25.809999	24.969999	2201800	-0.19214822968262704	0.02508956491080976	0.629998999999998	0.033038347432874184	0.4285042368	1.31961059977	0.8866666666666655	-1.1150009166666355	1
180	2016-03-14	26.01	25.690001	26.15	25.35	1081700	-0.5087201380688527	0.012456169230978342	0.3199990000000028	0.030947775030023585	0.408200148	1.3095258353	-0.303333333333331	-2.057500000000052	0
181	2016-03-15	25.91	25.93	26.0	25.540001	867400	-0.19811407968937783	-0.0007713073659853287	-0.019999999999999574	0.017746874999999992	0.329101148	1.29248248332	-0.24833333333333604	0.7574999999999837	1
182	2016-03-16	26.09	25.66	26.24	25.629999	1042400	0.20175236338482821	0.01675759937646141	0.4299999999999997	0.023574917874396015	0.2536439572	1.24737847035	0.5366666666666701	1.4250000000000587	0
183	2016-03-17	26.040001	25.99	26.190001	25.860001	884400	-0.1515732924021489	0.0019238553289727487	0.05000100000000174	0.012684989185373965	0.215416016	1.18856487378	-0.3349981666666639	-1.8033304166666635	1
184	2016-03-18	26.33	26.02	26.559999	25.93	847500	-0.04172320217096336	0.011913912375096031	0.3099999999999987	0.024068729703916013	0.233385016	1.11008580118	0.6499970000000026	1.899991333333304	1
185	2016-03-21	26.58	26.33	26.639999	26.030001	689100	-0.18690265486725663	0.0094948727687049	0.25	0.023057947457947495	0.2971210506	0.983312224738	0.10333483333334097	-1.2908238333333202	1
186	2016-03-22	26.9	26.389999	27.0	26.341999	943900	0.3697576549122043	0.019325540709569523	0.510000999999999	0.02469510273400451	0.385625021	0.944688973406	0.3916663333333344	0.629162000000008	0
187	2016-03-23	26.65	26.66	26.940001	26.49	586100	-0.3790655789808242	-0.00037509377344341945	-0.010000000000001563	0.016882423560307645	0.2629639832	0.897501078595	-0.7483333333333396	-1.897499083333334	0
188	2016-03-24	26.540001	26.48	26.690001	26.370001	1043800	0.7809247568674288	0.002265898791540776	0.06000099999999975	0.012070916407564771	0.1276490044	0.840135602313	0.196668500000006	2.0875029166666743	1
189	2016-03-28	26.74	26.66	26.889999	26.43	316200	-0.6970684039087948	0.0030007501875468226	0.0799999999999983	0.017228426966292128	0.1098489644	0.803314976141	0.4116636666666669	-0.015008666666659565	1
190	2016-03-29	27.309999	26.76	27.42	26.620001	922800	1.918406072106262	0.020553026905829583	0.5499989999999997	0.029591234133368605	0.1660087522	0.935694226211	0.7749996666666661	0.32917324999998715	1
191	2016-03-30	27.709999	27.74	27.98	27.65	590700	-0.35988296488946686	-0.0010815068493150186	-0.030000999999998612	0.01190261518309502	0.241968512	1.48975031885	0.13500083333332333	-1.2599989166667172	0
192	2016-03-31	27.610001	27.620001	27.9	27.440001	327500	-0.4455730489250042	-0.00036205646770244543	-0.00999999999999801	0.01665757680037744	0.2678086658	1.5010769213	-0.4599966666666653	-0.6374969999999678	1
193	2016-04-01	27.889999	27.620001	27.98	27.280001	555700	0.696793893129771	0.00977545221667447	0.26999800000000107	0.025220644928841716	0.2794636532	1.52657094502	0.763327333333328	2.36915024999999	0
194	2016-04-04	27.690001	27.82	28.110001	27.65	393100	-0.2926039229800252	-0.004672861250898689	-0.12999900000000153	0.016573626075056344	0.256615786001	1.50682195793	-0.7266599999999919	-2.934975166666637	0
195	2016-04-05	27.379999	27.5	27.639999	26.99	385600	-0.01907911472907657	-0.004363672727272672	-0.12000099999999847	0.02368801063571452	0.221095758401	1.51240352376	-0.24167333333332527	1.3874733333333609	1
196	2016-04-06	27.450001	27.43	27.6	27.25	206400	-0.46473029045643155	0.0007291651476485819	0.0200010000000006	0.012755101808398343	0.210700800001	1.50682195793	0.4233399999999972	0.980026666666627	0
197	2016-04-07	27.07	27.24	27.389999	26.940001	173300	-0.16036821705426357	-0.006240822320117407	-0.16999999999999815	0.01657146013625486	0.172228800001	1.51948914146	-0.8816714999999972	-2.4900237499999682	0
198	2016-04-08	27.0	27.5	27.719999	26.889999	371800	1.1454125793421812	-0.01818181818181818	-0.5	0.030458715596330344	0.117764969001	1.52366672721	0.3383351666666658	2.5275150833333178	0
199	2016-04-11	26.67	27.139999	27.200001	26.610001	253500	-0.3181818181818182	-0.017317576172349816	-0.46999899999999784	0.02192900988531889	0.127235967601	1.52366672721	-0.6500003333333334	-2.049172250000003	1
200	2016-04-12	26.780001	26.639999	26.945	26.48	206300	-0.18619329388560157	0.0052553305276024625	0.14000199999999907	0.01740921003369524	0.159724845001	1.51948914146	0.563335166666659	2.3041704999999695	1
201	2016-04-13	27.190001	26.969999	27.309999	26.84	742500	2.5991274842462433	0.008157286175650112	0.22000199999999737	0.0173559453471197	0.144020926201	1.51948914146	0.5133321666666765	-0.6100057499999517	1
202	2016-04-14	27.49	27.190001	27.709999	27.190001	330400	-0.555016835016835	0.011033431002816061	0.2999989999999997	0.019019677779449972	0.137228863601	1.52366672721	0.10833183333333334	-0.7674991666666529	1
203	2016-04-15	27.620001	27.629999	27.68	27.370001	160100	-0.5154358353510896	-0.00036185307136649044	-0.00999800000000306	0.011221683257918598	0.1098240828	1.51471090606	0.025002999999993374	0.09084108333330694	1
204	2016-04-18	27.76	27.610001	27.99	27.610001	234500	0.4647095565271705	0.005432777782224676	0.1499990000000011	0.013725807951493372	0.1166489874	1.4964621567	0.20499666666667218	0.40998758333332336	1
205	2016-04-19	27.940001	27.84	27.99	27.700001	209000	-0.10874200426439233	0.003591989942528696	0.1000009999999989	0.01039795607031266	0.160441099	1.47852245949	0.21000333333333168	-0.06748666666665788	1
206	2016-04-20	27.950001	27.950001	28.0	27.85	159100	-0.23875598086124403	0.0	0.0	0.0053667261049471365	0.198241149	1.45780667117	-0.14500149999999104	-0.6000104166666252	0
207	2016-04-21	27.459999	27.84	27.92	27.440001	149900	-0.05782526712759271	-0.013649461206896554	-0.38000100000000003	0.01735981948209449	0.1903240952	1.42229128198	-0.850003333333337	-0.9400011666667041	1
208	2016-04-22	27.549999	27.35	27.848	27.34	159200	0.06204136090727151	0.007312577696526444	0.19999899999999826	0.01850637556477912	0.175089029401	1.55153153223	0.7400023333333259	2.95251058333335	0
209	2016-04-25	27.459999	27.5	27.700001	27.405001	170100	0.06846733668341709	-0.0014545818181818245	-0.040001000000000175	0.010735080253549557	0.109439994001	1.56666575472	-0.4333340000000068	-2.626674166666684	1
210	2016-04-26	27.75	27.540001	27.950001	27.315001	302400	0.7777777777777778	0.007625235743455486	0.20999899999999982	0.022969795207636243	0.0505611226007	1.53328278287	0.6666684999999989	2.150004750000003	1
211	2016-04-27	30.1	28.379999	30.440001	28.379999	1943900	5.4282407407407405	0.06060609797766377	1.720001	0.0704515059926727	0.564176208001	1.17650625212	3.939998833333339	4.766660916666685	1
212	2016-04-28	30.129999	29.940001	30.93	29.940001	1086800	-0.4409177426822367	0.006345958371878571	0.18999800000000278	0.032961511569835227	0.970735816401	1.23494606883	-2.5900015000000054	-12.254999166666655	0
213	2016-04-29	29.950001	29.870001	30.239	29.639999	644900	-0.40660655134339346	0.002678272424564092	0.08000000000000185	0.020026779671455084	1.202105329	1.18238647244	0.4183381666666624	7.84917733333332	1
214	2016-05-02	30.59	29.92	30.719999	29.85	551900	-0.14420840440378352	0.022393048128342183	0.6699999999999982	0.028755544538092873	1.5578363856	0.983104766269	1.3933288333333447	0.859981833333355	0
215	2016-05-03	30.35	30.51	30.577999	30.02	688600	0.24768979887660808	-0.005244182235332682	-0.16000000000000014	0.01833713440683532	1.7200296316	1.01140426471	-1.2466648333333328	-5.082485833333341	1
216	2016-05-04	30.49	30.17	30.559999	29.985001	526700	-0.235114725530061	0.010606562810739037	0.31999999999999673	0.018958061325420404	1.8033419798	1.02965301406	0.7499996666666533	4.3533277499999725	0
217	2016-05-05	30.24	30.700001	30.700001	30.0	442200	-0.1604328839946839	-0.014983745440268939	-0.4600010000000019	0.022973448917403213	1.5409097464	1.03860883522	-0.7016666666666526	-3.020832416666688	1
218	2016-05-06	30.360001	30.120001	30.68	29.860001	721500	0.6316146540027137	0.007968127225493851	0.240000000000002	0.027116368150913728	1.177576544	1.07603420911	0.5583351666666729	2.5325029166666204	1
219	2016-05-09	31.389999	30.48	31.66	30.48	827000	0.14622314622314622	0.029855610236220444	0.9099989999999991	0.03814449714149825	0.773964758	1.2669884596	1.664995166666665	1.248321749999974	1
220	2016-05-10	32.040001	31.440001	32.34	31.290001	847300	0.024546553808948005	0.019083968858652323	0.5999999999999979	0.03308125289599088	0.3840040532	1.17820507255	0.030006333333322033	-3.347478916666669	0
221	2016-05-11	31.469999	32.0	32.049999	31.360001	770800	-0.0902867933435619	-0.016562531249999957	-0.5300009999999986	0.02174249285871264	0.425788872001	1.23701866912	-1.4600066666666638	-1.6475257499999714	0
222	2016-05-12	31.049999	31.73	31.799999	30.85	1136500	0.4744421380384017	-0.021430854081311086	-0.6800010000000007	0.030264384043714246	0.396900688001	1.28212268209	0.11166966666664872	3.5458541666665817	1
223	2016-05-13	31.110001	31.0	31.27	30.42	543700	-0.5216014078310602	0.0035484193548387245	0.11000100000000046	0.027370793312336217	0.322428920001	1.28212268209	0.4100030000000056	-0.14333683333333624	1
224	2016-05-16	31.540001	31.110001	31.57	31.110001	725700	0.33474342468272944	0.01382192176721562	0.4299999999999997	0.014684724192027952	0.343044027201	1.3095258353	0.5783310000000105	-0.14334300000002997	1
225	2016-05-17	31.66	31.459999	31.940001	31.15	534000	-0.26415874328234806	0.006357311073023248	0.20000100000000032	0.025031717760325065	0.326145001001	1.32856642093	-0.261667833333334	-1.5124954166666764	1
226	2016-05-18	31.74	31.5	31.950001	31.43	670200	0.2550561797752809	0.00761904761904757	0.23999999999999844	0.016445319418089837	0.305519976001	1.33979428029	0.1500011666666635	1.100837250000012	0
227	2016-05-19	31.639999	31.469999	31.77	31.26	462800	-0.309459862727544	0.005401970301937352	0.16999999999999815	0.01616225688994628	0.196319900001	1.34350564266	-0.23666883333332459	-0.695839999999985	1
228	2016-05-20	31.73	31.780001	31.950001	31.67	287500	-0.378781331028522	-0.0015733479681136005	-0.050000999999998186	0.008817540405959012	0.0802811354007	1.33979428029	0.3083363333333284	1.027509583333341	1
229	2016-05-23	31.83	31.85	31.889999	31.52	396900	0.3805217391304348	-0.0006279434850864404	-0.020000000000003126	0.0116205716080402	0.0847691060006	1.26207418528	0.044998500000004306	-0.6741761666666358	1
230	2016-05-24	32.459999	31.959999	32.470001	31.85	464800	0.1710758377425044	0.015644556184122645	0.5000000000000036	0.01924871217785514	0.139200855201	1.34791009821	1.0683318333333471	1.6916684166667342	1
231	2016-05-25	32.75	32.740002	32.860001	32.48	735000	0.5813253012048193	0.00030537566857824445	0.00999800000000306	0.011604855348759952	0.2474888502	1.37511466872	-0.16999700000000809	-2.4841589166667197	0
232	2016-05-26	32.700001	33.09	33.299999	32.580002	759300	0.03306122448979592	-0.01178600785735881	-0.3899990000000031	0.021887733365439508	0.2611838668	1.38407048987	-0.21999966666666163	0.4574934166667172	1
233	2016-05-27	33.029999	32.599998	33.064999	32.599998	419800	-0.4471223495324641	0.013190215533141971	0.4300009999999972	0.014170380047404264	0.2834558436	1.35686591936	0.7599954999999952	1.7599930833333417	1
234	2016-05-31	33.099998	32.950001	33.259998	32.790001	1003400	1.3901858027632206	0.004552260863360795	0.14999699999999905	0.014231552070122104	0.325263685201	1.36244748519	-0.2733324999999904	-2.1466552499999665	1
235	2016-06-01	33.169998	33.049999	33.380001	32.500999	812100	-0.1906517839346223	0.0036308321824760105	0.11999899999999997	0.026547932341343953	0.348064504001	1.35686591936	0.15666716666665081	1.0849973333332628	0
236	2016-06-02	32.77	32.919998	33.118999	32.68	1837900	1.2631449328900382	-0.004556440131010838	-0.14999799999999652	0.01336577906426493	0.304495627601	1.33979428029	-0.7916633333333299	-1.6091627500000054	1
237	2016-06-03	32.830002	32.73	32.889999	32.540001	726200	-0.6048751292235703	0.003055362053162343	0.10000200000000348	0.01067718088233147	0.222980648201	1.31012267082	0.6000013333333337	2.6733285833332636	1
238	2016-06-06	33.169998	32.900002	33.32	32.779999	291600	-0.5984577251445883	0.00820656485066472	0.269995999999999	0.016346329650370934	0.148388579002	1.26541309651	0.41999100000000783	-0.9175156666666832	0
239	2016-06-07	32.610001	32.099998	33.009998	31.950001	7115400	23.401234567901234	0.01588794491513668	0.5100029999999975	0.03276145932253848	0.0547886072018	1.19992300619	-1.4033225000000182	-2.9966292499999887	1
240	2016-06-08	33.439999	32.75	33.52	32.689999	1866400	-0.7376957022795626	0.0210686717557252	0.6899990000000003	0.025079347712333486	0.0630204896018	1.47692347866	2.2883248333333412	6.860793416666676	0
241	2016-06-09	33.439999	33.130001	33.700001	33.009998	996800	-0.46592370338619804	0.009357017526199296	0.3099980000000002	0.020730148715637595	0.0773034620019	1.47274589291	-1.1549966666666691	-7.184140250000046	0
242	2016-06-10	32.57	33.099998	33.139999	32.400002	715600	-0.2821027287319422	-0.016012025136678227	-0.5299979999999991	0.022536836379985957	0.0873005116016	1.49346168123	-1.318332166666669	1.0883260000000377	0
243	2016-06-13	32.09	32.459999	32.549999	32.0	741100	0.03563443264393516	-0.011398614029532161	-0.36999899999999997	0.017041022727204057	0.163628421002	1.5812031417	0.13499883333333665	2.8416627499999785	0
244	2016-06-14	31.9	32.049999	32.110001	31.76	878300	0.1851302118472541	-0.004680156152266997	-0.1499990000000011	0.010946083048413977	0.249788421401	1.55995391687	-0.07833300000002434	-1.0566629166667145	1
245	2016-06-15	32.110001	32.060001	32.41	31.92	758800	-0.13605829443242629	0.0015595757467380352	0.04999999999999716	0.015271933449526615	0.272260432001	1.52657094502	0.44666850000001307	0.7025020000000145	1
246	2016-06-16	32.220001	32.060001	32.259998	31.66	1008000	0.3284132841328413	0.004990642389562112	0.1600000000000037	0.01866826326483322	0.291015348401	1.49452855425	-0.10666783333332812	-1.1591724166666495	1
247	2016-06-17	32.279999	32.259998	32.509998	32.029999	622200	-0.3827380952380952	0.0006199938388090878	0.020000999999993496	0.014874466139191377	0.297120321201	1.46522691049	0.0516633333333066	0.5041645833332495	1
248	2016-06-20	32.93	32.630001	33.240002	32.470001	626100	0.00626808100289296	0.009193962329329983	0.2999989999999997	0.02348996303401501	0.274128556001	1.59156294293	1.1583375000000302	1.7708468333333844	1
249	2016-06-21	33.169998	33.040001	33.294998	32.831001	504700	-0.1938987382207315	0.0039345337792212245	0.12999700000000303	0.014015919257150242	0.308064335001	1.57084715461	-0.29833883333334416	-2.913352416666683	0
250	2016-06-22	32.900002	33.189999	33.25	32.82	347600	-0.3112740241727759	-0.00873748143228325	-0.2899969999999996	0.01301255843527676	0.245208614001	1.56048735338	-0.5583233333333316	0.21502875000003505	1
251	2016-06-23	33.540001	33.32	33.650002	33.02	515900	0.48417721518987344	0.006602671068427261	0.22000099999999634	0.01884540803402015	0.263688981601	1.55153153223	1.5683261666666723	3.723298999999969	0
252	2016-06-24	32.290001	31.65	32.790001	31.65	2468300	3.784454351618531	0.020221200631911473	0.640000999999998	0.03565846049955483	0.270800942201	1.52507070729	-3.128330833333339	-8.558310749999976	0
253	2016-06-27	30.77	31.809999	31.895	30.610001	855100	-0.653567232508204	-0.03269409093662661	-1.0399990000000017	0.04106740238202941	0.547209021401	1.47080847632	-1.1150021666666703	5.401656333333302	1
254	2016-06-28	31.620001	31.26	31.870001	30.969999	904400	0.05765407554671968	0.011516346769033809	0.3600009999999969	0.028626017356456375	0.582880885601	1.47080847632	2.9150029999999916	5.9450095833332925	1
255	2016-06-29	32.66	31.98	32.689999	31.92	420200	-0.5353825740822645	0.021263289555972363	0.6799999999999962	0.02382422648514847	0.580075907201	1.45255972696	0.4083300000000136	-6.40834575	1
256	2016-06-30	33.439999	32.549999	33.509998	32.360001	786200	0.8710138029509757	0.02734255076321202	0.8900000000000006	0.03485367585554423	0.660839726001	1.43131050214	0.49999966666668055	0.8758408333333753	1
257	2016-07-01	33.639999	33.450001	33.700001	33.43	503100	-0.36008649198677184	0.0056800596209250565	0.18999800000000278	0.008048919362050993	0.751143426801	1.43131050214	-0.1966658333333354	-0.7808322500000079	0
258	2016-07-05	33.610001	33.529999	33.84	33.389999	457000	-0.09163188232955675	0.0023859827732175105	0.08000200000000035	0.013404855525767066	0.824583582401	1.39792753029	-0.02833000000001107	0.7341696666666498	1
259	2016-07-06	34.07	33.52	34.095001	33.408001	742300	0.624288840262582	0.016408114558472468	0.5499999999999972	0.020328450954283317	0.970563672801	1.36588513952	0.944995833333337	1.5491531666667508	1
260	2016-07-07	34.450001	34.040001	34.759998	33.970001	606500	-0.1829449009834299	0.012044652995163066	0.4100000000000037	0.02306897289913934	1.2010488806	1.32829138417	0.15000366666666784	-1.8324838333334175	1
261	2016-07-08	34.950001	34.82	35.290001	34.57	506500	-0.16488046166529266	0.0037335152211372784	0.13000100000000003	0.02063927159754509	1.529720078	1.33541811183	0.6266651666666737	1.0258220000000382	1
262	2016-07-11	34.98	34.950001	35.200001	34.900002	364600	-0.2801579466929911	0.0008583404618499597	0.029998999999996556	0.008579979857286136	1.7182891424	1.38928208999	-0.40166816666666944	-1.7841649166666447	1
263	2016-07-12	35.110001	35.450001	35.450001	35.0	359200	-0.014810751508502468	-0.009590972931143313	-0.3400000000000034	0.012755130023947571	1.1141612202	1.47852245949	0.37000299999999225	1.7333410833333573	1
264	2016-07-13	35.189999	35.369999	35.650002	35.029999	337300	-0.06096881959910913	-0.005089058668053672	-0.17999999999999972	0.0175737816772615	0.666840328001	1.50682195793	0.004994833333337094	-0.8600153333333367	1
265	2016-07-14	35.209999	35.580002	35.580002	34.919998	325800	-0.03409427809072043	-0.010399184350804617	-0.370002999999997	0.018646814258414846	0.461565128001	1.52507070729	-0.01333066666666364	0.0583494999999535	0
266	2016-07-15	34.970001	35.27	35.450001	34.862	494900	0.5190300798035604	-0.008505783952367441	-0.2999989999999997	0.016742625046374884	0.358595962801	1.53402652844	-0.4366636666666608	-0.6341692500000325	0
267	2016-07-18	34.970001	35.0	35.25	34.959999	332400	-0.3283491614467569	-0.0008571142857141873	-0.029998999999996556	0.008289295293850193	0.257648731201	1.53402652844	0.2866643333333248	1.381657000000042	1
268	2016-07-19	35.02	34.939999	35.200001	34.419998	771400	1.3206979542719615	0.0022896680678211488	0.08000100000000288	0.022298542342746475	0.114815874801	1.52507070729	0.011665499999994703	-0.772495416666653	1
269	2016-07-20	35.330002	35.049999	35.59	34.861	662000	-0.14182006740990408	0.007988673551745342	0.28000300000000067	0.020716112237622913	0.0505559240009	1.49452855425	0.5100048333333381	0.8366764166666248	0
270	2016-07-21	35.299999	35.580002	35.790001	35.18	456000	-0.311178247734139	-0.007869673531777786	-0.28000300000000067	0.017212217590121	0.019020930201	1.47852245949	-0.40000816666666356	-1.6825240000000103	1
271	2016-07-22	35.43	35.41	35.650002	35.099998	422200	-0.07412280701754385	0.0005648121999436072	0.020000000000003126	0.015528063241106754	0.025068941601	1.47852245949	0.3766726666666618	1.6683619166666876	0
272	2016-07-25	35.299999	35.5	35.5	35.099998	728800	0.7261961155850308	-0.005633830985915502	-0.20000100000000032	0.011299491685021087	0.0233409054011	1.45948187387	-0.4000040000000027	-1.5233550833333236	0
273	2016-07-26	35.220001	35.299999	35.509998	35.060001	734800	0.00823271130625686	-0.0022662323588166743	-0.07999799999999624	0.01276225184344876	0.0228239252011	1.43207872066	0.04833850000000458	1.0291847499999893	0
274	2016-07-27	33.580002	34.419998	34.82	32.959999	1481500	1.01619488296135	-0.02440430124371301	-0.8399959999999993	0.054705911764705795	0.257400407601	1.43207872066	-2.956667500000016	-4.930013250000049	0
275	2016-07-28	32.84	33.619999	33.68	32.790001	1529200	0.0321970975362808	-0.02320044685307684	-0.7799989999999966	0.02678299769459831	0.679023680001	1.41136293234	0.5299958333333498	7.090830166666706	0
276	2016-07-29	32.720001	32.759998	33.5	32.700001	946400	-0.38111430813497255	-0.001220909720446247	-0.039996999999999616	0.02443491179650139	1.056348455	1.37454230617	0.09667116666665028	-2.1716503333333983	0
277	2016-08-01	32.419998	32.68	32.880001	32.310001	714200	-0.24535080304311074	-0.007955997552019586	-0.26000200000000007	0.017511521275315564	1.4380843376	1.37454230617	-0.6566740000000072	-1.4566895833333149	0
278	2016-08-02	32.009998	32.459999	33.169998	31.889999	810700	0.13511621394567347	-0.013863247500408127	-0.4500010000000003	0.03970836232550158	1.82968626	1.41136293234	-0.44166283333332973	0.7575228333333778	1
279	2016-08-03	32.139999	31.98	32.25	31.57	958600	0.1824349327741458	0.005003095684803085	0.15999900000000267	0.021210231148007335	1.9065649176	1.43207872066	0.6166675000000031	1.7216574166665926	1
280	2016-08-04	32.25	32.099998	32.345001	32.0	500700	-0.47767577717504695	0.004672959792707795	0.15000200000000063	0.01072264213590196	1.7653501164	1.43879055851	-0.08666600000000102	-1.6891667499999794	1
281	2016-08-05	32.75	32.5	32.860001	32.209999	575800	0.1499900139804274	0.007692307692307693	0.25	0.01992343295019137	1.3188620092	1.43879055851	0.8316658333333345	1.689164666666694	0
282	2016-08-08	32.75	32.740002	32.860001	32.580002	1484800	1.5786731503994442	0.00030537566857824445	0.00999800000000306	0.00855089300501156	0.793817393601	1.43207872066	-0.5466663333333344	-2.5816638333333564	1
283	2016-08-09	33.02	32.720001	33.259998	32.720001	561800	-0.6216325431034483	0.009168673313915842	0.2999989999999997	0.01642826260376843	0.194536835201	1.41978531698	0.6616666666666712	2.561665749999989	0
284	2016-08-10	32.68	33.0	33.099998	32.610001	607100	0.08063367746529014	-0.009696969696969706	-0.3200000000000003	0.01492073690621201	0.0996763904008	1.43207872066	-0.9383333333333326	-3.0025000000000546	1
285	2016-08-11	32.950001	32.66	33.040001	32.639999	267000	-0.5602042497117443	0.008879393753827427	0.29000100000000373	0.01219332400254021	0.106969475401	1.43207872066	0.9816685000000026	3.7550029166667023	0
286	2016-08-12	32.900002	32.869999	33.130001	32.77	279400	0.04644194756554307	0.0009127776365311319	0.030003000000000668	0.0109472706257066	0.115321584801	1.41136293234	-0.5199993333333239	-3.220836166666667	0
287	2016-08-15	32.59	32.619999	33.049999	32.099998	493500	0.766284896206156	-0.0009196505493454048	-0.029998999999996556	0.029136666602310488	0.112244518001	1.3849021074	-0.42000449999999273	0.7074921666667061	0
288	2016-08-16	32.34	32.57	32.59	32.299999	317700	-0.35623100303951366	-0.007061713233036441	-0.22999999999999687	0.008935479895239677	0.0828412672006	1.33541811183	-0.11333066666668874	0.6183476666666365	0
289	2016-08-17	32.299999	32.400002	32.400002	31.959999	324400	0.021089077746301543	-0.0030865121551536	-0.10000300000000095	0.01360132900152508	0.0692412288006	1.28115588087	0.11499749999998699	0.2041553333332994	1
290	2016-08-18	32.310001	32.209999	32.41	32.165001	323300	-0.0033908754623921083	0.003104688081486633	0.10000199999999637	0.007594513329200246	0.0647291566006	1.17650625212	-0.01832849999999553	-0.39415325000000695	1
291	2016-08-19	32.389999	32.200001	32.470001	32.080002	401400	0.24157129600989793	0.005900558822964098	0.18999800000000278	0.01207614181761892	0.0698412248008	1.18566065597	0.12166033333334288	0.254978916666649	1
292	2016-08-22	32.419998	32.27	32.599998	32.110001	323000	-0.19531639262580966	0.004648218159280958	0.14999799999999652	0.015149080697142778	0.0712603060012	1.18869514683	-0.03499883333333761	-0.29831633333331337	1
293	2016-08-23	32.970001	32.709999	32.970001	32.540001	302400	-0.06377708978328174	0.007948700946154111	0.26000200000000007	0.0130937880633376	0.0671853830013	1.19992300619	1.0000060000000037	1.722505166666707	0
