#index	date	close	open	high	low	volume	percent_change	dollar_change	spread
0	2014-03-28	13.98	13.00	14.35	11.77	9465500	0.07538461538461541	0.9800000000000004	0.19125277983691624	
1	2014-03-31	13.65	14.49	14.82	13.61	561000	-0.05797101449275361	-0.8399999999999999	0.08599857853589203	
2	2014-04-01	14.06	13.65	14.15	13.65	467300	0.030036630036630048	0.41000000000000014	0.03608805485384338	
3	2014-04-02	15.61	14.10	15.61	13.93	592100	0.10709219858156027	1.5099999999999998	0.11309323460114437	
4	2014-04-03	14.15	15.85	15.89	13.27	485200	-0.10725552050473182	-1.6999999999999993	0.17466666666666672	
5	2014-04-04	13.06	13.89	14.19	13.00	415300	-0.059755219582433405	-0.8300000000000001	0.08831168831168827	
6	2014-04-07	12.99	13.05	13.388	12.83	213600	-0.0045977011494253255	-0.0600000000000005	0.042857142857142844	
7	2014-04-08	13.01	13.24	13.28	12.86	119000	-0.017371601208459247	-0.23000000000000043	0.031999999999999994	
8	2014-04-09	12.97	13.31	13.31	12.67	140500	-0.025544703230653634	-0.33999999999999986	0.048706240487062444	
9	2014-04-10	13.08	12.89	13.19	12.52	165100	0.014740108611326571	0.1899999999999995	0.05159799768964189	
10	2014-04-11	12.94	13.27	13.27	12.57	214000	-0.024868123587038438	-0.33000000000000007	0.053414727203357444	
11	2014-04-14	12.85	13.30	13.30	12.82	221500	-0.033834586466165495	-0.45000000000000107	0.036711281070745734	
12	2014-04-15	12.60	13.40	13.40	12.00	401600	-0.05970149253731349	-0.8000000000000007	0.10769230769230773	
13	2014-04-16	12.52	12.02	12.742	12.02	163800	0.0415973377703827	0.5	0.058842705786471175	
14	2014-04-17	13.06	12.40	13.195	12.28	82200	0.053225806451612914	0.6600000000000001	0.07187745483110769	
15	2014-04-21	13.10	13.30	13.30	12.95	71800	-0.015037593984962485	-0.20000000000000107	0.026515151515151623	
16	2014-04-22	14.17	13.34	14.65	13.335	633700	0.06221889055472264	0.8300000000000001	0.09560159941839329	
17	2014-04-23	14.395	14.33	14.859	14.17	137000	0.004535938590369819	0.0649999999999995	0.047972149695387295	
18	2014-04-24	14.70	14.52	14.77	14.20	95300	0.012396694214876014	0.17999999999999972	0.03901437371663247	
19	2014-04-25	14.86	14.71	14.95	14.30	100100	0.010197144799456055	0.14999999999999858	0.04396347649644901	
20	2014-04-28	15.02	14.67	15.51	14.38	258600	0.0238582140422631	0.34999999999999964	0.07611990569215218	
21	2014-04-29	14.98	14.97	15.34	14.511	214800	0.0006680026720106738	0.009999999999999787	0.055358931552587684	
22	2014-04-30	14.92	15.20	15.25	14.531	96900	-0.018421052631578907	-0.27999999999999936	0.04774236387782201	
23	2014-05-01	15.34	14.80	15.39	14.79	107300	0.036486486486486426	0.5399999999999991	0.0398142003981421	
24	2014-05-02	15.18	15.39	15.75	15.07	169100	-0.013645224171540016	-0.21000000000000085	0.04448806018972847	
25	2014-05-05	15.15	14.97	15.329	14.96	113300	0.012024048096192366	0.17999999999999972	0.024501992031872494	
26	2014-05-06	14.85	15.00	15.49	14.50	185300	-0.010000000000000024	-0.15000000000000036	0.0663316582914573	
27	2014-05-07	12.50	15.09	15.74	12.33	423900	-0.17163684559310802	-2.59	0.24719101123595508	
28	2014-05-08	12.09	12.95	13.357	12.02	214900	-0.06640926640926637	-0.8599999999999994	0.10678913738019168	
29	2014-05-09	10.93	12.09	12.848	10.52	257200	-0.09594706368899919	-1.1600000000000001	0.20225890529973947	
30	2014-05-12	10.77	10.76	11.21	10.60	388200	0.0009293680297397572	0.009999999999999787	0.05666511843938701	
31	2014-05-13	13.35	10.75	13.73	10.75	603600	0.24186046511627904	2.5999999999999996	0.24730290456431536	
32	2014-05-14	13.67	13.23	14.29	13.00	286100	0.033257747543461794	0.4399999999999995	0.09591078066914492	
33	2014-05-15	13.46	13.68	13.68	13.15	120800	-0.016081871345029156	-0.21999999999999886	0.039056742815033116	
34	2014-05-16	13.50	13.21	13.72	13.16	78700	0.021953065859197513	0.28999999999999915	0.04193186072631977	
35	2014-05-19	13.55	13.65	13.75	13.465	109900	-0.0073260073260073	-0.09999999999999964	0.020955882352941185	
36	2014-05-20	13.40	13.45	13.64	13.15	96700	-0.0037174721189590287	-0.049999999999998934	0.036499068901303555	
37	2014-05-21	13.58	13.44	13.74	13.383	67800	0.01041666666666671	0.14000000000000057	0.026424870466321325	
38	2014-05-22	13.34	13.54	13.70	13.30	135200	-0.014771048744460806	-0.1999999999999993	0.029761904761904656	
39	2014-05-23	13.28	13.37	13.51	13.17	109700	-0.006731488406881067	-0.08999999999999986	0.02551594746716697	
40	2014-05-27	13.63	13.29	13.79	13.27	84100	0.025583145221971533	0.34000000000000163	0.03863298662704306	
41	2014-05-28	13.59	13.59	14.26	13.55	95500	0.0	0.0	0.05224429727740979	
42	2014-05-29	14.24	13.71	14.45	13.54	68800	0.03865791393143686	0.5299999999999994	0.06511627906976744	
43	2014-05-30	14.44	13.98	14.54	13.98	91600	0.032904148783977044	0.4599999999999991	0.0394088669950738	
44	2014-06-02	14.63	14.39	14.70	14.30	73800	0.016678248783877705	0.2400000000000002	0.027567195037904793	
45	2014-06-03	13.85	14.34	14.41	13.67	91600	-0.034170153417015355	-0.4900000000000002	0.05250088683930474	
46	2014-06-04	13.20	13.89	13.89	13.14	160900	-0.04967602591792666	-0.6900000000000013	0.05537098560354374	
47	2014-06-05	13.72	13.30	14.00	13.05	85500	0.03157894736842105	0.41999999999999993	0.07031828275351586	
48	2014-06-06	14.04	13.67	14.04	13.65	92300	0.027066569129480557	0.3699999999999992	0.028148682785997747	
49	2014-06-09	13.71	14.10	14.27	13.64	84600	-0.02765957446808502	-0.3899999999999988	0.04530744336569572	
50	2014-06-10	13.195	13.665	13.83	13.03	163600	-0.03439443834613969	-0.46999999999999886	0.05956813104988836	
51	2014-06-11	14.09	13.38	14.14	13.20	122500	0.05306427503736914	0.7099999999999991	0.06843829632326183	
52	2014-06-12	13.96	14.24	14.24	13.625	158700	-0.01966292134831456	-0.27999999999999936	0.04361702127659575	
53	2014-06-13	14.01	13.93	14.23	13.75	64900	0.005743000717875095	0.08000000000000007	0.034359341445955656	
54	2014-06-16	13.95	14.00	14.40	13.86	103800	-0.003571428571428622	-0.05000000000000071	0.03864042933810383	
55	2014-06-17	14.61	13.97	14.69	13.91	140600	0.045812455261274074	0.6399999999999988	0.0545836249125262	
56	2014-06-18	14.56	14.57	14.60	14.12	169500	-0.0006863417982154967	-0.009999999999999787	0.03295571575695162	
57	2014-06-19	14.79	14.60	14.79	14.25	81800	0.013013698630136952	0.1899999999999995	0.03674719292276279	
58	2014-06-20	15.35	14.83	15.89	14.64	546500	0.03506405933917731	0.5199999999999996	0.0828363154406892	
59	2014-06-23	16.620001	15.31	16.75	15.31	207500	0.08556505551926831	1.310000999999998	0.09019730378336033	
60	2014-06-24	16.610001	16.65	17.58	16.40	565700	-0.0024023423423422297	-0.03999899999999812	0.0709561012941641	
61	2014-06-25	16.639999	16.639999	16.82	16.290001	191800	0.0	0.0	0.03185090335642449	
62	2014-06-26	16.459999	16.629999	16.84	16.32	219500	-0.010222490091550919	-0.1700000000000017	0.03142943677421797	
63	2014-06-27	15.47	16.459999	16.77	15.443	1493200	-0.06014575092015493	-0.9899989999999992	0.08311932612337382	
64	2014-06-30	16.809999	15.70	16.91	15.25	230600	0.07070057324840777	1.109999000000002	0.10212242701084058	
65	2014-07-01	16.08	16.950001	16.950001	15.81	128600	-0.05132748959719837	-0.870001000000002	0.06902821468276672	
66	2014-07-02	16.65	16.02	17.33	16.02	207600	0.03932584269662915	0.629999999999999	0.08019589837771647	
67	2014-07-03	16.60	16.65	17.01	16.33	59400	-0.0030030030030028325	-0.04999999999999716	0.04090225563909794	
68	2014-07-07	15.64	16.610001	16.66	15.60	107600	-0.0583986117761221	-0.9700009999999999	0.06573643207018819	
69	2014-07-08	14.77	15.70	15.86	14.39	367100	-0.059235668789808904	-0.9299999999999997	0.09648834919593036	
70	2014-07-09	14.13	14.76	14.76	13.78	252500	-0.042682926829268227	-0.629999999999999	0.06784354447905852	
71	2014-07-10	14.31	13.74	14.36	13.40	237100	0.04148471615720526	0.5700000000000003	0.0684491978609625	
72	2014-07-11	14.45	14.33	14.69	14.10	155500	0.008374040474528905	0.11999999999999922	0.04100069492703265	
73	2014-07-14	14.50	14.58	14.78	14.30	109600	-0.005486968449931418	-0.08000000000000007	0.033012379642365794	
74	2014-07-15	14.13	14.46	14.50	14.03	145300	-0.02282157676348548	-0.33000000000000007	0.03287862889122075	
75	2014-07-16	13.96	14.25	14.25	13.85	134500	-0.020350877192982397	-0.28999999999999915	0.028358738036157415	
76	2014-07-17	13.50	13.89	13.89	13.25	185400	-0.028077753779697665	-0.39000000000000057	0.046732384081781715	
77	2014-07-18	13.50	13.40	13.59	13.36	130400	0.007462686567164152	0.09999999999999964	0.017100371747211927	
78	2014-07-21	13.32	13.46	13.52	13.07	180600	-0.010401188707280873	-0.14000000000000057	0.033607169529499575	
79	2014-07-22	13.65	13.40	13.73	13.318	80900	0.018656716417910446	0.25	0.03046210720887252	
80	2014-07-23	13.72	13.72	13.90	13.64	68100	0.0	0.0	0.01895043731778424	
81	2014-07-24	13.56	13.66	13.73	13.50	86900	-0.007320644216691043	-0.09999999999999964	0.01689933872152832	
82	2014-07-25	14.37	13.76	14.43	13.53	154500	0.04433139534883717	0.6099999999999994	0.06398862424457877	
83	2014-07-28	14.28	14.432	14.55	14.03	114800	-0.010532150776053286	-0.15200000000000102	0.03622178879910848	
84	2014-07-29	14.37	14.394	14.58	14.085	91100	-0.0016673614005836396	-0.02400000000000091	0.03441802252816015	
85	2014-07-30	14.41	14.55	14.55	14.24	71300	-0.009621993127147805	-0.14000000000000057	0.021408839779005557	
86	2014-07-31	14.06	14.22	14.256	13.96	104700	-0.011251758087201134	-0.16000000000000014	0.020933521923620888	
87	2014-08-01	13.71	14.10	14.10	13.51	92000	-0.02765957446808502	-0.3899999999999988	0.04243078029485795	
88	2014-08-04	13.82	13.72	14.05	13.71	87300	0.007288629737609303	0.09999999999999964	0.02469135802469135	
89	2014-08-05	13.64	13.70	13.98	13.10	296200	-0.004379562043795527	-0.05999999999999872	0.06437454279444044	
90	2014-08-06	14.21	13.52	14.30	13.27	229700	0.051035502958579976	0.6900000000000013	0.07428777497295357	
91	2014-08-07	16.540001	14.53	16.700001	14.09	703400	0.13833454920853414	2.010001000000001	0.16800778345646017	
92	2014-08-08	17.08	16.60	17.174999	16.059999	156000	0.02891566265060222	0.4799999999999969	0.06621140142517805	
93	2014-08-11	16.82	15.94	16.870001	15.92	227700	0.05520702634880808	0.8800000000000008	0.057997619047618965	
94	2014-08-12	16.34	16.799999	16.799999	16.10	223100	-0.027380894486957994	-0.4599989999999998	0.042244962047222646	
95	2014-08-13	16.809999	16.34	16.996	16.030001	113000	0.028763708690330562	0.4699990000000014	0.0582804844126843	
96	2014-08-14	18.040001	16.84	18.459999	16.41	358100	0.07125896674584326	1.2000010000000003	0.11754581085017743	
97	2014-08-15	17.870001	18.290001	18.290001	17.011	82700	-0.022963366705119465	-0.4200000000000017	0.07074120183953535	
98	2014-08-18	18.280001	18.00	18.299999	17.90	96300	0.015555611111111034	0.2800009999999986	0.022050660913708414	
99	2014-08-19	18.57	18.280001	18.809999	17.91	117200	0.015864277031494785	0.28999900000000167	0.04884662011271051	
100	2014-08-20	19.209999	18.41	19.360001	17.950001	131200	0.0434545898967952	0.7999989999999997	0.07496012958426714	
101	2014-08-21	19.40	19.33	19.469999	18.799999	99600	0.003621314019658577	0.07000000000000028	0.034598502452878994	
102	2014-08-22	19.48	19.41	19.719999	19.363001	101400	0.003606388459556944	0.07000000000000028	0.01835937258935463	
103	2014-08-25	19.940001	19.690001	20.200001	19.087	152200	0.012696799761462685	0.25	0.056169616140821825	
104	2014-08-26	19.50	20.049999	20.139999	19.16	245500	-0.02743137293922058	-0.5499989999999997	0.049557472808027095	
105	2014-08-27	18.75	19.450001	19.469999	18.74	73600	-0.03598976678715853	-0.7000010000000003	0.038219841931417906	
106	2014-08-28	18.559999	18.75	19.00	18.43	63900	-0.0101333866666666	-0.19000099999999875	0.030554811861560234	
107	2014-08-29	18.90	18.620001	19.00	18.32	74500	0.015037539471668134	0.2799990000000001	0.036247333788717105	
108	2014-09-02	18.549999	18.98	18.98	18.35	112000	-0.022655479452054834	-0.43000100000000074	0.03357314238137864	
109	2014-09-03	18.030001	18.59	18.75	17.93	81400	-0.03012366863905332	-0.5599990000000012	0.04478426966727828	
110	2014-09-04	17.299999	18.09	18.24	17.129999	98200	-0.04367059148700941	-0.7900010000000002	0.06272964291408976	
111	2014-09-05	16.469999	17.25	17.379999	16.40	151500	-0.04521744927536224	-0.7800009999999986	0.05812568381155663	
112	2014-09-08	16.549999	16.41	16.90	16.17	225900	0.008531322364411916	0.13999899999999954	0.0442961178487898	
113	2014-09-09	16.10	16.57	16.77	16.07	49100	-0.028364514182257022	-0.46999999999999886	0.042852770125497354	
114	2014-09-10	15.79	16.15	16.59	15.76	107400	-0.022291021671826592	-0.35999999999999943	0.05197244834063871	
115	2014-09-11	15.52	15.76	15.91	15.42	80000	-0.0152284263959391	-0.2400000000000002	0.0313299232736573	
116	2014-09-12	15.61	15.60	15.90	15.52	129600	0.0006410256410256274	0.009999999999999787	0.024351169496956152	
117	2014-09-15	15.79	15.56	16.00	15.54	131800	0.014781491002570608	0.22999999999999865	0.029346092503987294	
118	2014-09-16	15.37	15.72	15.72	15.19	96300	-0.022264631043257085	-0.3500000000000014	0.034094564168543014	
119	2014-09-17	15.94	15.25	16.32	15.25	126800	0.04524590163934423	0.6899999999999995	0.0686117345302982	
120	2014-09-18	15.40	16.07	16.511	15.33	58800	-0.0416925948973242	-0.6699999999999999	0.07505560851604698	
121	2014-09-19	15.37	15.43	15.91	15.34	107900	-0.0038885288399222616	-0.0600000000000005	0.03701298701298703	
122	2014-09-22	15.19	15.22	15.38	15.00	62200	-0.0019710906701709023	-0.030000000000001137	0.02499177902005924	
123	2014-09-23	14.93	15.13	15.52	14.72	130500	-0.013218770654329217	-0.20000000000000107	0.05322687957418489	
124	2014-09-24	14.80	14.85	14.96	14.67	138800	-0.0033670033670032953	-0.049999999999998934	0.01956155143338961	
125	2014-09-25	15.21	14.70	15.41	14.70	119000	0.03469387755102052	0.5100000000000016	0.04747576061517893	
126	2014-09-26	14.92	15.18	15.61	14.83	313100	-0.017127799736495374	-0.2599999999999998	0.0518272425249169	
127	2014-09-29	15.62	15.00	15.89	15.00	281100	0.041333333333333284	0.6199999999999992	0.05813193990855654	
128	2014-09-30	15.59	15.71	16.219999	15.21	299000	-0.007638446849140738	-0.120000000000001	0.06453667731629396	
129	2014-10-01	15.16	15.53	16.200001	15.06	202500	-0.023824855119124227	-0.3699999999999992	0.07429136526555881	
130	2014-10-02	15.04	15.23	15.30	14.91	93000	-0.012475377544320505	-0.19000000000000128	0.025768087215064458	
131	2014-10-03	15.54	15.11	15.63	14.97	140700	0.028457974851091975	0.4299999999999997	0.04306688417618272	
132	2014-10-06	15.37	15.57	15.62	15.36	38700	-0.012845215157353955	-0.20000000000000107	0.01680672268907562	
133	2014-10-07	15.50	15.22	15.57	15.22	71100	0.018396846254927685	0.27999999999999936	0.02278645833333331	
134	2014-10-08	16.16	15.40	16.200001	15.398	184300	0.04935064935064933	0.7599999999999998	0.05082389100126746	
135	2014-10-09	16.059999	16.10	16.10	15.60	220700	-0.0024845341614906937	-0.040001000000000175	0.031094528330053852	
136	2014-10-10	15.81	16.24	16.51	15.324	157900	-0.026477832512315145	-0.42999999999999794	0.07400936037441509	
137	2014-10-13	15.64	15.84	16.01	15.32	109300	-0.012626262626262581	-0.1999999999999993	0.04383735705209665	
138	2014-10-14	16.17	15.73	16.618	15.39	99700	0.027972027972028052	0.4400000000000013	0.07699059561128513	
139	2014-10-15	17.120001	16.030001	17.280001	15.50	109000	0.06799750043683715	1.0899999999999999	0.10739070241986703	
140	2014-10-16	17.870001	16.66	18.00	16.50	178500	0.07262911164465777	1.2100009999999983	0.08688097055079727	
141	2014-10-17	17.90	18.00	18.33	17.799999	122900	-0.005555555555555635	-0.10000000000000142	0.029526518105849504	
142	2014-10-20	17.84	17.780001	18.139999	17.48	139200	0.0033745217449651014	0.059999000000001246	0.037057775489674975	
143	2014-10-21	17.90	17.860001	18.00	17.799999	72800	0.0022395855408965607	0.03999899999999812	0.011185737942233296	
144	2014-10-22	17.93	17.969999	18.190001	17.67	169600	-0.0022258765846342936	-0.03999900000000167	0.02896941584873008	
145	2014-10-23	17.969999	18.049999	18.209999	17.799999	120100	-0.004432133209536371	-0.0799999999999983	0.022765131747092274	
146	2014-10-24	17.93	18.00	18.00	17.709999	74300	-0.003888888888888905	-0.07000000000000028	0.01614255496799333	
147	2014-10-27	17.83	17.74	18.00	17.52	91300	0.005073280721533251	0.08999999999999986	0.02698903570424518	
148	2014-10-28	17.870001	17.84	18.35	17.67	303500	0.0016816704035873661	0.030000999999998612	0.038084569081921885	
149	2014-10-29	17.93	17.889999	18.08	17.75	107000	0.002235941991947578	0.040001000000000175	0.018425461150906135	
150	2014-10-30	17.879999	17.92	18.00	17.790001	158400	-0.0022321986607142952	-0.040001000000000175	0.011731788037200774	
151	2014-10-31	18.200001	18.059999	18.51	17.820999	374600	0.007752049155705882	0.14000199999999907	0.03800336458907893	
152	2014-11-03	17.690001	18.17	18.389999	17.60	133400	-0.026417116125481723	-0.47999900000000295	0.04406017724316283	
153	2014-11-04	17.370001	17.559999	17.58	16.77	157000	-0.01081993227903958	-0.18999800000000278	0.046378471228170556	
154	2014-11-05	17.940001	18.40	18.40	17.42	243600	-0.024999945652173904	-0.4599989999999998	0.05393505630338298	
155	2014-11-06	17.870001	17.90	18.049999	17.75	165900	-0.0016759217877095034	-0.02999900000000011	0.016773776439089266	
156	2014-11-07	17.889999	17.90	18.08	17.809999	430100	-0.000558715083798829	-0.010000999999999038	0.015088069714670688	
157	2014-11-10	17.83	17.950001	18.18	17.65	192800	-0.006685292106669076	-0.12000100000000202	0.029625488272065792	
158	2014-11-11	17.700001	17.83	18.059999	17.58	87700	-0.0072910263600671895	-0.12999899999999798	0.027019363157349922	
159	2014-11-12	17.75	17.610001	17.85	17.059999	157100	0.007949971155595025	0.13999899999999954	0.04468331321596966	
160	2014-11-13	17.77	17.700001	18.00	17.629999	81700	0.003954745539279871	0.06999899999999926	0.02086275667147562	
161	2014-11-14	17.27	17.75	18.00	17.209999	143200	-0.027042253521126786	-0.4800000000000004	0.04511713306681898	
162	2014-11-17	16.26	17.209999	17.375	16.209999	131900	-0.05520040994772854	-0.9499989999999983	0.06961464205600963	
163	2014-11-18	17.360001	16.299999	17.610001	16.299999	136900	0.06503080153563205	1.0600020000000008	0.07783731431966731	
164	2014-11-19	17.309999	17.299999	17.639999	16.937	64500	0.0005780347154934265	0.010000000000001563	0.040624041642533366	
165	2014-11-20	17.68	17.24	17.77	17.120001	178100	0.025522041763341143	0.4400000000000013	0.037227892325315065	
166	2014-11-21	17.66	17.860001	17.860001	17.309999	72700	-0.01119826365071314	-0.20000100000000032	0.030968580209217854	
167	2014-11-24	18.09	17.65	18.190001	17.299999	535800	0.024929178470255033	0.4400000000000013	0.04980425293788468	
168	2014-11-25	18.09	18.02	18.32	17.870001	716000	0.0038845726970033454	0.07000000000000028	0.02492378842425931	
169	2014-11-26	18.120001	18.02	18.25	17.84	231600	0.005549445061043224	0.1000009999999989	0.02268954004732873	
170	2014-11-28	18.08	18.07	18.16	18.01	106600	0.0005534034311011627	0.00999999999999801	0.008298755186721914	
171	2014-12-01	18.120001	18.00	18.245001	17.855	212700	0.006666722222222137	0.12000099999999847	0.021594739158506557	
172	2014-12-02	18.48	18.35	18.559999	18.08	335300	0.007084468664850081	0.129999999999999	0.02606565300027168	
173	2014-12-03	18.549999	18.52	18.76	18.309999	135200	0.001619816414686831	0.02999900000000011	0.024278446837832413	
174	2014-12-04	18.620001	18.49	18.700001	18.219999	106000	0.007030881557598704	0.13000100000000003	0.02586914508571417	
175	2014-12-05	18.709999	18.719999	18.719999	18.49	129900	-0.0005341880627238048	-0.010000000000001563	0.012289554490491983	
176	2014-12-08	18.530001	18.60	18.74	18.290001	176600	-0.003763387096774344	-0.06999900000000281	0.024239105191513368	
177	2014-12-09	18.540001	18.35	18.540001	18.00	1119700	0.010354277929155244	0.19000099999999875	0.029276280041304427	
178	2014-12-10	18.43	18.540001	19.200001	18.26	250500	-0.005933171201015602	-0.11000100000000046	0.050852094918796394	
179	2014-12-11	18.379999	18.389999	18.76	18.129999	170700	-0.0005437738196722039	-0.00999999999999801	0.034267121798592426	
180	2014-12-12	17.940001	17.959999	18.24	17.84	104500	-0.001113474449525363	-0.01999800000000107	0.022284122562674015	
181	2014-12-15	17.889999	18.00	18.209999	17.66	255600	-0.006111166666666692	-0.11000100000000046	0.0306491510350836	
182	2014-12-16	17.860001	17.91	18.15	17.77	105600	-0.002791680625348949	-0.04999899999999968	0.02124685431236074	
183	2014-12-17	18.209999	17.85	18.209999	17.799999	283500	0.020168011204481702	0.3599989999999984	0.02273987861175482	
184	2014-12-18	19.10	18.25	19.42	18.110001	351800	0.046575342465753504	0.8500000000000014	0.070147202141901	
185	2014-12-19	19.35	19.08	19.50	19.049999	350100	0.01415094339622658	0.2700000000000031	0.02341925578974761	
186	2014-12-22	19.700001	19.08	19.870001	19.08	232500	0.032494811320754824	0.620001000000002	0.040742701373318695	
187	2014-12-23	19.620001	19.68	19.99	19.50	201600	-0.0030487296747968113	-0.059999000000001246	0.02493638613393412	
188	2014-12-24	19.440001	19.57	19.879999	19.049999	143900	-0.0066427695452223575	-0.12999900000000153	0.04255319039853405	
189	2014-12-26	19.530001	19.459999	19.629999	19.309999	35000	0.0035972252619334046	0.07000199999999879	0.016414465247499375	
190	2014-12-29	20.040001	19.50	20.57	19.219999	209600	0.027692358974358983	0.5400010000000002	0.06828532958307203	
191	2014-12-30	19.58	20.07	20.52	19.540001	87500	-0.024414549078226308	-0.490000000000002	0.04943248423707437	
192	2014-12-31	19.66	19.58	19.690001	19.125	98500	0.004085801838610922	0.08000000000000185	0.028797196738022366	
193	2015-01-02	19.48	19.719999	19.76	18.950001	138100	-0.012170335302755388	-0.23999900000000096	0.04132648064608375	
194	2015-01-05	18.91	19.40	19.469999	18.73	221900	-0.025257731958762807	-0.48999999999999844	0.03863215870529892	
195	2015-01-06	18.969999	19.00	19.09	18.059999	244700	-0.001578999999999927	-0.030000999999998612	0.0542534120161551	
196	2015-01-07	18.440001	19.02	19.139999	18.299999	109500	-0.03049416403785493	-0.5799990000000008	0.04484783649632043	
197	2015-01-08	17.969999	18.860001	19.045	17.950001	110200	-0.047189923266706034	-0.8900019999999991	0.059462340483301734	
198	2015-01-09	18.450001	17.90	18.51	17.860001	105100	0.03072631284916211	0.5500010000000017	0.03576335527473582	
199	2015-01-12	18.35	18.389999	18.530001	18.08	307000	-0.002175040901307179	-0.03999899999999812	0.02449651672554484	
200	2015-01-13	17.92	18.43	18.57	17.799999	84200	-0.02767227346717298	-0.509999999999998	0.04236594222833566	
201	2015-01-14	17.50	17.809999	17.809999	17.25	99600	-0.0174058965416001	-0.30999900000000125	0.03171900401356574	
202	2015-01-15	17.440001	17.60	17.60	16.690001	179900	-0.009090852272727424	-0.15999900000000267	0.05194058070945846	
203	2015-01-16	17.809999	17.40	17.82	17.10	97600	0.023563160919540384	0.40999900000000267	0.04089747347053312	
204	2015-01-20	18.07	17.889999	18.280001	17.17	244500	0.010061543323730803	0.18000100000000074	0.06173531873568723	
205	2015-01-21	18.01	17.99	18.25	17.549999	219000	0.001111728738188056	0.020000000000003126	0.03888894444444446	
206	2015-01-22	18.110001	18.049999	18.290001	17.785	129900	0.003324210710482631	0.06000200000000078	0.027931471238938056	
207	2015-01-23	18.200001	18.139999	18.33	17.790001	99700	0.003307717933170822	0.06000200000000078	0.02971926252063831	
208	2015-01-26	18.27	18.07	18.35	17.98	195600	0.011068068622025418	0.1999999999999993	0.020363236103467307	
209	2015-01-27	17.969999	18.00	18.50	17.91	551100	-0.001666722222222145	-0.030000999999998612	0.032805116285935944	
210	2015-01-28	17.77	18.08	18.08	17.23	176400	-0.017146017699114974	-0.3099999999999987	0.04741980474198036	
211	2015-01-29	17.98	17.809999	18.27	17.68	133100	0.009545256010401751	0.17000099999999918	0.03297010430204258	
212	2015-01-30	17.790001	17.85	18.40	17.719999	349900	-0.003361288515406232	-0.059999000000001246	0.038159426538736475	
213	2015-02-02	18.110001	17.75	18.15	17.17	256000	0.020281746478873264	0.36000100000000046	0.05465699791809805	
214	2015-02-03	17.66	18.129999	18.25	17.60	211400	-0.025923829339428058	-0.4699990000000014	0.0363229962649621	
215	2015-02-04	17.870001	17.629999	18.030001	17.360001	261600	0.013613273602567812	0.24000199999999694	0.037746478873239335	
216	2015-02-05	17.969999	17.809999	18.209999	17.51	386300	0.00898371751733395	0.16000000000000014	0.039127950761763494	
217	2015-02-06	18.200001	18.00	18.389999	17.75	345800	0.011111166666666684	0.20000100000000032	0.03535905979671103	
218	2015-02-09	18.309999	18.15	18.75	18.15	577600	0.008815371900826595	0.15999900000000267	0.032912782032714895	
219	2015-02-10	18.25	18.530001	18.530001	18.155001	274100	-0.015110684559596011	-0.2800009999999986	0.020391516574455777	
220	2015-02-11	17.59	18.290001	18.35	17.32	173600	-0.03827233251654827	-0.7000010000000003	0.057413599291705766	
221	2015-02-12	17.49	17.65	17.73	17.32	187400	-0.009065155807365447	-0.16000000000000014	0.023335230506545256	
222	2015-02-13	17.110001	17.440001	17.65	17.08	115700	-0.018922017263645702	-0.3299999999999983	0.0329956565559678	
223	2015-02-17	17.129999	17.08	17.15	16.92	177400	0.002927341920374897	0.049999000000003235	0.013446361106295086	
224	2015-02-18	17.200001	17.10	17.309999	17.07	48300	0.0058480116959063674	0.1000009999999989	0.01399411037918051	
225	2015-02-19	17.49	17.16	17.709999	17.110001	120400	0.01923076923076913	0.3299999999999983	0.03463191919191916	
226	2015-02-20	17.620001	17.540001	17.790001	17.278	210500	0.0045610031607180804	0.0799999999999983	0.029124059776788495	
227	2015-02-23	17.790001	17.719999	18.00	17.49	180300	0.0039504516902060085	0.07000199999999879	0.02872430301323579	
228	2015-02-24	17.67	17.719999	17.90	17.35	90200	-0.0028216141547186134	-0.04999899999999968	0.031082227495965575	
229	2015-02-25	17.879999	17.860001	17.90	17.48	70100	0.0011197087838909455	0.01999800000000107	0.023503077783995418	
230	2015-02-26	17.870001	17.799999	18.00	17.51	400600	0.00393269685015144	0.07000199999999879	0.027474067844126628	
231	2015-02-27	18.48	18.00	18.889999	18.00	554300	0.02666666666666669	0.4800000000000004	0.048793804824561374	
232	2015-03-02	18.18	18.40	18.530001	18.15	234900	-0.011956521739130374	-0.21999999999999886	0.020776435210497542	
233	2015-03-03	17.860001	17.889999	18.129999	17.27	433200	-0.0016768027767916076	-0.02999799999999908	0.048111832167832276	
234	2015-03-04	17.629999	17.57	18.02	17.290001	329600	0.0034148548662493593	0.059999000000001246	0.0414772170874209	
235	2015-03-05	17.799999	17.51	18.120001	17.51	150600	0.01656190748143907	0.2899989999999981	0.03455117628295582	
236	2015-03-06	17.74	17.75	17.969999	17.35	474400	-0.0005633802816902289	-0.010000000000001563	0.034939363200901664	
237	2015-03-09	18.049999	17.809999	18.165001	17.77	181300	0.013475576276000826	0.23999999999999844	0.022030174123266855	
238	2015-03-10	19.129999	18.07	19.40	18.00	931800	0.05866070835639188	1.0599990000000012	0.07526881922765634	
239	2015-03-11	19.23	19.15	19.299999	18.860001	236700	0.004177545691906102	0.08000000000000185	0.02292850442939027	
240	2015-03-12	21.15	19.25	21.24	19.120001	1929000	0.09870129870129862	1.8999999999999986	0.10495044554455446	
241	2015-03-13	21.459999	21.00	21.90	20.809999	375500	0.021904714285714277	0.4599989999999998	0.05134248825582862	
242	2015-03-16	22.32	21.50	22.35	21.200001	355000	0.038139534883720946	0.8200000000000003	0.05248740301232319	
243	2015-03-17	22.889999	22.190001	23.129999	22.190001	303600	0.03154564977261609	0.6999980000000008	0.0417035492457854	
244	2015-03-18	23.02	22.58	23.02	22.34	185100	0.01948627103631538	0.4400000000000013	0.029824561403508764	
245	2015-03-19	22.290001	22.83	23.18	22.17	430400	-0.023653044240034962	-0.5399989999999981	0.044769502553867316	
246	2015-03-20	22.50	22.08	22.85	21.41	354300	0.01902173913043486	0.4200000000000017	0.06460296096904447	
247	2015-03-23	22.540001	22.50	22.73	22.360001	197900	0.00177782222222223	0.040001000000000175	0.016429795372340242	
248	2015-03-24	22.65	22.48	22.790001	22.355	289200	0.007562277580071092	0.16999999999999815	0.01927768668291601	
249	2015-03-25	22.629999	22.709999	23.120001	22.290001	336400	-0.003522677389813989	-0.0799999999999983	0.036612264517523724	
250	2015-03-26	22.48	22.50	22.780001	22.299999	185100	-0.00088888888888887	-0.019999999999999574	0.02134290795909288	
251	2015-03-27	22.49	22.530001	22.709999	22.26	142500	-0.001775454870152921	-0.040001000000000175	0.019991070191224487	
252	2015-03-30	23.950001	22.469999	24.07	22.469999	347700	0.06586569051471693	1.480001999999999	0.0689358466178371	
253	2015-03-31	25.58	23.809999	25.77	23.809999	447800	0.0743385583510523	1.770000999999997	0.07936833527775525	
254	2015-04-01	25.52	25.77	25.90	25.280001	690600	-0.009701202949165696	-0.25	0.02417621368687853	
255	2015-04-02	25.40	25.370001	25.700001	25.00	325000	0.0011824595513417642	0.02999900000000011	0.027575378617778652	
256	2015-04-06	25.00	25.25	25.299999	24.709999	221900	-0.009900990099009901	-0.25	0.02348258706467661	
257	2015-04-07	25.00	24.91	25.50	24.76	341700	0.0036130068245684406	0.08999999999999986	0.02965337607693843	
258	2015-04-08	25.15	25.02	25.540001	24.77	177200	0.005195843325339689	0.129999999999999	0.030695674705999626	
259	2015-04-09	24.59	25.24	25.24	24.200001	198600	-0.02575277337559424	-0.6499999999999986	0.041741882400160475	
260	2015-04-10	25.02	24.51	25.120001	24.360001	151500	0.020807833537331618	0.509999999999998	0.03068847163335344	
261	2015-04-13	25.219999	25.00	25.219999	24.91	225500	0.008799960000000056	0.2199990000000014	0.012345639433405853	
262	2015-04-14	25.209999	25.299999	25.299999	24.959999	256400	-0.0035573123935696543	-0.08999999999999986	0.013462681190365514	
263	2015-04-15	25.00	25.24	25.450001	24.950001	225200	-0.009508716323296293	-0.23999999999999844	0.019904458598726117	
264	2015-04-16	25.110001	24.950001	25.525	24.76	309500	0.006412825394275541	0.16000000000000014	0.03056332279011883	
265	2015-04-17	25.50	25.10	25.540001	24.870001	518300	0.015936254980079625	0.3999999999999986	0.026482213438735244	
266	2015-04-20	26.559999	25.50	26.66	25.434999	553700	0.04156858823529417	1.0599990000000012	0.047061122686537074	
267	2015-04-21	26.90	26.639999	27.309999	26.10	279600	0.009759797663656032	0.26000099999999904	0.045199814067983075	
268	2015-04-22	27.35	26.940001	27.629999	26.733999	278800	0.015218967512287868	0.40999900000000267	0.033007919819342084	
269	2015-04-23	28.77	27.610001	28.82	27.17	324600	0.042013725388854534	1.1599989999999991	0.05853139307322817	
270	2015-04-24	27.860001	28.68	29.07	27.83	372800	-0.028591317991631775	-0.8199989999999993	0.043862751258175674	
271	2015-04-27	26.879999	27.92	28.40	26.75	162100	-0.03724931948424069	-1.0400010000000002	0.06021897920107621	
272	2015-04-28	26.690001	26.940001	27.200001	26.35	165400	-0.009279880873055648	-0.25	0.031698712224549196	
273	2015-04-29	26.60	26.58	26.975	26.475	110500	0.0007524454477051591	0.020000000000003126	0.018804061677322303	
274	2015-04-30	26.610001	26.48	26.66	26.360001	183800	0.004909403323262841	0.13000100000000003	0.01130152549818184	
275	2015-05-01	27.18	26.68	27.309999	26.290001	230300	0.018740629685157422	0.5	0.03787590048273305	
276	2015-05-04	26.98	27.35	27.860001	26.620001	202500	-0.013528336380255978	-0.370000000000001	0.045646972206883935	
277	2015-05-05	26.41	26.870001	27.00	26.24	295300	-0.017119500665444647	-0.46000099999999833	0.028528527993083242	
278	2015-05-06	26.51	26.370001	27.087	26.209999	163400	0.005309025206332116	0.1399990000000031	0.03316947743628068	
279	2015-05-07	26.57	26.459999	27.43	26.27	254000	0.004157256392942436	0.11000100000000046	0.043748822246819204	
280	2015-05-08	27.49	27.48	29.950001	26.879999	800300	0.0003639010189227806	0.00999999999999801	0.11169736219756227	
281	2015-05-11	27.75	27.540001	28.294001	27.059999	284000	0.007625235743455486	0.20999899999999982	0.04463743815088736	
282	2015-05-12	26.559999	27.059999	27.34	25.50	683300	-0.01847745818468064	-0.5	0.06863111035550579	
283	2015-05-13	26.17	26.559999	26.60	25.82	286400	-0.014683697842006679	-0.38999899999999954	0.02958467721571552	
284	2015-05-14	26.690001	26.370001	26.74	25.85	257700	0.012135001435911978	0.3200000000000003	0.033546926741540535	
285	2015-05-15	26.83	26.67	26.85	26.370001	239300	0.005999250093738155	0.1599999999999966	0.0179438878504674	
286	2015-05-18	26.700001	26.67	26.77	26.030001	167400	0.0011248968878889618	0.030000999999998612	0.027730896988366213	
287	2015-05-19	27.139999	26.82	27.25	26.530001	381500	0.01193135719612227	0.31999899999999926	0.026686397825915507	
288	2015-05-20	27.24	27.209999	27.379999	26.870001	124800	0.0011025726241297772	0.030000999999998612	0.018732709251289538	
289	2015-05-21	27.27	27.110001	27.43	26.950001	111000	0.005901844120182773	0.15999899999999911	0.017653511996073682	
290	2015-05-22	27.67	27.309999	27.809999	27.309999	123200	0.013182021720323038	0.36000100000000046	0.018188432487967122	
291	2015-05-26	27.780001	27.48	27.82	27.129999	244400	0.010917066957787415	0.3000009999999982	0.02497289133237615	
292	2015-05-27	27.82	27.90	28.049999	27.275	235500	-0.0028673835125447417	-0.0799999999999983	0.027817623833453018	
293	2015-05-28	27.85	27.84	27.969999	27.00	218500	0.00035919540229890673	0.010000000000001563	0.03483566169868922	
294	2015-05-29	27.76	27.790001	27.85	27.51	184900	-0.0010795609543158566	-0.030000999999998612	0.01224122390204817	
295	2015-06-01	28.23	27.889999	28.309999	27.629999	763800	0.012190785664782594	0.3400010000000009	0.0242337851787916	
296	2015-06-02	28.33	28.200001	28.610001	28.00	221700	0.004609893453549806	0.12999899999999798	0.0215814961687335	
297	2015-06-03	28.58	28.41	28.610001	28.10	327800	0.005983808518127355	0.16999999999999815	0.01789791191437091	
298	2015-06-04	28.85	28.49	28.90	28.309999	318800	0.012636012636012741	0.360000000000003	0.02057903732124162	
299	2015-06-05	28.969999	28.690001	29.33	28.370001	179200	0.00975942803208695	0.27999800000000263	0.0332986125563649	
300	2015-06-08	28.99	28.90	29.219999	28.639999	201200	0.003114186851211068	0.08999999999999986	0.020038003109345375	
301	2015-06-09	28.75	29.00	29.24	28.309999	231200	-0.008620689655172414	-0.25	0.032207826839826745	
302	2015-06-10	28.77	28.85	29.065001	28.459999	155000	-0.00277296360485275	-0.08000000000000185	0.02099972231863932	
303	2015-06-11	28.41	28.25	28.67	27.73	309300	0.005663716814159297	0.16000000000000014	0.033180374161666124	
304	2015-06-12	28.09	28.379999	28.530001	27.90	125400	-0.010218428830811505	-0.28999900000000167	0.022312768236457736	
305	2015-06-15	29.85	28.110001	29.98	28.00	367900	0.061899642052663066	1.739999000000001	0.06832298018766425	
306	2015-06-16	29.799999	29.51	30.00	29.049999	283600	0.009827143341240194	0.2899989999999981	0.03203510423259323	
307	2015-06-17	29.629999	29.92	29.99	29.40	161600	-0.009692546791443856	-0.2900010000000002	0.01981528160898877	
308	2015-06-18	30.889999	29.809999	31.049999	29.41	297000	0.036229454418968556	1.0799999999999983	0.05403621265358195	
309	2015-06-19	31.09	30.99	31.879999	30.74	312300	0.0032268473701194396	0.10000000000000142	0.0367267719072166	
310	2015-06-22	30.59	31.440001	31.66	30.07	238400	-0.02703565435637228	-0.8500009999999989	0.05126551585901151	
311	2015-06-23	30.709999	30.66	31.02	30.24	152000	0.001630756686236128	0.04999899999999968	0.025419586531197472	
312	2015-06-24	29.84	30.40	30.67	29.41	190900	-0.018421052631578907	-0.5599999999999987	0.041832669322709216	
313	2015-06-25	30.58	30.030001	30.67	29.40	201400	0.018314984405095415	0.5499989999999997	0.041907275335633244	
314	2015-06-26	32.369999	30.549999	33.009998	30.50	2506700	0.05957447003517088	1.8200000000000003	0.07978379147437363	
315	2015-06-29	31.709999	32.119999	32.389999	31.459999	245000	-0.012764633025050846	-0.41000000000000014	0.02913990378003782	
316	2015-06-30	32.189999	31.879999	32.27	31.24	393100	0.009723965173273648	0.3099999999999987	0.032152334389022603	
317	2015-07-01	30.83	32.290001	32.720001	30.82	204500	-0.04521526648450703	-1.4600009999999983	0.06020281907156508	
318	2015-07-02	30.290001	30.620001	30.620001	29.799999	193300	-0.010777269406359534	-0.3299999999999983	0.026925036055654664	
319	2015-07-06	30.719999	29.93	30.858	29.766001	216500	0.02639488807216845	0.7899990000000017	0.03600986044533987	
320	2015-07-07	29.870001	30.67	30.77	29.200001	227700	-0.026084088686012495	-0.7999990000000032	0.05186650062988929	
321	2015-07-08	29.530001	29.66	29.764999	29.18	173400	-0.004382973701955548	-0.12999900000000153	0.019766818385422897	
322	2015-07-09	30.299999	29.77	30.360001	29.690001	103300	0.017803123950285528	0.5299990000000001	0.022307308511858033	
323	2015-07-10	31.58	30.42	31.639999	30.42	123900	0.03813280736357648	1.1599999999999966	0.039354806451612837	
324	2015-07-13	31.889999	31.639999	31.959999	31.549999	162700	0.00790139089448138	0.25	0.01290728830181925	
325	2015-07-14	31.99	31.75	32.439999	31.639999	71400	0.007559055118110187	0.23999999999999844	0.0251019767806715	
326	2015-07-15	32.790001	32.509998	34.709999	32.099998	371300	0.008612827352373061	0.28000299999999356	0.07993877610932289	
327	2015-07-16	33.610001	33.07	34.029999	32.48	315800	0.01632902933172049	0.5400009999999966	0.04649067116840624	
328	2015-07-17	33.16	33.490002	33.884998	32.689999	238300	-0.009853746798820746	-0.33000200000000035	0.03585893365764649	
329	2015-07-20	33.00	33.299999	33.720001	32.759998	180000	-0.009008979249518887	-0.2999989999999997	0.028959366952629982	
330	2015-07-21	33.189999	33.00	33.48	32.779999	176400	0.005757545454545462	0.18999900000000025	0.021151261839420794	
331	2015-07-22	33.490002	33.189999	33.720001	33.18	249100	0.00903895778966419	0.3000029999999967	0.01619679039896846	
332	2015-07-23	33.310001	33.68	33.959999	33.099998	199600	-0.010985718527315913	-0.36999899999999997	0.02567550342326473	
333	2015-07-24	33.66	33.189999	33.830002	33.110001	249300	0.014160922391109332	0.47000099999999634	0.02154079314197158	
334	2015-07-27	33.290001	33.549999	33.797001	32.98	228600	-0.007749568040225667	-0.25999800000000306	0.0244464691801318	
335	2015-07-28	33.150002	33.27	33.560001	32.279999	174700	-0.003606792906522467	-0.11999800000000249	0.03854266671054912	
336	2015-07-29	31.50	33.09	33.09	31.459999	266500	-0.04805077062556674	-1.5900000000000034	0.050472240284873925	
337	2015-07-30	31.66	31.49	32.145	31.01	155800	0.005398539218799674	0.1700000000000017	0.0359461599366588	
338	2015-07-31	32.09	31.790001	32.59	31.50	250500	0.009436898098870876	0.29999900000000324	0.034126486629203506	
339	2015-08-03	31.690001	32.02	32.130001	31.370001	230900	-0.01030602748282337	-0.32999900000000437	0.023858106673079523	
340	2015-08-04	32.209999	31.65	33.16	31.549999	366000	0.017693491311216582	0.5599990000000048	0.05042283198281907	
341	2015-08-05	33.82	32.25	33.869999	32.23	212600	0.04868217054263567	1.5700000000000003	0.049644286362948487	
342	2015-08-06	32.049999	33.779999	34.27	31.004999	555800	-0.05121373745452145	-1.7299999999999969	0.09919492933905306	
343	2015-08-07	38.310001	32.360001	39.59	32.360001	942300	0.18386896836004435	5.950000000000003	0.20461295586209285	
344	2015-08-10	37.459999	38.50	38.66	37.080002	577500	-0.027013012987012898	-1.0400009999999966	0.041600790437082445	
345	2015-08-11	36.740002	36.970001	37.830002	36.639999	281100	-0.006221233264235142	-0.2299990000000065	0.03228877904129233	
346	2015-08-12	36.830002	36.740002	37.32	36.150002	878300	0.00244964602887075	0.09000000000000341	0.03180638674424973	
347	2015-08-13	37.02	37.00	37.73	36.540001	941000	0.000540540540540625	0.020000000000003126	0.03215344501486085	
348	2015-08-14	36.029999	36.66	36.75	35.509998	764100	-0.017184969994544465	-0.630001	0.03411754070872933	
349	2015-08-17	36.00	36.09	36.389999	35.599998	734000	-0.002493765586035007	-0.09000000000000341	0.021917075877375604	
350	2015-08-18	35.009998	36.00	36.00	34.900002	579400	-0.027500055555555472	-0.9900019999999969	0.03098149643660036	
351	2015-08-19	35.209999	34.77	35.529999	34.669998	351100	0.012654558527466213	0.43999900000000025	0.024578479916811568	
352	2015-08-20	34.66	35.00	35.25	34.459999	412400	-0.009714285714285812	-0.3400000000000034	0.022681625035888504	
353	2015-08-21	34.02	34.119999	34.369999	32.679001	930700	-0.0029308031339624844	-0.09999899999999684	0.049633050332155135	
354	2015-08-24	33.009998	32.299999	34.50	31.219999	452300	0.021981393869393104	0.7099990000000034	0.10044407137241174	
355	2015-08-25	34.02	33.889999	34.759998	33.52	441700	0.003835969425670388	0.13000100000000003	0.03651886373904968	
356	2015-08-26	34.59	34.77	35.00	33.240002	283900	-0.005176876617773935	-0.17999999999999972	0.050749653979238835	
357	2015-08-27	35.150002	35.00	35.34	34.689999	294000	0.004285771428571446	0.15000200000000063	0.018531745729672342	
358	2015-08-28	34.990002	35.00	35.189999	34.400002	207800	-0.0002856571428572303	-0.00999800000000306	0.022574567150319542	
359	2015-08-31	34.970001	34.77	35.470001	34.689999	316600	0.0057521138912856	0.20000100000000032	0.022368855429181975	
360	2015-09-01	33.91	34.439999	34.674999	33.669998	353300	-0.015389053873085295	-0.5299990000000037	0.029407491286137403	
361	2015-09-02	34.959999	34.189999	35.040001	33.59	221700	0.022521205689418216	0.7700000000000031	0.04193784647687171	
362	2015-09-03	34.93	35.049999	35.509998	34.360001	359100	-0.0034236520234993436	-0.11999899999999997	0.032866448026099754	
363	2015-09-04	34.919998	34.509998	35.099998	34.470001	226400	0.011880615003223025	0.4099999999999966	0.018147689364694644	
364	2015-09-08	35.57	35.41	36.09	35.369999	507000	0.0045184975995482555	0.1600000000000037	0.02028743307974087	
365	2015-09-09	34.82	35.700001	36.150002	34.619999	336000	-0.02464988726470904	-0.880001	0.043392030014293405	
366	2015-09-10	36.119999	34.599998	36.32	34.529999	505400	0.04393066727922934	1.5200010000000006	0.0506222023736795	
367	2015-09-11	36.130001	36.00	36.189999	35.52	420100	0.00361113888888889	0.13000100000000003	0.018577540294225068	
368	2015-09-14	36.299999	36.139999	36.369999	35.50	238300	0.004427227571312234	0.1599999999999966	0.02401985157426426	
369	2015-09-15	36.139999	36.23	36.630001	35.869999	187200	-0.0024841567761521885	-0.09000099999999378	0.021003233674219066	
370	2015-09-16	35.939999	36.25	36.41	35.049999	433800	-0.008551751724137925	-0.31000099999999975	0.03767837702837472	
371	2015-09-17	36.849998	35.990002	37.32	35.73	615100	0.023895414065272975	0.8599960000000024	0.04365733113673815	
372	2015-09-18	37.560001	36.50	37.93	36.139999	1583100	0.029041123287671226	1.0600009999999997	0.04833921079747208	
373	2015-09-21	39.450001	37.919998	39.560001	37.830002	686000	0.04034818250781555	1.5300030000000007	0.04472015050691675	
374	2015-09-22	38.509998	39.00	39.689999	38.360001	389600	-0.012564153846153768	-0.49000199999999694	0.034318101775721976	
375	2015-09-23	37.200001	38.349998	38.610001	36.630001	802500	-0.02998688552734733	-1.149996999999999	0.05241561948928674	
376	2015-09-24	34.759998	36.900002	36.98	34.650002	884100	-0.05799468520354003	-2.1400039999999976	0.06502924923248664	
377	2015-09-25	35.209999	35.919998	37.490002	34.830002	3453600	-0.01976612025423822	-0.7099989999999963	0.07479263636128078	
378	2015-09-28	35.110001	35.16	35.790001	34.821999	757800	-0.001422042093287818	-0.04999899999999968	0.02755093172689719	
379	2015-09-29	35.990002	35.130001	36.259998	34.84	648600	0.024480528765142846	0.8600009999999969	0.039932450509036106	
380	2015-09-30	35.900002	36.290001	36.50	34.810001	988800	-0.010746734341506246	-0.389998999999996	0.046820859669447594	
381	2015-10-01	32.200001	35.720001	35.720001	31.209999	1663500	-0.0985442301639354	-3.520000000000003	0.1328033529798778	
382	2015-10-02	32.055	31.91	32.580002	30.879999	871500	0.004544030084612961	0.14499999999999957	0.053154162432580275	
383	2015-10-05	32.02	32.439999	32.439999	30.879999	1240800	-0.012946948611188216	-0.4199989999999971	0.04840211058644287	
384	2015-10-06	30.200001	32.02	32.529999	30.00	1610200	-0.056839444097439185	-1.8199990000000028	0.08132429956084367	
385	2015-10-07	29.889999	30.190001	30.32	28.049999	2221800	-0.009937131171343759	-0.3000019999999992	0.07556594540612518	
386	2015-10-08	28.780001	29.459999	29.799999	27.940001	2481100	-0.023082078176581106	-0.6799980000000012	0.06387355769230774	
387	2015-10-09	29.219999	28.93	29.799999	28.799999	1514100	0.010024161769789205	0.28999900000000167	0.03439380970582648	
388	2015-10-12	24.040001	29.030001	29.374001	23.530001	8897600	-0.17189114116806262	-4.989999999999998	0.22023741397258667	
389	2015-10-13	24.23	24.879999	26.00	23.299999	5494700	-0.026125362786389224	-0.6499990000000011	0.10995728181546084	
390	2015-10-14	23.77	23.93	24.48	23.299999	1447100	-0.006686167989970754	-0.16000000000000014	0.04947593291404615	
391	2015-10-15	23.690001	23.620001	24.077	22.58	1379500	0.002963590052345903	0.07000000000000028	0.06328471514332228	
392	2015-10-16	24.639999	25.41	25.639999	24.35	1513100	-0.030303069657615134	-0.7700010000000006	0.051548412618349825	
393	2015-10-19	24.07	24.389999	24.870001	23.82	558500	-0.013120090738831079	-0.31999899999999926	0.0433347512037711	
394	2015-10-20	23.950001	23.90	24.35	23.43	679500	0.002092092050209278	0.05000100000000174	0.038453499718840205	
395	2015-10-21	23.40	23.99	24.190001	23.059999	891300	-0.02459358065860775	-0.5899999999999999	0.047689470352394916	
396	2015-10-22	23.02	23.40	23.870001	22.77	622300	-0.0162393162393162	-0.379999999999999	0.04739340801378711	
397	2015-10-23	23.07	22.99	23.620001	22.620001	933400	0.003479773814702125	0.08000000000000185	0.04342162396873643	
398	2015-10-26	23.950001	22.93	24.18	22.91	1397700	0.04448325337985175	1.0200010000000006	0.05418088621627801	
399	2015-10-27	21.57	24.629999	25.84	18.809999	4169200	-0.12423869769544046	-3.0599990000000012	0.3043290542062565	
400	2015-10-28	20.959999	21.49	21.60	20.290001	2173000	-0.024662680316426183	-0.5300009999999986	0.061719624539920546	
401	2015-10-29	20.84	20.77	21.01	20.059999	1043100	0.003370245546461256	0.07000000000000028	0.04566214852198992	
402	2015-10-30	20.98	20.90	21.23	20.75	1853200	0.0038277511961723374	0.08000000000000185	0.022922636103151886	
403	2015-11-02	20.34	20.98	21.08	19.879999	875200	-0.03050524308865589	-0.6400000000000006	0.058083301064859476	
404	2015-11-03	20.299999	20.48	20.540001	20.10	773700	-0.008789111328125036	-0.18000100000000074	0.02157925506570016	
405	2015-11-04	20.83	20.27	20.84	20.209999	745500	0.027627035027133633	0.5599999999999987	0.030656982968369835	
406	2015-11-05	21.34	20.76	21.690001	20.60	1086700	0.027938342967244616	0.5799999999999983	0.051781520190023626	
407	2015-11-06	21.92	21.23	22.209999	21.00	888500	0.032501177578897845	0.6900000000000013	0.056083383545770554	
408	2015-11-09	22.889999	22.049999	22.969999	21.950001	1347600	0.038095239822913365	0.8399999999999999	0.045393771490599574	
409	2015-11-10	24.65	22.77	25.040001	22.65	1849300	0.08256477821695209	1.879999999999999	0.10080139181779846	
410	2015-11-11	24.129999	24.48	24.74	23.48	1389100	-0.01429742647058819	-0.3500009999999989	0.051841186007841634	
411	2015-11-12	22.93	24.00	24.370001	22.85	736100	-0.04458333333333334	-1.0700000000000003	0.06477737055188566	
412	2015-11-13	21.690001	22.77	22.77	21.608	947800	-0.04743078612209051	-1.0799990000000008	0.05227170372758197	
413	2015-11-16	21.559999	21.629999	21.639999	20.77	813500	-0.0032362461043109747	-0.07000000000000028	0.040287059054737624	
414	2015-11-17	21.23	21.48	22.040001	20.950001	940400	-0.011638733705772812	-0.25	0.051041910559587914	
415	2015-11-18	21.84	21.389999	21.93	21.25	360500	0.02103791589705078	0.4500010000000003	0.03145963524079655	
416	2015-11-19	22.389999	22.18	22.620001	21.969999	618400	0.00946794409377817	0.20999899999999982	0.02916769192658035	
417	2015-11-20	21.90	22.50	22.57	21.65	503800	-0.02666666666666673	-0.6000000000000014	0.04144144144144152	
418	2015-11-23	22.799999	21.690001	22.85	21.48	350300	0.051175562416986564	1.109998000000001	0.06158687345470897	
419	2015-11-24	23.58	22.59	23.60	22.52	325200	0.04382470119521906	0.9899999999999984	0.04678362573099423	
420	2015-11-25	23.60	23.49	23.929001	23.360001	272300	0.004682843763303661	0.11000000000000298	0.024166489700573328	
421	2015-11-27	23.450001	23.60	23.635	23.219999	94300	-0.006355889830508521	-0.1499990000000011	0.017640849784466537	
422	2015-11-30	24.120001	23.549999	24.58	22.881001	448900	0.0242039076095077	0.5700019999999988	0.07128168659534286	
423	2015-12-01	24.58	24.15	24.65	23.93	513800	0.017805383022774315	0.4299999999999997	0.029550584855325218	
424	2015-12-02	24.34	24.40	24.68	24.00	394500	-0.0024590163934425707	-0.05999999999999872	0.027903159622486656	
425	2015-12-03	23.540001	24.629999	24.93	23.379999	543500	-0.044254894204421254	-1.0899980000000014	0.06435544944986499	
426	2015-12-04	24.040001	23.450001	24.200001	23.190001	561200	0.025159913639236087	0.5899999999999999	0.04253526879194494	
427	2015-12-07	25.219999	24.040001	25.34	23.834999	463500	0.0490847733325802	1.1799980000000012	0.06110438489646772	
428	2015-12-08	26.60	24.92	26.639999	24.719999	679500	0.06741573033707864	1.6799999999999997	0.07453416149068315	
429	2015-12-09	26.280001	26.60	27.02	25.870001	674000	-0.012030037593985068	-0.3199990000000028	0.04349466634843676	
430	2015-12-10	26.049999	26.35	26.924999	25.84	338100	-0.011385237191650919	-0.30000100000000174	0.041412176362827784	
431	2015-12-11	25.549999	25.67	26.540001	25.190001	343200	-0.004674756525126686	-0.12000100000000202	0.05271378470741483	
432	2015-12-14	26.709999	25.76	27.870001	25.76	1374100	0.03687884316770179	0.9499989999999983	0.08042695026542679	
433	2015-12-15	27.60	26.719999	27.65	26.469999	660900	0.0329341703942429	0.880001	0.04344628209584456	
434	2015-12-16	28.08	27.77	28.77	27.42	698400	0.011163125675189007	0.3099999999999987	0.0483437779767233	
435	2015-12-17	28.35	28.209999	29.00	27.629999	685800	0.0049628147806741	0.1400010000000016	0.04844416634448662	
436	2015-12-18	27.379999	28.27	29.25	27.290001	3723100	-0.03148217191368936	-0.890000999999998	0.07044021689919526	
437	2015-12-21	27.67	27.610001	28.030001	27.01	412900	0.002173089381633896	0.059999000000001246	0.036903074585689574	
438	2015-12-22	27.889999	27.610001	28.50	27.299999	387500	0.010141180364317954	0.2799979999999991	0.04324327927927929	
439	2015-12-23	28.110001	27.889999	28.48	27.540001	356200	0.007888203940057542	0.22000200000000092	0.03357139285714287	
440	2015-12-24	28.50	28.219999	28.700001	28.07	202200	0.009922076893057246	0.2800009999999986	0.02221442211238403	
441	2015-12-28	28.559999	28.51	28.60	27.540001	316600	0.0017537355313924827	0.04999899999999968	0.037147328493908026	
442	2015-12-29	28.92	28.690001	29.190001	28.25	293400	0.008016695433367289	0.22999900000000295	0.0326332575484593	
443	2015-12-30	28.280001	28.379999	29.450001	28.190001	362200	-0.0035235378267632397	-0.09999800000000292	0.044475820684786505	
444	2015-12-31	27.98	28.129999	28.32	27.559999	294700	-0.00533234999404021	-0.1499990000000011	0.027089681466577784	
445	2016-01-04	27.040001	27.209999	27.50	26.360001	530200	-0.006247629777568152	-0.16999799999999965	0.04202761290322579	
446	2016-01-05	26.540001	26.92	27.42	26.280001	448800	-0.014115861812778659	-0.37999900000000153	0.04264867110645969	
447	2016-01-06	26.379999	26.190001	26.530001	25.950001	297200	0.007254600715746547	0.18999800000000278	0.022065817005896833	
448	2016-01-07	25.23	25.84	26.469999	24.523001	635200	-0.023606811145510814	-0.6099999999999994	0.0762482083414921	
449	2016-01-08	24.32	25.309999	25.790001	24.219999	364500	-0.03911493635381024	-0.989999000000001	0.06326826643699908	
450	2016-01-11	23.719999	24.870001	24.870001	23.219999	404900	-0.04624052890066217	-1.150001999999997	0.06791529121218345	
451	2016-01-12	23.27	23.82	24.10	22.43	1012100	-0.023089840470193145	-0.5500000000000007	0.07092801019324704	
452	2016-01-13	21.85	23.40	23.51	21.540001	619500	-0.06623931623931612	-1.5499999999999972	0.08707177900552493	
453	2016-01-14	22.32	21.99	22.58	21.049999	799400	0.015006821282401177	0.33000000000000185	0.0690589483186639	
454	2016-01-15	21.26	21.790001	21.860001	20.48	1000400	-0.02432312875983799	-0.5300009999999986	0.0641115432262127	
455	2016-01-19	20.459999	21.549999	22.164	19.91	1165900	-0.05058004875081432	-1.0899999999999999	0.10730778896966392	
456	2016-01-20	19.959999	20.15	20.190001	18.85	852700	-0.009429330024813835	-0.19000099999999875	0.0668163068266343	
457	2016-01-21	20.48	19.92	20.99	19.65	573700	0.02811244979919672	0.5599999999999987	0.06633663366336633	
458	2016-01-22	21.07	20.780001	21.23	20.389999	509700	0.01395567786546313	0.28999900000000167	0.04014341600613108	
459	2016-01-25	20.059999	21.01	21.49	19.85	404600	-0.045216611137553556	-0.9500010000000003	0.07986364937578873	
460	2016-01-26	20.17	20.02	20.27	18.98	600300	0.007492507492507599	0.15000000000000213	0.06419507340134357	
461	2016-01-27	19.620001	20.209999	20.26	19.530001	425300	-0.029193371063501852	-0.5899980000000014	0.03665573688174758	
462	2016-01-28	19.67	19.75	20.07	19.26	398100	-0.004050632911392319	-0.0799999999999983	0.04109589041095884	
463	2016-01-29	20.190001	19.68	20.309999	19.559999	513500	0.025914684959349545	0.510000999999999	0.0376222714416285	
464	2016-02-01	20.219999	20.27	20.35	19.77	605400	-0.0024667488899851103	-0.050000999999998186	0.02864904985549651	
465	2016-02-02	19.15	20.00	20.00	18.879999	455200	-0.04250000000000007	-0.8500000000000014	0.0572158876117496	
466	2016-02-03	18.799999	19.32	19.34	18.10	600000	-0.02691516563147001	-0.5200010000000006	0.06505771419353912	
467	2016-02-04	19.18	18.85	19.379999	18.700001	559700	0.017506631299734655	0.3299999999999983	0.0357611359453064	
468	2016-02-05	17.26	19.200001	19.309999	17.01	1051300	-0.10104171348741069	-1.9400009999999988	0.12616560268333504	
469	2016-02-08	16.60	17.02	17.299999	16.200001	761900	-0.024676850763807177	-0.41999999999999815	0.06543712076145147	
470	2016-02-09	15.91	16.35	16.940001	15.56	748800	-0.026911314984709556	-0.4400000000000013	0.08555492870427762	
471	2016-02-10	15.58	15.97	16.32	15.03	736100	-0.02442078897933629	-0.39000000000000057	0.0817749603803487	
472	2016-02-11	15.46	15.13	15.80	14.94	491400	0.021810971579643096	0.33000000000000007	0.0562275253350769	
473	2016-02-12	15.97	15.62	16.01	15.37	529100	0.02240717029449433	0.3500000000000014	0.04051915163026289	
474	2016-02-16	17.559999	16.16	17.629999	16.15	1076500	0.08663360148514858	1.399999000000001	0.08778167520111747	
475	2016-02-17	18.040001	17.60	18.85	17.559999	933700	0.025000056818181744	0.44000099999999875	0.07239062647613283	
476	2016-02-18	18.01	18.139999	18.360001	17.809999	399300	-0.007166428178965059	-0.12999899999999798	0.03042888050978918	
477	2016-02-19	18.280001	17.93	18.610001	17.690001	317900	0.019520412716118176	0.3500009999999989	0.05081469067067972	
478	2016-02-22	18.84	18.35	19.110001	18.15	499800	0.02670299727520427	0.48999999999999844	0.05162683517074493	
479	2016-02-23	18.219999	18.83	19.10	17.940001	510900	-0.03239516728624519	-0.6100009999999969	0.06261803137970409	
480	2016-02-24	18.530001	17.969999	18.68	17.719999	311500	0.031163162557771826	0.5600019999999972	0.052602794520547856	
481	2016-02-25	18.90	18.639999	19.049999	18.41	507800	0.01394855225045876	0.26000099999999904	0.034096910870988546	
482	2016-02-26	21.83	20.549999	22.540001	20.110001	1773700	0.06228715631567664	1.2800009999999986	0.11467673701455254	
483	2016-02-29	22.35	21.76	22.92	21.76	741200	0.027113970588235285	0.5899999999999999	0.052595783269099985	
484	2016-03-01	23.049999	22.379999	23.190001	22.02	785700	0.02993744548424681	0.6699999999999982	0.05150786051102178	
485	2016-03-02	23.35	23.120001	23.66	22.950001	427800	0.009948053202939004	0.22999900000000295	0.03055730513111028	
486	2016-03-03	24.48	23.75	25.15	23.51	775100	0.030736842105263177	0.7300000000000004	0.0680074642338792	
487	2016-03-04	23.83	24.540001	25.639999	23.59	1237800	-0.028932394909030438	-0.7100010000000019	0.08476323992633367	
488	2016-03-07	23.50	23.799999	24.110001	23.219999	527300	-0.012605000529621858	-0.2999989999999997	0.037632220668757266	
489	2016-03-08	22.549999	23.35	23.639999	22.43	432100	-0.03426128479657395	-0.8000010000000017	0.0527232691225113	
490	2016-03-09	22.52	22.620001	22.780001	22.120001	289600	-0.004420910503054306	-0.1000009999999989	0.029242356463394858	
491	2016-03-10	23.110001	22.66	23.24	22.424999	400300	0.019858826125330995	0.4500010000000003	0.035612889761571065	
492	2016-03-11	22.809999	23.15	23.42	22.16	555600	-0.014686868250539843	-0.34000099999999733	0.054830288399266576	
493	2016-03-14	22.48	22.940001	22.955	22.16	344300	-0.02005235309274827	-0.46000099999999833	0.03500660424908393	
494	2016-03-15	22.440001	22.139999	22.49	21.698	363000	0.013550226447616335	0.3000019999999992	0.03553162853297434	
495	2016-03-16	22.440001	22.15	22.690001	21.91	404600	0.013092595936794592	0.2900010000000002	0.034985466809027366	
496	2016-03-17	22.870001	22.459999	22.90	22.061001	322400	0.018254764837700957	0.41000199999999865	0.037017383631149245	
497	2016-03-18	22.459999	22.99	23.00	22.309999	718300	-0.023053545019573667	-0.5300009999999986	0.030363080976085335	
498	2016-03-21	22.809999	22.49	23.10	22.33	293900	0.014228501556247346	0.3199990000000028	0.03399558573941704	
499	2016-03-22	22.40	22.559999	23.00	22.25	406200	-0.00709215456968782	-0.15999900000000267	0.033362990065902806	
500	2016-03-23	21.25	22.209999	22.475	21.23	367300	-0.04322372999656595	-0.9599989999999998	0.05729406482499004	
501	2016-03-24	21.49	21.09	21.540001	20.700001	444300	0.018966334755808372	0.3999999999999986	0.039455143259746354	
502	2016-03-28	21.43	21.440001	21.77	21.226	311400	-0.00046646453048202	-0.010000999999999038	0.025379052358781164	
503	2016-03-29	22.969999	21.440001	23.02	21.01	515200	0.0713618436864813	1.5299980000000026	0.09052015311866689	
504	2016-03-30	23.139999	23.08	23.639999	22.68	527900	0.0025996100519931216	0.059999000000001246	0.04154041630334089	
505	2016-03-31	22.60	23.07	23.809999	22.49	527100	-0.02037277850021668	-0.46999999999999886	0.05780595576965197	
506	2016-04-01	22.67	22.379999	22.82	21.76	272400	0.012958043474443416	0.2900010000000002	0.047058824574002706	
507	2016-04-04	22.74	22.74	23.34	22.57	295700	0.0	0.0	0.033861037818821445	
508	2016-04-05	23.07	22.469999	23.35	22.200001	464300	0.026702315385060713	0.6000009999999989	0.050505007696640535	
509	2016-04-06	23.120001	23.07	23.23	22.379999	242400	0.00216736020806234	0.050000999999998186	0.03680454564181538	
510	2016-04-07	23.709999	23.02	24.290001	22.25	514100	0.029973892267593408	0.6899990000000003	0.08731012384571206	
511	2016-04-08	23.76	23.84	24.120001	23.325001	323400	-0.0033557046979865056	-0.0799999999999983	0.03340336134453774	
512	2016-04-11	23.51	23.790001	23.83	23.389999	242700	-0.011769692653648842	-0.2800009999999986	0.01860469305275485	
513	2016-04-12	23.709999	23.51	23.99	22.92	303500	0.008506975754997799	0.19999899999999826	0.04531978071409941	
514	2016-04-13	25.110001	23.84	25.450001	23.799999	413000	0.053271854026845665	1.2700010000000006	0.06741581067587724	
515	2016-04-14	24.65	25.00	25.18	24.24	242300	-0.014000000000000058	-0.3500000000000014	0.03786505538771405	
516	2016-04-15	25.02	24.629999	25.23	24.379999	310500	0.015834389599447326	0.39000099999999804	0.034239718715804966	
517	2016-04-18	25.42	24.889999	25.59	24.85	435700	0.021293733278173382	0.5300010000000022	0.029417611397686505	
518	2016-04-19	26.360001	25.51	26.469999	25.32	428700	0.03332030576244605	0.8500009999999989	0.04434158387619854	
519	2016-04-20	26.780001	26.17	27.059999	26.00	427700	0.0233091708062666	0.6100009999999969	0.04003773295490594	
520	2016-04-21	27.280001	26.91	27.549999	26.790001	417100	0.013749572649572593	0.37000099999999847	0.02804938128714925	
521	2016-04-22	27.75	27.299999	28.469999	27.299999	384700	0.016483553717346302	0.4500010000000003	0.04250681276125007	
522	2016-04-25	27.110001	27.620001	28.299999	26.809999	503800	-0.01846487985282832	-0.509999999999998	0.05444911184180108	
523	2016-04-26	27.309999	27.17	27.565001	26.92	306800	0.005152705189547278	0.13999899999999954	0.02367845124226221	
524	2016-04-27	27.32	27.25	27.52	26.818001	326200	0.0025688073394495516	0.07000000000000028	0.025728385559831434	
525	2016-04-28	27.82	27.25	28.379999	27.120001	471800	0.02091743119266056	0.5700000000000003	0.04575986925730899	
526	2016-04-29	28.030001	27.709999	28.049999	27.370001	466600	0.01154825014609343	0.3200019999999988	0.024398923573735246	
527	2016-05-02	28.40	28.040001	29.10	27.90	682300	0.012838765590628845	0.3599989999999984	0.04252303255628939	
528	2016-05-03	28.16	28.15	28.25	27.40	479900	0.00035523978685618343	0.010000000000001563	0.03019001953471857	
529	2016-05-04	26.969999	27.799999	28.139999	26.58	693100	-0.02985611618187462	-0.8299999999999983	0.05696545762152488	
530	2016-05-05	26.879999	26.889999	27.389999	26.32	460300	-0.0003718854731083482	-0.00999999999999801	0.03979910878925453	
531	2016-05-06	28.43	27.879999	29.25	26.60	849700	0.0197274397319741	0.5500009999999982	0.09412182727973405	
532	2016-05-09	28.32	28.290001	28.91	28.139999	310500	0.0010604100013994382	0.02999900000000011	0.027203709111398907	
533	2016-05-10	27.299999	28.049999	28.049999	26.93	582300	-0.026737968867663775	-0.75	0.040469703359338874	
534	2016-05-11	27.50	26.99	27.514999	26.57	517500	0.018895887365691057	0.5100000000000016	0.034685226647091186	
535	2016-05-12	26.77	27.450001	27.65	26.43	416600	-0.024772348824322474	-0.6800010000000007	0.04500184350789661	
536	2016-05-13	26.91	26.58	27.58	26.459999	271300	0.012415349887133253	0.33000000000000185	0.0418770237427556	
537	2016-05-16	27.35	26.68	27.514999	26.299999	405600	0.025112443778111008	0.6700000000000017	0.04497501388117712	
538	2016-05-17	26.469999	27.379999	27.559999	26.469999	319400	-0.033235939855220595	-0.9100000000000001	0.040482824159064956	
539	2016-05-18	27.280001	26.42	27.379999	26.25	403400	0.03255113550340639	0.8600009999999969	0.04208562305240931	
540	2016-05-19	26.93	27.139999	27.32	26.58	399100	-0.007737620034547526	-0.20999899999999982	0.027371925788273164	
541	2016-05-20	26.860001	27.07	27.32	26.495001	315700	-0.007757628370890278	-0.20999899999999982	0.030595178368344616	
542	2016-05-23	27.57	26.969999	27.67	26.85	327500	0.022246978948719978	0.6000009999999989	0.030069674185362574	
543	2016-05-24	27.85	27.629999	28.00	27.41	337000	0.00796239623461441	0.2200009999999999	0.021268926122367082	
544	2016-05-25	27.17	26.59	27.209999	26.030001	667800	0.02181271154569394	0.5800000000000018	0.04389873511904766	
545	2016-05-26	27.459999	27.32	27.60	27.10	353500	0.0051244143484626475	0.13999899999999954	0.018254837865185065	
546	2016-05-27	27.85	27.389999	27.870001	27.389999	397700	0.016794487652226707	0.4600010000000019	0.017378783804829503	
547	2016-05-31	27.84	27.870001	28.02	27.610001	491500	-0.0010764621070519019	-0.030000999999998612	0.014719044790539463	
548	2016-06-01	27.969999	27.799999	28.040001	27.60	367300	0.006115108133637044	0.1700000000000017	0.015779129129608317	
549	2016-06-02	28.43	27.799999	28.799999	27.620001	549000	0.022661907289996668	0.630001	0.041970408002319236	
550	2016-06-03	28.629999	28.52	28.945	28.25	469200	0.0038569074333801526	0.10999900000000196	0.024321960180611737	
551	2016-06-06	29.139999	28.59	29.360001	28.58	511100	0.019237460650577114	0.5499989999999997	0.027022380513119434	
552	2016-06-07	29.219999	29.139999	29.254999	28.879999	434500	0.002745367287075125	0.08000000000000185	0.012851268432188773	
553	2016-06-08	29.26	29.25	29.370001	28.700001	555800	0.00034188034188039533	0.010000000000001563	0.02290206802256018	
554	2016-06-09	29.629999	29.16	29.870001	29.08	453400	0.016117935528120762	0.4699990000000014	0.026875353408323758	
555	2016-06-10	28.940001	29.389999	29.67	28.639999	385300	-0.015311262855095735	-0.4499980000000008	0.03531633807646159	
556	2016-06-13	28.60	28.77	29.105	28.52	368500	-0.005908932916232122	-0.16999999999999815	0.020393934111905206	
557	2016-06-14	28.450001	28.57	28.809999	28.299999	370500	-0.004200175008750437	-0.11999899999999997	0.01788845987568473	
558	2016-06-15	28.41	28.52	28.674999	28.09	231300	-0.0038569424964936686	-0.10999999999999943	0.020551519409801506	
559	2016-06-16	28.59	28.27	28.610001	28.059999	259900	0.011319419879731174	0.3200000000000003	0.01934583186774531	
560	2016-06-17	28.379999	28.59	28.65	28.208	562800	-0.007345260580622537	-0.21000099999999833	0.015516939012057914	
561	2016-06-20	29.26	28.709999	29.77	28.625	407400	0.019157123620937837	0.5500010000000017	0.039503191987289826	
562	2016-06-21	29.219999	29.299999	29.73	28.91	271700	-0.0027303755198079802	-0.0799999999999983	0.02802460792975421	
563	2016-06-22	29.01	29.16	29.299999	28.889999	286600	-0.005144032921810651	-0.14999999999999858	0.014096613374591718	
564	2016-06-23	29.40	29.33	29.530001	29.049999	284500	0.0023866348448687447	0.07000000000000028	0.01634605823258978	
565	2016-06-24	28.690001	28.10	29.049999	27.802	1843900	0.020996476868327306	0.5900009999999973	0.04395136390295186	
566	2016-06-27	27.610001	28.32	28.559999	27.49	439800	-0.025070586158192083	-0.7099989999999998	0.03826207691288984	
567	2016-06-28	28.530001	27.790001	28.870001	27.790001	508300	0.026628282597039074	0.7399999999999984	0.03835227136533121	
568	2016-06-29	29.610001	28.780001	29.695	28.59	290600	0.028839470853388848	0.8300000000000018	0.03784894544103631	
569	2016-06-30	29.41	29.549999	29.870001	28.969999	404200	-0.004737698975895043	-0.13999899999999954	0.03052924068061796	
570	2016-07-01	29.530001	29.32	29.77	29.190001	477000	0.0071623806275579235	0.21000099999999833	0.019711095671859066	
571	2016-07-05	29.00	29.27	29.75	28.950001	279600	-0.00922446190638878	-0.2699999999999996	0.027458349064698805	
572	2016-07-06	29.719999	28.780001	29.780001	28.780001	314500	0.032661499907522686	0.9399980000000028	0.03418803418803419	
573	2016-07-07	32.110001	29.870001	32.209999	29.870001	847100	0.07499162788779279	2.2399999999999984	0.07550816148731344	
574	2016-07-08	32.549999	32.59	33.43	32.361	650600	-0.0012274010432649194	-0.04000100000000373	0.03282161548697606	
575	2016-07-11	32.75	32.599998	32.91	32.285	531300	0.004601288625845947	0.15000200000000063	0.019127774112556208	
576	2016-07-12	32.34	32.959999	33.189999	32.290001	469600	-0.01881064984255612	-0.619999	0.02756502339303262	
577	2016-07-13	32.419998	32.470001	32.644001	32.029999	330700	-0.0015399753144449792	-0.050003000000003794	0.018924395421858656	
578	2016-07-14	32.700001	32.439999	32.880001	32.220001	359600	0.008014858446820546	0.26000200000000007	0.020264046668713436	
579	2016-07-15	32.849998	32.939999	33.490002	32.650002	454300	-0.002732270878332476	-0.09000100000000089	0.0255357968780572	
580	2016-07-18	33.27	32.919998	33.369999	32.700001	300400	0.010631896150176056	0.3500020000000035	0.020244690141854958	
581	2016-07-19	33.490002	33.23	34.200001	33.139999	727400	0.007824315377670782	0.26000200000000007	0.0317746393352925	
582	2016-07-20	33.790001	33.470001	33.810001	33.119999	458700	0.009560800431407012	0.3199999999999932	0.020517454043489317	
583	2016-07-21	33.709999	33.720001	34.060001	33.459999	388600	-0.00029661920828531605	-0.010002000000000066	0.017796292451431005	
584	2016-07-22	34.509998	33.709999	34.52	33.709999	367100	0.023731801356624175	0.7999989999999997	0.023746732208152974	
585	2016-07-25	34.889999	34.52	35.00	34.220001	316300	0.010718395133256082	0.36999899999999997	0.022475119182756263	
586	2016-07-26	35.419998	35.00	35.639999	34.810001	371100	0.011999942857142848	0.41999799999999965	0.023572792489997045	
587	2016-07-27	35.25	35.25	35.580002	34.900002	528300	0.0	0.0	0.019290780141843964	
588	2016-07-28	34.849998	36.00	36.00	34.68	394300	-0.031944500000000015	-1.1500020000000006	0.03726182179991029	
589	2016-07-29	34.98	34.970001	35.25	34.400002	298400	0.00028593078965006115	0.00999899999999343	0.02430301609288038	
590	2016-08-01	34.919998	35.209999	35.450001	34.740002	436500	-0.008236325141616837	-0.29000100000000373	0.02024808299934772	
591	2016-08-02	34.599998	34.98	35.00	34.104	330400	-0.010863407661520798	-0.3800019999999975	0.025754527903263262	
592	2016-08-03	34.900002	34.50	35.179001	34.27	434100	0.011594260869565236	0.40000200000000063	0.026195993481383368	
593	2016-08-04	35.009998	35.029999	35.240002	34.720001	509800	-0.0005709677582346919	-0.020000999999993496	0.014848687100885898	
594	2016-08-05	35.259998	35.049999	35.334999	33.250999	827600	0.005991412439127413	0.20999900000000338	0.05928033249667193	
595	2016-08-08	35.84	35.41	36.360001	35.32	594900	0.012143462298785847	0.4300000000000068	0.029193010526315694	
596	2016-08-09	35.150002	35.75	36.470001	34.48	873900	-0.016783160839160823	-0.5999979999999994	0.05613542859984705	
597	2016-08-10	35.009998	35.169998	35.549999	34.775002	214400	-0.0045493320755945615	-0.1599999999999966	0.02208598017018978	
598	2016-08-11	34.849998	35.040001	35.404999	34.82	245200	-0.005422459890911455	-0.19000299999999726	0.016740563982551963	
599	2016-08-12	34.849998	34.75	35.221001	34.189999	267300	0.002877640287769766	0.09999799999999937	0.029626495104209654	
600	2016-08-15	35.139999	34.77	35.139999	34.119999	330800	0.010641328731665227	0.36999899999999997	0.029180375184957537	
601	2016-08-16	34.900002	34.970001	35.18	34.290001	404300	-0.002001687103183177	-0.06999900000000281	0.02547585406572841	
602	2016-08-17	34.810001	34.889999	34.889999	34.493	264500	-0.002292863350325786	-0.07999800000000334	0.011391649928264016	
603	2016-08-18	35.130001	34.82	35.25	34.610001	215400	0.008902958070074662	0.31000099999999975	0.01829875599286991	
604	2016-08-19	35.189999	35.029999	35.360001	34.560001	442200	0.004567513690194616	0.1600000000000037	0.02278553183667129	
605	2016-08-22	35.669998	35.259998	35.935001	35.025002	428500	0.011627907636296422	0.4099999999999966	0.025659073771835517	
606	2016-08-23	35.970001	35.73	36.259998	35.599998	375900	0.006717072488105418	0.24000100000000657	0.018410041584239412	
607	2016-08-24	35.599998	35.970001	36.099998	35.470001	260900	-0.010286432852754273	-0.3700030000000041	0.01760505823117298	
