#index	date	close	open	high	low	volume	percent_change	dollar_change	spread
0	2013-11-07	44.900002	45.099998	50.09	44.00	117701600	-0.004434501305299364	-0.19999599999999873	0.13533333333333342	
1	2013-11-08	41.650002	45.93	46.939999	40.689999	27925300	-0.0931852384062704	-4.279997999999999	0.14272664666072968	
2	2013-11-11	42.900002	40.50	43.00	39.400002	16113900	0.059259308641975324	2.4000020000000006	0.08633088521988283	
3	2013-11-12	41.900002	43.66	43.779999	41.830002	6316700	-0.040311452130096105	-1.759997999999996	0.04558197649410986	
4	2013-11-13	42.599998	41.029999	42.869999	40.759998	8688300	0.038264660937476574	1.5699990000000028	0.0504603868394255	
5	2013-11-14	44.689999	42.34	45.669998	42.240002	11099400	0.05550304676428901	2.349998999999997	0.07882330321525116	
6	2013-11-15	43.98	45.25	45.27	43.43	8010600	-0.028066298342541506	-1.2700000000000031	0.04124173484254183	
7	2013-11-18	41.139999	43.50	43.950001	40.849998	12810600	-0.054252896551724064	-2.360000999999997	0.07325148952329266	
8	2013-11-19	41.75	41.389999	41.900002	40.00	7436600	0.008697777451021366	0.3600009999999969	0.045706086669546404	
9	2013-11-20	41.049999	41.400002	41.75	40.509998	5767300	-0.008454178335546963	-0.35000300000000095	0.030078883807411888	
10	2013-11-21	42.060001	41.25	42.490002	40.369999	8324700	0.019636387878787874	0.8100009999999997	0.05089432179937189	
11	2013-11-22	41.00	41.810001	42.279999	40.970001	6185200	-0.01937337911089741	-0.8100009999999997	0.03163864229394208	
12	2013-11-25	39.060001	41.080002	41.139999	38.799999	14333300	-0.049172368589466005	-2.0200010000000006	0.05839780165718245	
13	2013-11-26	40.18	39.16	40.549999	38.919998	9828400	0.026046986721144107	1.0200000000000031	0.04108900932694731	
14	2013-11-27	40.900002	40.470001	41.400002	40.349998	5536300	0.01062517888250107	0.4300009999999972	0.02580813472502886	
15	2013-11-29	41.57	41.400002	41.580002	40.900002	4107000	0.004106231685689282	0.16999799999999965	0.016391466400109276	
16	2013-12-02	40.779999	41.790001	42.00	40.400002	6424300	-0.024168508634397977	-1.010002	0.038754947317427624	
17	2013-12-03	41.369999	40.689999	41.599998	40.540001	5771000	0.016711723192718676	0.6799999999999997	0.025834682569697422	
18	2013-12-04	43.689999	41.27	43.919998	41.27	11014900	0.05863821177610848	2.419998999999997	0.06238225120506407	
19	2013-12-05	45.619999	43.450001	46.349998	42.830002	11729400	0.049942415421348314	2.1699979999999996	0.07903886830582686	
20	2013-12-06	44.950001	45.75	45.799999	44.540001	6230000	-0.017486316939890702	-0.7999989999999997	0.027783858569086523	
21	2013-12-09	49.139999	45.59	49.84	45.02	17366600	0.07786793156393945	3.5499989999999997	0.10176290617294316	
22	2013-12-10	51.990002	48.900002	52.580002	48.700001	25792000	0.06319018146461418	3.0899999999999963	0.0769154692470822	
23	2013-12-11	52.34	52.400002	53.869999	51.00	26631500	-0.0011450762921726076	-0.060001999999997224	0.05480234762645889	
24	2013-12-12	55.330002	52.200001	55.869999	50.689999	23446900	0.05996170383215127	3.130001	0.0963452033010731	
25	2013-12-13	59.00	56.200001	59.41	55.450001	38979600	0.04982204537683193	2.7999989999999997	0.06874998204210078	
26	2013-12-16	56.610001	57.860001	60.240002	55.759998	39310800	-0.021603871040375543	-1.25	0.07827385204378688	
27	2013-12-17	56.450001	56.970001	57.380001	54.619999	22115200	-0.009127610863127826	-0.5200000000000031	0.048668699547369076	
28	2013-12-18	55.509998	57.00	57.00	54.23	16659800	-0.02614038596491223	-1.490001999999997	0.0492400684248524	
29	2013-12-19	57.490002	55.080002	57.75	55.00	13152500	0.043754537263814855	2.4099999999999966	0.04885848631576845	
30	2013-12-20	60.009998	58.509998	60.25	58.009998	26207400	0.025636644185152765	1.5	0.03779956253120354	
31	2013-12-23	64.540001	59.849998	64.989998	59.700001	22163800	0.07836262584336268	4.690003000000004	0.08505502118381719	
32	2013-12-24	69.959999	66.339996	70.870003	65.559998	35802700	0.05456742867455098	3.620002999999997	0.07791643719429342	
33	2013-12-26	73.309998	72.879997	74.730003	69.129997	82761100	0.005900123733539535	0.4300009999999901	0.07661271210796598	
34	2013-12-27	63.75	70.099998	71.25	63.689999	60418700	-0.09058485279842661	-6.349997999999999	0.11296228782909656	
35	2013-12-30	60.509998	60.27	63.709999	58.57	55538300	0.003982047453127591	0.23999799999999993	0.08511341422608738	
36	2013-12-31	63.650002	62.360001	65.220001	61.650002	27814600	0.020686353099962328	1.2900010000000037	0.0566621524483258	
37	2014-01-02	67.50	65.00	67.50	64.400002	29246400	0.038461538461538464	2.5	0.04679242264150942	
38	2014-01-03	69.00	69.00	70.43	68.43	33207200	0.0	0.0	0.028985507246376812	
39	2014-01-06	66.290001	64.830002	66.870003	63.50	27243700	0.022520421949084785	1.4599990000000105	0.0514033392753964	
40	2014-01-07	61.459999	67.669998	67.730003	61.389999	31748400	-0.0917688663150249	-6.209999000000003	0.09819568105465058	
41	2014-01-08	59.290001	58.709999	61.259998	57.919998	27263200	0.009879100832551424	0.5800019999999932	0.05661016949152548	
42	2014-01-09	57.049999	59.540001	60.810001	55.59	31092100	-0.041820657678524345	-2.490001999999997	0.08954457500643273	
43	2014-01-10	57.00	57.50	58.759998	55.869999	22375900	-0.008695652173913044	-0.5	0.05048033187772931	
44	2014-01-13	57.82	59.98	60.380001	57.290001	20978100	-0.036012004001333725	-2.1599999999999966	0.05246179966044148	
45	2014-01-14	58.209999	58.880001	59.02	57.360001	14778000	-0.01137910986108843	-0.6700019999999967	0.028354240327952963	
46	2014-01-15	61.57	59.110001	61.75	58.32	21537300	0.04161730601222632	2.4599990000000034	0.05684454709276974	
47	2014-01-16	60.57	61.450001	62.400002	60.459999	16589400	-0.01432060188249631	-0.880001	0.0317981148025068	
48	2014-01-17	62.200001	63.599998	64.690002	61.59	28391100	-0.022012532138758856	-1.399996999999999	0.0492846108846154	
49	2014-01-21	62.529999	63.330002	63.439999	61.50	13733200	-0.01263229077428426	-0.8000030000000038	0.03082788788472996	
50	2014-01-22	62.439999	63.110001	63.799999	61.759998	12039000	-0.010616415613747125	-0.6700019999999967	0.03249702907208278	
51	2014-01-23	62.799999	61.450001	62.810001	60.880001	10183700	0.021969047648998402	1.3499979999999994	0.03106639839034205	
52	2014-01-24	61.740002	62.169998	63.619999	61.299999	12942200	-0.00691645510427719	-0.4299960000000027	0.03744653377451376	
53	2014-01-27	57.91	61.77	61.77	56.099998	18982700	-0.062489881819653655	-3.8600000000000065	0.0947527072192514	
54	2014-01-28	60.439999	57.439999	60.849998	57.349998	9346800	0.05222841316553644	3.0	0.059382423810356695	
55	2014-01-29	59.450001	59.619999	60.950001	58.599998	9140000	-0.0028513586523206693	-0.16999799999999965	0.039472629545645434	
56	2014-01-30	63.470001	63.98	65.239998	62.799999	17424300	-0.007971225382932065	-0.5099989999999934	0.03828950931118471	
57	2014-01-31	64.50	63.389999	65.370003	62.650002	15498800	0.01751066441884621	1.110000999999997	0.042536570822867804	
58	2014-02-03	65.25	65.919998	66.480003	64.209999	17890300	-0.010163804920018454	-0.6699980000000068	0.034611634285456036	
59	2014-02-04	66.32	66.25	66.370003	64.50	13017400	0.0010566037735848027	0.06999999999999318	0.02821155615901029	
60	2014-02-05	65.970001	67.160004	67.239998	64.800003	31504900	-0.017718923900004596	-1.1900030000000044	0.036655823756635425	
61	2014-02-06	50.029999	50.610001	53.900002	49.990002	64856500	-0.011460225025484595	-0.5800020000000004	0.07770270270270278	
62	2014-02-07	54.349998	51.23	54.919998	50.75	32204400	0.06090177630294755	3.1199980000000025	0.07899219698791811	
63	2014-02-10	52.919998	54.50	54.59	52.34	15857400	-0.028990862385321108	-1.5800020000000004	0.04189164107040851	
64	2014-02-11	54.00	53.200001	54.400002	53.099998	13162900	0.015037574905308736	0.7999989999999997	0.02425380574390109	
65	2014-02-12	56.849998	55.049999	57.00	54.759998	20040400	0.03269753011258002	1.7999989999999997	0.040035783021513345	
66	2014-02-13	56.470001	56.07	58.98	55.459999	26009500	0.007133957553058733	0.40000100000000316	0.06255555302509716	
67	2014-02-14	57.439999	57.02	57.860001	56.700001	12512400	0.0073658190108733266	0.4199989999999971	0.02026908981538601	
68	2014-02-18	58.18	57.880001	58.639999	56.77	10719500	0.00518312015924118	0.2999989999999997	0.03222469384607363	
69	2014-02-19	55.50	58.470001	58.950001	54.619999	25772100	-0.05079529586462643	-2.9700010000000034	0.07598494273944949	
70	2014-02-20	56.630001	55.82	57.080002	54.650002	12097500	0.014510945897527763	0.8100009999999997	0.04321920815278605	
71	2014-02-21	55.919998	57.099998	57.200001	55.700001	7714300	-0.020665499848178625	-1.1799999999999997	0.026543975457227944	
72	2014-02-24	55.779999	56.029999	56.490002	55.299999	8451200	-0.00446189549280556	-0.25	0.021286164409018187	
73	2014-02-25	54.959999	55.889999	55.950001	54.50	9288500	-0.01663982853175574	-0.9299999999999997	0.026161497991186257	
74	2014-02-26	55.869999	55.00	56.990002	54.900002	12116000	0.015818163636363635	0.869999	0.037701813274121095	
75	2014-02-27	55.77	56.34	56.689999	55.400002	6537700	-0.010117145899893508	-0.5700000000000003	0.023013058603157603	
76	2014-02-28	54.91	55.93	56.00	54.130001	8137200	-0.018237082066869355	-1.0200000000000031	0.03374231324431613	
77	2014-03-03	53.709999	53.889999	54.400002	52.900002	9602300	-0.0033401373787370027	-0.17999999999999972	0.02788104141042828	
78	2014-03-04	54.279999	54.25	55.279999	54.119999	6706300	0.0005529769585252821	0.029998999999996556	0.021376578101691433	
79	2014-03-05	54.380001	54.529999	55.029999	53.75	5672000	-0.002750742760879136	-0.14999799999999652	0.02350562850059676	
80	2014-03-06	54.830002	54.91	56.09	54.700001	9005700	-0.0014568930977963256	-0.07999799999999624	0.02533258565094619	
81	2014-03-07	53.529999	55.18	55.200001	53.310001	7311500	-0.029902156578470517	-1.6500010000000032	0.03477141049371182	
82	2014-03-10	53.880001	54.09	54.59	53.380001	5759600	-0.0038823997041967716	-0.20999900000000338	0.02241361468543477	
83	2014-03-11	54.02	54.16	55.84	53.799999	11762600	-0.0025849335302805293	-0.13999999999999346	0.03771493806618605	
84	2014-03-12	54.50	54.25	55.299999	53.880001	5818400	0.004608294930875576	0.25	0.02611490574712643	
85	2014-03-13	53.57	54.900002	55.450001	53.200001	7671500	-0.024225900756797793	-1.3300020000000004	0.04148612443097401	
86	2014-03-14	51.919998	53.400002	53.91	51.799999	9570400	-0.02771542967357943	-1.480004000000001	0.04006838207368016	
87	2014-03-17	52.049999	52.080002	52.490002	51.349998	6600900	-0.000576094447922653	-0.030003000000000668	0.02189578390573525	
88	2014-03-18	51.130001	52.029999	52.209999	50.290001	12228900	-0.017297674751060376	-0.8999979999999965	0.037223691353237824	
89	2014-03-19	51.240002	50.799999	51.98	50.709999	7624200	0.008661476548454209	0.44000299999999726	0.024892218493804085	
90	2014-03-20	50.119999	51.00	51.66	49.639999	10086200	-0.01725492156862745	-0.880001	0.039952551819150896	
91	2014-03-21	50.919998	50.240002	50.919998	49.509998	11801400	0.013534951690487646	0.6799960000000027	0.02787663107947799	
92	2014-03-24	48.77	50.689999	50.939999	47.77	12325700	-0.037877274371222555	-1.9199989999999971	0.06374419931373611	
93	2014-03-25	47.880001	49.349998	49.700001	47.580002	8225600	-0.029787174459459945	-1.4699969999999993	0.04360791981495341	
94	2014-03-26	44.43	48.060001	48.299999	44.25	16079700	-0.0755306060022762	-3.630001	0.08757701278433329	
95	2014-03-27	46.32	45.09	46.400002	43.310001	15507600	0.027278775781769724	1.2299999999999969	0.06760750464938192	
96	2014-03-28	47.299999	46.650002	47.34	45.700001	9610500	0.013933482789561275	0.649996999999999	0.03491216567416541	
97	2014-03-31	46.669998	47.549999	47.75	46.43	5794500	-0.01850685633032295	-0.880001	0.02801952965462311	
98	2014-04-01	46.98	46.709999	47.59	46.18	6916100	0.005780368353251163	0.2700009999999935	0.030099263849922845	
99	2014-04-02	45.73	47.400002	47.439999	45.509998	7911300	-0.035232108218054586	-1.6700020000000038	0.041447459648932414	
100	2014-04-03	44.049999	45.48	45.610001	43.380001	11175800	-0.03144241424802105	-1.4300009999999972	0.04981570478963139	
101	2014-04-04	43.139999	44.200001	44.869999	42.369999	13824400	-0.02398194515877946	-1.0600019999999972	0.0572475383558507	
102	2014-04-07	42.450001	42.869999	44.599998	42.259998	12053000	-0.009797014457593052	-0.41999799999999965	0.054852320675105405	
103	2014-04-08	41.779999	43.419998	43.419998	41.549999	14514500	-0.037770591329829246	-1.639999000000003	0.04389669168650323	
104	2014-04-09	42.490002	42.23	43.060001	41.77	14330700	0.006156807956429081	0.26000200000000007	0.0304532806786288	
105	2014-04-10	41.34	42.849998	43.25	40.93	10720900	-0.035239161504744904	-1.509997999999996	0.05511343520877623	
106	2014-04-11	40.049999	40.790001	41.099998	39.68	9999700	-0.018141749984266903	-0.7400019999999969	0.035131073725878266	
107	2014-04-14	40.869999	41.400002	41.950001	40.119999	10414200	-0.01280200421246358	-0.5300030000000007	0.04448771065409371	
108	2014-04-15	45.52	41.279999	45.549999	40.759998	24285100	0.1027132050075875	4.240001000000007	0.11036868790747328	
109	2014-04-16	44.419998	45.419998	45.560001	43.540001	13919600	-0.0220167336863379	-1.0	0.04496883548391973	
110	2014-04-17	45.009998	44.66	46.549999	43.91	12304400	0.007836945812808027	0.34999800000000647	0.058882548430524186	
111	2014-04-21	46.130001	44.959999	46.299999	44.639999	6921200	0.026023176735390865	1.1700019999999967	0.036447469535624034	
112	2014-04-22	46.02	46.23	47.09	45.799999	6996900	-0.004542504866969365	-0.20999999999999375	0.027967501355013632	
113	2014-04-23	45.950001	45.880001	46.169998	44.869999	7340200	0.0015257192344001972	0.07000000000000028	0.02831316501550331	
114	2014-04-24	44.82	46.709999	46.790001	43.630001	11011700	-0.040462407203220085	-1.889999000000003	0.06904840018626017	
115	2014-04-25	41.610001	44.290001	44.439999	41.310001	13712400	-0.06051027183313904	-2.6799999999999997	0.07287538829160913	
116	2014-04-28	40.73	41.759998	42.349998	39.299999	14358900	-0.02466470424639403	-1.0299980000000062	0.07394833492419287	
117	2014-04-29	42.619999	40.529999	43.970001	40.169998	28127700	0.051566741958222195	2.0900000000000034	0.09140115673845245	
118	2014-04-30	38.970001	37.66	38.98	37.240002	38397900	0.0347849442379184	1.3100010000000069	0.04541297082848792	
119	2014-05-01	39.09	39.009998	40.77	38.970001	15759800	0.002050807590402859	0.08000200000000035	0.04609472589231051	
120	2014-05-02	39.02	39.200001	39.860001	38.700001	12729500	-0.004591862127758547	-0.1800009999999972	0.02965993314165252	
121	2014-05-05	38.75	38.52	39.599998	38.049999	10405200	0.005970924195223179	0.22999999999999687	0.040119037142487365	
122	2014-05-06	31.85	35.610001	36.099998	31.719999	134710000	-0.10558834300510117	-3.7600009999999955	0.1298546971560228	
123	2014-05-07	30.66	31.969999	32.00	29.51	68876300	-0.04097588492261139	-1.3099990000000012	0.0795146108816	
124	2014-05-08	31.959999	31.48	32.98	31.129999	51282800	0.01524774459974585	0.4799989999999994	0.05832285716145725	
125	2014-05-09	32.049999	32.23	33.110001	31.75	31888800	-0.005584889854173044	-0.1800009999999972	0.042314904205272216	
126	2014-05-12	33.939999	33.080002	34.099998	32.400002	34712700	0.025997489359281173	0.8599969999999999	0.050731004912996	
127	2014-05-13	33.389999	33.84	34.060001	32.889999	24676800	-0.013297901891252963	-0.4500010000000003	0.03480595024253969	
128	2014-05-14	32.849998	33.349998	33.830002	32.619999	20029400	-0.014992504647226667	-0.5	0.036555984081932585	
129	2014-05-15	32.77	33.02	33.290001	32.16	22030500	-0.007571168988491823	-0.25	0.03435175558595531	
130	2014-05-16	32.259998	32.950001	33.209999	32.02	21391400	-0.02094090983487367	-0.6900029999999973	0.03649743960278239	
131	2014-05-19	32.07	32.049999	32.439999	31.639999	15952800	0.0006240561817178403	0.0200010000000006	0.024953213115302783	
132	2014-05-20	31.77	32.00	32.389999	31.52	16580500	-0.007187500000000013	-0.23000000000000043	0.02728552610945597	
133	2014-05-21	31.75	31.85	31.950001	31.15	15562600	-0.0031397174254317556	-0.10000000000000142	0.02515726415094345	
134	2014-05-22	31.52	31.33	32.25	30.52	35566200	0.006064474944143035	0.19000000000000128	0.05505171042163884	
135	2014-05-23	30.50	31.51	31.68	30.450001	27448000	-0.032053316407489735	-1.0100000000000016	0.03967098855023381	
136	2014-05-27	30.51	30.940001	31.200001	30.379999	25240100	-0.013897898710475065	-0.4300009999999972	0.026688429183263928	
137	2014-05-28	33.77	31.50	33.84	31.09	60302800	0.07206349206349216	2.270000000000003	0.0842653592768501	
138	2014-05-29	34.00	34.669998	35.139999	33.880001	54016300	-0.019325008325642237	-0.6699979999999996	0.036697190525620905	
139	2014-05-30	32.439999	33.73	33.860001	32.110001	40566000	-0.03824491550548464	-1.2900009999999966	0.05289406155197313	
140	2014-06-02	31.75	32.889999	33.200001	31.620001	31154200	-0.03466096183219717	-1.139999000000003	0.048886139370144535	
141	2014-06-03	32.580002	31.73	32.689999	31.65	19948800	0.02678859123857548	0.8500019999999999	0.03234330485637372	
142	2014-06-04	32.900002	32.490002	33.32	31.85	24863000	0.012619266690103735	0.4100000000000037	0.044961000461171366	
143	2014-06-05	33.889999	33.669998	34.889999	33.110001	40904900	0.0065340366221585	0.22000100000000344	0.05269384485023011	
144	2014-06-06	33.330002	34.139999	34.41	33.220001	23353200	-0.02372574761938343	-0.8099970000000027	0.03527490684341306	
145	2014-06-09	34.470001	33.240002	34.549999	33.09	23397200	0.03700357779761886	1.2299990000000065	0.04312506085696072	
146	2014-06-10	35.369999	34.73	35.50	34.66	36503400	0.018427843363086758	0.6399990000000031	0.023965763537314843	
147	2014-06-11	35.540001	35.07	35.970001	34.93	30021300	0.013401796407185524	0.47000099999999634	0.029457611819039737	
148	2014-06-12	36.790001	35.060001	37.27	35.060001	58146100	0.04934398033816362	1.7299999999999969	0.0615170198603475	
149	2014-06-13	36.900002	36.849998	37.25	35.900002	29129900	0.0013569607249368444	0.05000400000000127	0.03661011525423727	
150	2014-06-16	38.02	36.700001	38.169998	36.439999	29889300	0.03596727422432503	1.3199990000000028	0.04630618246378234	
151	2014-06-17	38.02	38.029999	38.549999	37.299999	30321500	-0.00026292401427603065	-0.00999899999999343	0.03287311022844326	
152	2014-06-18	38.740002	38.16	38.830002	37.75	23707500	0.015199213836477998	0.5800020000000004	0.028088477813043498	
153	2014-06-19	38.900002	38.73	39.299999	38.32	24648300	0.0043894138910406345	0.17000200000000376	0.025247944731471204	
154	2014-06-20	39.240002	38.82	39.240002	37.77	41501100	0.010819216898505839	0.42000199999999666	0.03766338617311319	
155	2014-06-23	39.52	39.07	39.580002	38.73	22591300	0.01151778858459183	0.45000000000000284	0.021631301692327357	
156	2014-06-24	38.48	39.439999	39.639999	38.259998	24477900	-0.024340746053264438	-0.9599990000000034	0.03542097068045394	
157	2014-06-25	39.459999	38.240002	39.59	38.009998	25457200	0.031903685569891094	1.2199970000000064	0.04066929162587785	
158	2014-06-26	41.439999	40.049999	42.00	39.810001	45348500	0.03470661759567087	1.3900000000000006	0.053748903024884116	
159	2014-06-27	40.93	40.700001	41.150002	40.110001	48253400	0.005651080942233868	0.2299989999999994	0.02548085231555991	
160	2014-06-30	40.970001	40.810001	41.34	40.349998	22783000	0.003920607598122914	0.1600000000000037	0.024211346925621356	
161	2014-07-01	42.049999	42.060001	42.950001	41.91	36019300	-0.000237803132719851	-0.010002000000000066	0.024729544643918768	
162	2014-07-02	41.77	42.830002	42.830002	41.419998	24377500	-0.024749053245432893	-1.0600019999999972	0.03333342710795682	
163	2014-07-03	41.330002	41.939999	42.00	40.830002	15795100	-0.014544516321996095	-0.6099969999999999	0.02810130865736388	
164	2014-07-07	40.23	41.080002	41.450001	40.139999	21454500	-0.02069138166059494	-0.8500020000000035	0.032222407275306605	
165	2014-07-08	37.41	39.959999	40.040001	36.84	49952000	-0.06381379038573065	-2.549999000000007	0.0827194272033012	
166	2014-07-09	38.060001	37.82	38.349998	37.349998	26838300	0.006345875198307759	0.24000099999999946	0.02635740608385074	
167	2014-07-10	37.84	36.490002	38.099998	36.110001	26549700	0.03699638054281298	1.3499980000000065	0.053544919856184106	
168	2014-07-11	38.330002	38.150002	38.790001	38.00	21084800	0.00471821731490341	0.17999999999999972	0.02065902088603438	
169	2014-07-14	38.310001	38.57	39.380001	38.200001	19705000	-0.0067409644801659455	-0.25999900000000054	0.030697190027351842	
170	2014-07-15	37.880001	38.59	38.990002	37.619999	24630600	-0.018398522933402522	-0.7099990000000034	0.03583112284776868	
171	2014-07-16	37.43	38.310001	38.52	37.099998	19726500	-0.022970529288161595	-0.880001	0.037496751551402904	
172	2014-07-17	36.869999	36.799999	37.169998	36.380001	22631500	0.0019021739647329958	0.07000000000000028	0.021446912486681475	
173	2014-07-18	37.049999	36.810001	37.080002	35.950001	26435500	0.006519912889977915	0.23999799999999993	0.030598456539398865	
174	2014-07-21	38.049999	37.23	38.290001	36.849998	19685400	0.022025221595487587	0.8199990000000028	0.038257253430622314	
175	2014-07-22	37.650002	38.310001	38.599998	37.450001	16837800	-0.017227851286143247	-0.6599989999999991	0.030279014075341705	
176	2014-07-23	37.75	37.650002	38.189999	37.560001	13220700	0.002655989234741591	0.09999799999999937	0.01671082183790925	
177	2014-07-24	38.709999	38.709999	39.00	37.849998	22105600	0.0	0.0	0.02970813819964192	
178	2014-07-25	38.16	38.200001	38.799999	38.02	15980800	-0.0010471465694465224	-0.04000100000000373	0.020429517804746927	
179	2014-07-28	37.93	38.299999	38.439999	37.560001	16781700	-0.009660548555105706	-0.36999899999999997	0.02308797091811586	
180	2014-07-29	38.59	38.110001	38.919998	37.990002	65338000	0.012595092820910881	0.4799990000000065	0.024250221326594316	
181	2014-07-30	46.299999	47.009998	48.00	45.650002	116195900	-0.01510314890887686	-0.7099990000000034	0.050369694042536495	
182	2014-07-31	45.189999	44.619999	45.84	44.299999	47170200	0.012774540851065467	0.5700000000000003	0.034294645012685636	
183	2014-08-01	44.130001	45.009998	45.540001	43.810001	37194800	-0.01955114505892675	-0.879997000000003	0.03881534708116828	
184	2014-08-04	43.470001	43.700001	44.529999	43.439999	22425000	-0.005263157774298377	-0.22999999999999687	0.025008603303691472	
185	2014-08-05	43.830002	43.25	44.48	43.02	26404100	0.013410450867052032	0.5800020000000004	0.033532383244547784	
186	2014-08-06	43.459999	43.389999	44.040001	42.75	20355300	0.001613274985325542	0.07000000000000028	0.029706414040446993	
187	2014-08-07	43.00	43.369999	44.369999	42.889999	25389100	-0.008531219933853352	-0.36999899999999997	0.03427115936402863	
188	2014-08-08	43.130001	43.02	43.360001	42.509998	14967900	0.002556973500697278	0.1100009999999969	0.019733093212616303	
189	2014-08-11	43.27	43.48	43.599998	42.709999	18420300	-0.004829806807727547	-0.20999999999999375	0.020518708933717485	
190	2014-08-12	43.810001	44.380001	44.720001	43.610001	29582300	-0.012843622964316749	-0.5700000000000003	0.025172921529132218	
191	2014-08-13	44.150002	44.119999	44.34	43.619999	16180800	0.0006800317470542252	0.030003000000000668	0.016313605796832456	
192	2014-08-14	45.330002	44.400002	45.34	44.040001	23638900	0.020945945002434904	0.9299999999999997	0.02897579275712518	
193	2014-08-15	44.759998	45.470001	45.50	44.439999	17776700	-0.015614756639218026	-0.7100030000000004	0.02349553389665891	
194	2014-08-18	45.119999	45.060001	45.330002	44.77	14835400	0.0013315135079557637	0.05999800000000022	0.012419649589709408	
195	2014-08-19	45.09	45.240002	45.450001	45.029999	11903400	-0.003315693929456359	-0.15000199999999353	0.009299280210355884	
196	2014-08-20	45.060001	44.93	45.209999	44.759998	10383200	0.0028934119741820617	0.13000100000000003	0.010001133348137207	
197	2014-08-21	45.110001	45.290001	45.349998	44.84	10619300	-0.0039743871942065035	-0.17999999999999972	0.011283141343293243	
198	2014-08-22	45.98	45.040001	46.139999	44.799999	19429800	0.020870314811937955	0.9399990000000003	0.029444077901075907	
199	2014-08-25	46.099998	46.220001	46.360001	45.700001	17583500	-0.0025963435180367924	-0.12000300000000408	0.014298093742396956	
200	2014-08-26	48.169998	46.099998	48.200001	46.040001	27716200	0.04490238806517953	2.0700000000000003	0.045825821399207524	
201	2014-08-27	48.060001	48.240002	48.459999	47.18	26127600	-0.0037313638585669464	-0.1800009999999972	0.026583571342152577	
202	2014-08-28	49.43	47.98	49.880001	47.860001	35076300	0.030220925385577385	1.4500000000000028	0.041474181295554934	
203	2014-08-29	49.75	49.889999	50.349998	49.130001	31926900	-0.0028061535940299997	-0.1399990000000031	0.02448809739550478	
204	2014-09-02	51.02	50.02	51.34	49.900002	28267200	0.01999200319872051	1.0	0.028503523357086356	
205	2014-09-03	49.330002	51.830002	51.849998	49.049999	34411200	-0.04823461129714022	-2.5	0.055357826992573064	
206	2014-09-04	50.240002	49.689999	50.860001	49.220001	24413100	0.011068686075038896	0.5500029999999967	0.03282297575479847	
207	2014-09-05	50.700001	50.09	50.880001	49.52	20251400	0.012178099421042062	0.6100009999999969	0.026986823821938385	
208	2014-09-08	52.00	51.799999	52.68	51.68	30836400	0.0038610232405603003	0.20000100000000032	0.019267822921655325	
209	2014-09-09	50.610001	52.23	52.400002	50.220001	25034400	-0.03101663794753973	-1.619999	0.042395973916803	
210	2014-09-10	52.91	52.110001	53.330002	51.849998	38057700	0.015352120219686807	0.7999989999999997	0.02818518350613996	
211	2014-09-11	52.639999	52.549999	53.639999	52.18	38055400	0.001712654647243731	0.09000000000000341	0.027759274223011266	
212	2014-09-12	52.110001	52.549999	52.82	52.02	22986500	-0.00837294021642137	-0.4399980000000028	0.015287597936174225	
213	2014-09-15	49.380001	51.599998	51.93	47.560001	38374100	-0.04302319934198446	-2.2199969999999993	0.0865517734853612	
214	2014-09-16	50.830002	48.700001	50.91	48.400002	26744800	0.04373718596022205	2.130001	0.050437012445382845	
215	2014-09-17	50.700001	50.970001	51.599998	50.16	22874400	-0.005297233562934462	-0.2700000000000031	0.028326900200120044	
216	2014-09-18	50.880001	50.970001	51.880001	50.529999	22484800	-0.0017657445209782005	-0.09000000000000341	0.026509611654205043	
217	2014-09-19	53.00	50.779999	53.00	50.18	38192600	0.0437180197660107	2.2200010000000034	0.05434573187845184	
218	2014-09-22	51.939999	52.380001	52.900002	51.360001	21744400	-0.008400190752191849	-0.4400019999999998	0.02952455904907983	
219	2014-09-23	52.169998	51.459999	52.560001	51.02	19990500	0.013797104815334261	0.7099989999999963	0.029721143386697128	
220	2014-09-24	52.959999	52.549999	53.34	52.130001	17656100	0.007802093392998993	0.4100000000000037	0.022936196056036386	
221	2014-09-25	51.450001	52.709999	53.23	51.27	21071500	-0.02390434498016217	-1.259998000000003	0.03763440860215042	
222	2014-09-26	51.889999	51.970001	52.610001	51.700001	14125300	-0.0015393880789034494	-0.08000200000000035	0.01752358944733288	
223	2014-09-29	51.740002	51.09	52.18	50.880001	15404300	0.012722685457036474	0.6500019999999935	0.025284430121862676	
224	2014-09-30	51.580002	52.00	52.189999	51.169998	12315700	-0.008076884615384609	-0.41999799999999965	0.019694940728037454	
225	2014-10-01	50.060001	51.080002	51.290001	49.150002	24733500	-0.019968695381022118	-1.0200010000000006	0.04231755856285659	
226	2014-10-02	51.849998	51.029999	52.099998	50.009998	27056500	0.016068959750518568	0.8199990000000028	0.040629861215878464	
227	2014-10-03	53.939999	52.75	54.73	52.110001	31227200	0.02255922274881517	1.1899990000000003	0.049114237970889846	
228	2014-10-06	53.490002	53.939999	54.450001	53.23	20033400	-0.00834254742941325	-0.4499970000000033	0.022712482335358136	
229	2014-10-07	53.529999	53.119999	54.990002	53.099998	26082300	0.007718373639276548	0.4099999999999966	0.03544311365106632	
230	2014-10-08	55.419998	53.619999	55.669998	52.599998	31098500	0.03356954557197958	1.7999989999999997	0.05630961270110821	
231	2014-10-09	55.290001	55.290001	55.990002	54.919998	29741400	0.0	0.0	0.019352576969568103	
232	2014-10-10	50.400002	54.57	55.66	50.299999	46727300	-0.07641557632398753	-4.169998	0.10212443360723185	
233	2014-10-13	48.490002	50.540001	51.91	48.259998	35326800	-0.040561910554770264	-2.0499989999999997	0.07371507400640984	
234	2014-10-14	48.580002	49.060001	49.529999	47.080002	29723600	-0.009783917452427272	-0.4799989999999994	0.050184287683809184	
235	2014-10-15	49.990002	47.110001	50.52	46.380001	34371500	0.06113353722917561	2.880001	0.08527289128920014	
236	2014-10-16	48.23	48.34	49.82	47.169998	30818800	-0.0022755482002483765	-0.11000000000000654	0.05488251009630322	
237	2014-10-17	48.77	49.720001	50.25	48.650002	24630600	-0.019107018923833093	-0.9500010000000003	0.03249056724042473	
238	2014-10-20	50.700001	49.07	50.889999	48.799999	17781100	0.0332178724271449	1.630001	0.04189636121182365	
239	2014-10-21	50.630001	51.759998	52.150002	50.299999	21351000	-0.0218314730228545	-1.129997000000003	0.03613640039199533	
240	2014-10-22	49.080002	51.130001	51.84	49.00	26109900	-0.040093858007161	-2.0499989999999997	0.056680968266211974	
241	2014-10-23	49.669998	50.130001	50.400002	49.200001	23099800	-0.009176201692076575	-0.4600030000000004	0.024048116473428027	
242	2014-10-24	49.950001	50.16	50.189999	49.150002	12035200	-0.004186582934609176	-0.20999899999999627	0.02077708499873054	
243	2014-10-27	48.560001	50.02	50.240002	47.18	51896300	-0.029188304678128815	-1.4599990000000034	0.062081598071803565	
244	2014-10-28	43.779999	42.25	44.580002	41.759998	83179400	0.03621299408284016	1.5299989999999966	0.06555861984840886	
245	2014-10-29	42.080002	43.849998	44.16	41.810001	40261900	-0.04036479089463126	-1.769995999999999	0.054695659257535126	
246	2014-10-30	41.799999	41.560001	42.48	39.939999	42012600	0.0057747351834760525	0.23999799999999993	0.06094052303262948	
247	2014-10-31	41.470001	42.689999	42.849998	41.34	23895100	-0.028578075159945468	-1.2199979999999968	0.03588398288973375	
248	2014-11-03	40.209999	40.549999	41.200001	40.16	31441900	-0.008384710441053187	-0.3399999999999963	0.02575534982058825	
249	2014-11-04	40.900002	40.029999	41.099998	39.75	19544300	0.021733775211935532	0.8700030000000041	0.03336211499614338	
250	2014-11-05	40.369999	41.689999	41.799999	40.130001	19742200	-0.03166226988875678	-1.3200000000000003	0.04070187766760607	
251	2014-11-06	40.84	40.189999	41.349998	40.099998	16292100	0.016173202691545305	0.6500010000000032	0.03085277095955536	
252	2014-11-07	40.310001	40.740002	40.740002	39.700001	18558900	-0.010554761386609584	-0.4300009999999972	0.025663194608394932	
253	2014-11-10	39.59	40.34	40.689999	39.419998	19069300	-0.018591968269707486	-0.75	0.031777830601776566	
254	2014-11-11	39.59	39.310001	39.84	38.810001	19176600	0.007122843878838967	0.27999900000000366	0.026108973053118305	
255	2014-11-12	42.540001	39.939999	42.939999	39.599998	51814100	0.06509769817470441	2.6000019999999964	0.08098935499515036	
256	2014-11-13	40.040001	43.549999	43.950001	39.950001	67287400	-0.08059697085182489	-3.509998000000003	0.09570522789807392	
257	2014-11-14	41.849998	40.02	41.849998	39.77	33059800	0.04572708645677152	1.8299979999999962	0.05081221572767099	
258	2014-11-17	40.470001	41.459999	41.68	40.41	20665200	-0.023878389384428104	-0.9899979999999999	0.03100207494202375	
259	2014-11-18	40.610001	40.689999	41.169998	39.950001	18605000	-0.00196603592936936	-0.07999800000000334	0.03001222632226321	
260	2014-11-19	39.709999	40.349998	40.470001	39.209999	19050100	-0.01586119037725841	-0.639998999999996	0.03147644384748103	
261	2014-11-20	39.810001	39.490002	40.549999	39.32	13717100	0.008103291562254235	0.3199990000000028	0.031021411184561982	
262	2014-11-21	40.029999	40.25	40.279999	39.799999	12066600	-0.005465863354037353	-0.22000100000000344	0.01195814663624988	
263	2014-11-24	40.189999	39.990002	40.470001	39.580002	15176000	0.005001175043702256	0.1999970000000033	0.02220002466699902	
264	2014-11-25	39.759998	40.119999	40.299999	39.560001	16165100	-0.008973105906607748	-0.3600009999999969	0.018527742308252715	
265	2014-11-26	41.130001	39.830002	41.560001	39.740002	23773300	0.03263868779117811	1.2999989999999997	0.044960447938718645	
266	2014-11-28	41.740002	41.09	42.080002	40.830002	11113900	0.0158189827208565	0.6500019999999935	0.030182300369858736	
267	2014-12-01	39.040001	41.290001	41.290001	39.00	22214000	-0.054492611903787555	-2.25	0.057014837370475774	
268	2014-12-02	38.91	39.400002	39.400002	38.330002	16394300	-0.012436598353472267	-0.49000200000000405	0.027327288281770196	
269	2014-12-03	39.060001	39.00	39.419998	38.380001	13241300	0.001538487179487173	0.06000099999999975	0.026646092407813307	
270	2014-12-04	38.790001	38.799999	39.66	38.619999	13012200	-0.0002576804190124608	-0.00999800000000306	0.02680760407268969	
271	2014-12-05	38.490002	38.970001	39.07	38.349998	12587700	-0.012317141074746353	-0.4799990000000065	0.018590291043495077	
272	2014-12-08	36.290001	38.080002	38.119999	35.75	30112800	-0.047006326312693046	-1.7900010000000037	0.06373534770463839	
273	2014-12-09	37.049999	34.970001	37.09	34.619999	20542800	0.059479495010594824	2.0799979999999962	0.06859208553179681	
274	2014-12-10	36.349998	36.91	37.779999	36.25	16497700	-0.015172094283391961	-0.5600019999999972	0.041769015609309644	
275	2014-12-11	36.700001	36.450001	37.23	36.25	15707100	0.006858710374246629	0.25	0.026794257640621714	
276	2014-12-12	37.099998	36.310001	37.709999	36.099998	15222500	0.02175700848920383	0.7899969999999996	0.04386326173359583	
277	2014-12-15	36.849998	38.130001	38.380001	36.73	16833000	-0.033569445749555595	-1.2800030000000007	0.04401176372381662	
278	2014-12-16	35.130001	36.50	36.709999	35.09	19241200	-0.03753421917808219	-1.369999	0.045232415953756586	
279	2014-12-17	35.57	35.560001	35.900002	34.950001	18544800	0.00028118671875179463	0.009999000000000535	0.02671168245871388	
280	2014-12-18	36.73	36.130001	37.27	35.950001	19087500	0.016606669897407333	0.5999989999999968	0.03623384523423223	
281	2014-12-19	37.080002	36.700001	37.450001	36.50	16068700	0.010354250399066747	0.38000100000000003	0.025752262438915877	
282	2014-12-22	38.43	37.50	38.82	37.310001	20079000	0.024799999999999992	0.9299999999999997	0.039773449229553545	
283	2014-12-23	37.57	38.580002	39.25	37.459999	16858000	-0.02617941803113437	-1.010002	0.047012500406762865	
284	2014-12-24	37.610001	37.669998	38.349998	37.560001	6254200	-0.001592699845643813	-0.05999700000000274	0.02098823088454078	
285	2014-12-26	37.599998	37.759998	38.099998	37.540001	7324000	-0.004237288360025964	-0.1600000000000037	0.01486191692473027	
286	2014-12-29	36.419998	37.389999	37.509998	36.380001	13565400	-0.02594279288426842	-0.9700010000000034	0.030619077250470635	
287	2014-12-30	35.860001	36.02	36.240002	35.459999	19494600	-0.004441948917268357	-0.15999900000000622	0.021702921233960296	
288	2014-12-31	35.869999	35.889999	36.490002	35.470001	17650100	-0.0005572583047439797	-0.020000000000003126	0.028428122308475915	
289	2015-01-02	36.560001	36.23	36.740002	35.540001	12062500	0.009108501242064667	0.3300010000000029	0.032971589051084105	
290	2015-01-05	36.380001	36.259998	37.110001	35.639999	15062700	0.003309514799200953	0.12000299999999697	0.040473623905198396	
291	2015-01-06	38.759998	36.27	39.450001	36.040001	33050800	0.06865172318720705	2.489998	0.09089697696646622	
292	2015-01-07	37.279999	39.099998	39.099998	37.060001	22675700	-0.046547291383493235	-1.8199990000000028	0.05341704844528861	
293	2015-01-08	39.09	37.419998	39.189999	37.09	19190400	0.04462859671986096	1.6700020000000038	0.0548947602900211	
294	2015-01-09	40.169998	39.220001	40.34	38.259998	24738400	0.024222258433904582	0.9499969999999962	0.052399597586592746	
295	2015-01-12	39.369999	40.279999	40.950001	39.299999	27639000	-0.022591857561863313	-0.9099999999999966	0.041431313030290365	
296	2015-01-13	39.650002	39.740002	40.349998	39.23	18395500	-0.002264720570471947	-0.0899999999999963	0.028215088640126593	
297	2015-01-14	39.849998	38.889999	40.18	38.799999	16054700	0.02468498392093032	0.9599989999999963	0.03505209683967857	
298	2015-01-15	36.93	39.700001	39.700001	36.860001	23042000	-0.06977332317951329	-2.7700010000000006	0.07412240540098658	
299	2015-01-16	37.310001	37.18	38.130001	36.849998	14966100	0.0034965303926842396	0.13000100000000003	0.03436710921778617	
300	2015-01-20	37.57	37.59	38.139999	36.540001	17641700	-0.0005320563979782688	-0.020000000000003126	0.0425757849920172	
301	2015-01-21	37.830002	37.650002	38.27	37.330002	12181300	0.004780876240059687	0.17999999999999972	0.02490720588727056	
302	2015-01-22	39.07	37.98	39.25	37.549999	20451700	0.028699315429173342	1.0900000000000034	0.044127216093445824	
303	2015-01-23	39.419998	39.48	39.970001	38.779999	16439200	-0.0015198074974670018	-0.060001999999997224	0.030164816987701494	
304	2015-01-26	40.099998	39.330002	40.130001	39.040001	13838200	0.01957782763397772	0.769995999999999	0.027445549540475973	
305	2015-01-27	38.919998	39.560001	39.610001	38.380001	15746400	-0.01617803295808815	-0.6400030000000001	0.031345566148643735	
306	2015-01-28	37.150002	38.43	38.779999	37.029999	22367600	-0.03330725995316157	-1.279997999999999	0.04630854600930018	
307	2015-01-29	36.68	37.389999	37.57	36.07	20088500	-0.01898900826394789	-0.7099990000000034	0.0405022281693294	
308	2015-01-30	37.529999	36.650002	38.150002	36.41	15390200	0.024010830886175557	0.8799969999999959	0.0469129678226886	
309	2015-02-02	37.459999	37.700001	38.07	36.919998	13895900	-0.006366100626893801	-0.24000199999999694	0.030601436934539667	
310	2015-02-03	39.790001	38.00	40.189999	37.689999	28395400	0.04710528947368412	1.7900009999999966	0.06427561300584121	
311	2015-02-04	40.720001	40.049999	40.830002	39.82	23116800	0.016729138994485464	0.6700020000000038	0.025009335149189054	
312	2015-02-05	41.259998	42.040001	42.470001	40.91	61997300	-0.018553829244675652	-0.7800029999999936	0.037455006452041056	
313	2015-02-06	48.009998	46.119999	48.50	45.799999	102669800	0.04098003124414645	1.889999000000003	0.05736749359505451	
314	2015-02-09	47.32	46.73	47.689999	46.50	36177900	0.012625722234110924	0.5900000000000034	0.025305667198298784	
315	2015-02-10	46.259998	47.349998	47.389999	45.57	32287800	-0.02302006433030887	-1.0899999999999963	0.038884714833232185	
316	2015-02-11	47.50	46.27	47.779999	46.110001	24747000	0.02658309920034573	1.2299999999999969	0.03561902527460807	
317	2015-02-12	47.950001	47.98	48.450001	46.880001	23071600	-0.0006252396832012621	-0.029998999999996556	0.032732200221701244	
318	2015-02-13	48.50	47.93	48.82	47.57	20809600	0.011892343000208644	0.5700000000000003	0.025925541843824534	
319	2015-02-17	48.029999	48.200001	49.09	47.889999	16670200	-0.0035270123749583274	-0.17000200000000376	0.024940268107658745	
320	2015-02-18	47.82	48.00	48.790001	47.360001	15503100	-0.0037499999999999942	-0.17999999999999972	0.02984763097474431	
321	2015-02-19	48.700001	47.84	48.939999	47.419998	18153400	0.01797660953177251	0.8600009999999969	0.03148955840595031	
322	2015-02-20	49.110001	48.759998	49.880001	48.650002	20755600	0.00717807658646733	0.35000299999999385	0.02513536349377094	
323	2015-02-23	48.470001	49.02	49.240002	48.349998	12541400	-0.011219889840881266	-0.5499989999999997	0.01825836477322423	
324	2015-02-24	48.689999	48.330002	49.299999	48.060001	11073700	0.007448727190203714	0.3599969999999999	0.02556169835537313	
325	2015-02-25	48.549999	48.799999	49.18	48.25	11663200	-0.005122950924650634	-0.25	0.01910631780393051	
326	2015-02-26	49.41	48.810001	50.009998	48.639999	22340900	0.012292542259935558	0.5999989999999968	0.027896538099200386	
327	2015-02-27	48.080002	49.189999	49.900002	47.959999	15004500	-0.022565501576855083	-1.109997	0.03988903012348066	
328	2015-03-02	48.150002	48.259998	48.299999	47.310001	13430900	-0.0022792375581947273	-0.10999600000000243	0.020537247173529716	
329	2015-03-03	47.709999	48.130001	48.799999	47.439999	16754400	-0.008726407464649682	-0.42000199999999666	0.028380634390651072	
330	2015-03-04	47.57	47.509998	47.849998	46.41	14290100	0.0012629341722977386	0.060001999999997224	0.030290240435217566	
331	2015-03-05	47.349998	47.59	48.43	47.200001	13511900	-0.005043118302164405	-0.24000200000000405	0.025911081228377514	
332	2015-03-06	46.75	47.259998	48.07	46.57	11534900	-0.010791325044067988	-0.5099980000000031	0.03191149945562173	
333	2015-03-09	47.59	47.220001	48.080002	47.130001	13635900	0.007835641511316358	0.36999899999999997	0.020040101043770697	
334	2015-03-10	45.84	47.23	47.259998	45.790001	17289900	-0.02943044674994693	-1.3899999999999935	0.03158906199634698	
335	2015-03-11	46.27	45.66	46.740002	45.130001	12273800	0.013359614542269088	0.6100000000000065	0.035026672468182245	
336	2015-03-12	47.07	46.57	47.32	46.509998	12204800	0.010736525660296328	0.5	0.017300341734301523	
337	2015-03-13	46.66	46.939999	47.720001	46.450001	13368100	-0.005965040604283005	-0.27999900000000366	0.027136752426674772	
338	2015-03-16	46.43	46.900002	47.07	46.049999	10243200	-0.010021364178193444	-0.4700020000000009	0.02185794445820328	
339	2015-03-17	46.93	46.66	47.290001	46.439999	13361300	0.00578654093441927	0.2700000000000031	0.018164376535954617	
340	2015-03-18	47.200001	46.75	47.389999	46.16	13115400	0.0096256898395722	0.4500010000000003	0.02618411893364443	
341	2015-03-19	47.93	46.959999	48.150002	46.450001	15957100	0.020655899076999475	0.9700009999999963	0.03583098362136141	
342	2015-03-20	48.439999	48.360001	49.150002	48.25	18676500	0.0016542183280766132	0.07999800000000334	0.018595082644628114	
343	2015-03-23	48.459999	48.240002	49.25	47.869999	16389800	0.004560468301804931	0.21999700000000644	0.02854190249698136	
344	2015-03-24	51.470001	48.669998	51.790001	48.540001	38181800	0.0575303701471285	2.800003000000004	0.06490912787007318	
345	2015-03-25	49.50	51.50	51.869999	49.310001	31694600	-0.038834951456310676	-2.0	0.0506930297029703	
346	2015-03-26	49.919998	49.650002	50.900002	49.400002	24385800	0.005437985682256347	0.269995999999999	0.030129557095510698	
347	2015-03-27	50.009998	50.349998	50.889999	49.939999	14852400	-0.006752731152044858	-0.3399999999999963	0.01893184611127332	
348	2015-03-30	49.889999	50.450001	50.709999	48.66	20365400	-0.011100138531216228	-0.5600019999999972	0.04086105242176613	
349	2015-03-31	50.080002	49.619999	51.240002	49.540001	23898400	0.009270516107829837	0.4600030000000004	0.03410232663889342	
350	2015-04-01	50.470001	51.00	51.689999	50.169998	24299200	-0.010392137254901894	-0.5299989999999966	0.029959613383664017	
351	2015-04-02	50.419998	50.639999	50.950001	49.880001	13423900	-0.0043444116181756524	-0.22000100000000344	0.021175539912196915	
352	2015-04-06	50.84	50.029999	51.16	49.869999	14539700	0.016190306140122186	0.8100010000000069	0.025577496040224933	
353	2015-04-07	52.869999	51.009998	53.279999	50.860001	37080800	0.03646345957512088	1.860000999999997	0.04659218463396759	
354	2015-04-08	52.299999	53.32	53.490002	51.950001	22368900	-0.019129801200300087	-1.0200010000000006	0.02916116293468241	
355	2015-04-09	52.169998	52.150002	52.990002	51.540001	17877700	0.00038343239181465446	0.019995999999999015	0.027799098926380376	
356	2015-04-10	51.939999	52.290001	52.450001	51.380001	13271200	-0.006693478548604281	-0.35000199999999637	0.020531516837762647	
357	2015-04-13	51.619999	51.990002	52.290001	51.450001	12306500	-0.007116810651401725	-0.370002999999997	0.016214650938957065	
358	2015-04-14	51.200001	51.75	51.810001	50.68	12231600	-0.010627999999999993	-0.5499989999999997	0.021952423293322747	
359	2015-04-15	51.299999	51.330002	51.869999	50.91	13192100	-0.0005845119585228277	-0.030003000000000668	0.018707960453006395	
360	2015-04-16	52.029999	51.299999	52.34	51.139999	14313300	0.014230019770565627	0.7299999999999969	0.023226575500369225	
361	2015-04-17	50.66	51.709999	52.16	50.189999	16576000	-0.020305531237778725	-1.0499990000000068	0.038487858146799364	
362	2015-04-20	51.400002	51.07	51.48	50.509998	11004500	0.006461758370863527	0.33000200000000035	0.018932409116182	
363	2015-04-21	51.32	51.68	51.849998	51.099998	8461300	-0.00696594427244581	-0.35999999999999943	0.014563106796116505	
364	2015-04-22	51.73	51.48	52.09	51.32	11479500	0.004856254856254857	0.25	0.014921034783451277	
365	2015-04-23	51.41	51.869999	52.200001	51.220001	11490400	-0.008868305549803527	-0.4599990000000034	0.018977536976931938	
366	2015-04-24	50.82	51.849998	51.959999	50.240002	14896900	-0.01986495737184019	-1.029997999999999	0.03350534788166659	
367	2015-04-27	51.66	50.84	52.540001	50.82	23991900	0.01612903225806438	0.8199999999999932	0.03356099512195115	
368	2015-04-28	42.27	52.16	52.220001	38.380001	77336600	-0.18960889570552136	-9.889999999999993	0.2931271841575771	
369	2015-04-29	38.490002	40.209999	41.09	38.07	120488600	-0.042775355453254456	-1.7199970000000064	0.07674714006674543	
370	2015-04-30	38.959999	39.279999	39.740002	38.48	46651500	-0.008146639718600635	-0.3199999999999932	0.03220864090512886	
371	2015-05-01	37.84	39.189999	39.240002	37.369999	37785500	-0.03444753851614022	-1.3499989999999968	0.04855259053034641	
372	2015-05-04	37.880001	38.720001	38.959999	37.549999	27622500	-0.021694214315748684	-0.8400000000000034	0.036814620448704524	
373	2015-05-05	37.419998	38.00	38.610001	37.360001	22605000	-0.0152632105263158	-0.5800020000000004	0.0331477070577488	
374	2015-05-06	37.259998	37.689999	37.779999	36.52	29107900	-0.011408888601986888	-0.4300009999999972	0.03362238960463183	
375	2015-05-07	37.709999	37.240002	37.880001	36.950001	21258800	0.012620756572462227	0.46999700000000644	0.024816544031800607	
376	2015-05-08	37.59	38.02	38.200001	37.549999	14395800	-0.011309836927932658	-0.4299999999999997	0.017193545827271537	
377	2015-05-11	37.310001	37.580002	37.860001	37.200001	12329500	-0.007184698925774421	-0.2700010000000006	0.017625850542428115	
378	2015-05-12	37.48	37.290001	37.799999	37.060001	11792900	0.005095172831987863	0.18999900000000025	0.019793981278668164	
379	2015-05-13	37.720001	37.66	38.200001	37.529999	14075300	0.001593228890069221	0.060001000000006854	0.017776651395905497	
380	2015-05-14	37.330002	37.93	38.09	37.27	14259600	-0.01581856050619561	-0.5999979999999994	0.02179112352402011	
381	2015-05-15	37.099998	37.360001	37.799999	37.00	16799100	-0.0069593948886670955	-0.26000299999999754	0.021488020702229656	
382	2015-05-18	37.279999	37.099998	37.57	36.900002	11237300	0.004851779237292605	0.1800009999999972	0.018015542538943625	
383	2015-05-19	37.50	37.139999	37.880001	36.900002	26942000	0.009693080497928847	0.3600009999999969	0.026259351905939855	
384	2015-05-20	36.779999	37.490002	37.939999	36.540001	23404500	-0.01893846257997	-0.7100030000000004	0.0377002283869635	
385	2015-05-21	36.68	36.810001	36.939999	36.389999	17447700	-0.0035316760790090724	-0.13000100000000003	0.01496802265657874	
386	2015-05-22	36.599998	36.700001	36.98	36.57	9861800	-0.002724877309948873	-0.10000300000000095	0.011186903290407864	
387	2015-05-26	36.509998	36.669998	36.830002	36.369999	13068500	-0.004363239943454499	-0.1599999999999966	0.012571823589605017	
388	2015-05-27	36.41	36.50	36.650002	36.099998	14463600	-0.002465753424657628	-0.09000000000000341	0.015087203401453883	
389	2015-05-28	36.830002	36.490002	37.330002	36.369999	17912100	0.009317620755405917	0.3400000000000034	0.026186659782506297	
390	2015-05-29	36.669998	37.049999	37.07	36.529999	16849100	-0.010256437523790487	-0.38000100000000003	0.014650054855536786	
391	2015-06-01	36.630001	36.689999	36.830002	36.43	10008300	-0.001635268510091816	-0.05999800000000022	0.010911129296235698	
392	2015-06-02	36.400002	36.450001	36.599998	36.16	13128300	-0.0013717146400078202	-0.04999899999999968	0.012079560243806792	
393	2015-06-03	37.00	36.509998	37.169998	36.48	14023500	0.013421036067983266	0.49000199999999694	0.01877290215679241	
394	2015-06-04	36.709999	37.169998	37.790001	36.509998	23762900	-0.012375545460077676	-0.45999899999999627	0.03465086767667285	
395	2015-06-05	37.00	36.790001	37.23	36.650002	11854300	0.005708045509430766	0.20999900000000338	0.015720232880874912	
396	2015-06-08	36.459999	36.91	36.98	36.41	11767100	-0.012191845028447392	-0.4500009999999932	0.0155376859143749	
397	2015-06-09	35.880001	36.50	36.50	35.57	14034500	-0.016986273972602738	-0.619999	0.025697706193731604	
398	2015-06-10	35.849998	36.009998	36.169998	35.599998	12634800	-0.004443210466160084	-0.1600000000000037	0.015864181233742353	
399	2015-06-11	35.84	35.919998	36.169998	35.790001	20547000	-0.002227115936921718	-0.07999799999999624	0.01059077510007743	
400	2015-06-12	35.900002	36.900002	37.25	35.549999	60914400	-0.02710026953386073	-1.0	0.04670332160970761	
401	2015-06-15	34.669998	35.240002	35.259998	34.310001	32932100	-0.016174913951480404	-0.5700039999999973	0.027177714203976636	
402	2015-06-16	34.82	34.23	35.200001	33.509998	49856100	0.017236342389716722	0.5900000000000034	0.0489501230992034	
403	2015-06-17	34.689999	34.990002	35.119999	34.169998	27278500	-0.008573963499630457	-0.3000029999999967	0.027267536922107687	
404	2015-06-18	34.66	34.630001	35.040001	34.450001	19447100	0.0008662719934659129	0.029998999999996556	0.017029874194979342	
405	2015-06-19	35.860001	34.970001	36.279999	34.849998	33674900	0.02545038531740372	0.8899999999999935	0.0403783978433319	
406	2015-06-22	35.549999	35.950001	36.00	35.34	21456400	-0.011126619996477904	-0.40000200000000063	0.018461538461538366	
407	2015-06-23	35.369999	35.779999	36.200001	34.959999	25891400	-0.011458915915564912	-0.4099999999999966	0.034855995357863455	
408	2015-06-24	35.169998	35.400002	35.75	35.099998	13021000	-0.006497287768514843	-0.23000400000000099	0.018421482216239213	
409	2015-06-25	35.169998	35.360001	35.360001	34.970001	10756800	-0.00537338785708737	-0.19000299999999726	0.011059123933916217	
410	2015-06-26	35.259998	34.970001	35.330002	34.669998	17388000	0.008292736394259743	0.2899969999999996	0.018795500765990347	
411	2015-06-29	34.209999	34.470001	35.09	34.150002	25220700	-0.007542848635252434	-0.26000200000000007	0.02737326732673275	
412	2015-06-30	36.220001	34.50	36.419998	34.439999	26095600	0.04985510144927546	1.7200010000000034	0.05599544604078836	
413	2015-07-01	35.400002	36.049999	36.110001	35.240002	23674600	-0.018030430458541732	-0.649996999999999	0.024352665859304887	
414	2015-07-02	35.720001	35.400002	35.970001	35.099998	17664000	0.009039519263304076	0.3199990000000028	0.02446577512096011	
415	2015-07-06	35.43	35.169998	35.689999	35.00	11325400	0.007392721489492268	0.26000200000000007	0.019546714434751124	
416	2015-07-07	35.52	35.349998	35.720001	34.549999	14203200	0.004809109182976581	0.17000200000000376	0.03301825971548648	
417	2015-07-08	34.759998	35.41	36.049999	34.669998	15522300	-0.018356452979384173	-0.6500019999999935	0.039333077934532654	
418	2015-07-09	34.360001	35.169998	35.43	34.310001	14099300	-0.02303090833272162	-0.8099970000000027	0.03221628120546931	
419	2015-07-10	34.91	34.68	35.119999	34.459999	10639700	0.006632064590542009	0.22999999999999687	0.01896824256358662	
420	2015-07-13	35.779999	34.990002	36.139999	34.75	17118200	0.0225777923648018	0.7899969999999996	0.039282152899785976	
421	2015-07-14	36.720001	35.779999	38.82	35.77	50102500	0.026271716776739066	0.9400020000000069	0.08413793103448268	
422	2015-07-15	35.66	36.66	37.09	35.549999	18296800	-0.02727768685215494	-1.0	0.042588523230088604	
423	2015-07-16	36.099998	35.889999	36.450001	35.75	11367700	0.00585118433689553	0.20999899999999627	0.019447174028914053	
424	2015-07-17	35.669998	36.459999	36.66	35.599998	12838500	-0.021667608932189046	-0.7900010000000037	0.029391433358856155	
425	2015-07-20	35.810001	35.75	35.990002	35.209999	9889700	0.0016783496503496433	0.06000099999999975	0.021799971746786127	
426	2015-07-21	36.630001	35.82	36.75	35.709999	12536200	0.02261309324399776	0.8100009999999997	0.02870948200539008	
427	2015-07-22	36.09	36.23	36.369999	35.509998	11772300	-0.003864200938448619	-0.13999999999999346	0.023783213495575137	
428	2015-07-23	36.189999	36.00	36.73	35.950001	10407800	0.005277750000000007	0.18999900000000025	0.021609613819221593	
429	2015-07-24	35.419998	36.41	36.41	35.299999	13000800	-0.027190387256248203	-0.9900019999999969	0.030906335261209308	
430	2015-07-27	34.700001	35.110001	35.150002	33.880001	24629100	-0.011677584401094053	-0.4099999999999966	0.036384499745466294	
431	2015-07-28	36.540001	34.700001	36.669998	34.139999	57688600	0.053025935071298595	1.8399999999999963	0.07102748256520253	
432	2015-07-29	31.24	32.59	33.240002	31.059999	92939900	-0.04142374961644691	-1.350000000000005	0.06830653297822327	
433	2015-07-30	31.469999	31.10	31.83	31.049999	29438800	0.011897073954983921	0.36999899999999997	0.02493210843746373	
434	2015-07-31	31.01	31.379999	31.620001	30.85	18150300	-0.011790918157773044	-0.36999899999999997	0.02468347531148372	
435	2015-08-03	29.27	30.85	31.09	28.690001	46637100	-0.051215559157212376	-1.5800000000000018	0.07984028609447774	
436	2015-08-04	29.34	29.110001	29.90	28.90	21900300	0.0079010303022662	0.2299989999999994	0.034217279140850654	
437	2015-08-05	28.48	29.41	29.50	28.43	21223300	-0.03162189731383882	-0.9299999999999997	0.0369666609086198	
438	2015-08-06	27.540001	28.40	28.43	27.23	27612200	-0.03028165492957741	-0.8599989999999984	0.04290310970856076	
439	2015-08-07	27.040001	27.799999	27.90	26.870001	18392600	-0.02733805853734022	-0.7599979999999995	0.037563785557986874	
440	2015-08-10	29.50	28.09	29.629999	27.82	42547100	0.05019579921680314	1.4100000000000001	0.06285810036464667	
441	2015-08-11	29.620001	29.01	29.889999	28.530001	27827600	0.021027266459841328	0.6100009999999969	0.04639256274275011	
442	2015-08-12	29.389999	29.110001	29.50	28.51	18513100	0.009618618700837526	0.2799979999999991	0.03384615384615379	
443	2015-08-13	28.540001	29.60	29.60	28.440001	15004000	-0.03581077702702707	-1.0599990000000012	0.03990364568449191	
444	2015-08-14	29.059999	28.50	29.27	28.450001	16716300	0.01964908771929829	0.5599990000000012	0.028491974087768806	
445	2015-08-17	29.059999	29.190001	29.34	28.93	9557300	-0.004453648357189077	-0.1300019999999975	0.014077253218884126	
446	2015-08-18	28.299999	28.91	29.00	28.299999	9662800	-0.021100000000000015	-0.6100010000000005	0.02447128167228251	
447	2015-08-19	27.610001	28.059999	28.09	27.16	19964000	-0.016036992731182947	-0.4499980000000008	0.03341117298365366	
448	2015-08-20	26.00	27.15	27.48	25.92	25257800	-0.042357274401473244	-1.1499999999999986	0.058701787394167405	
449	2015-08-21	25.870001	25.65	26.74	25.51	23733200	0.008577037037037034	0.2200009999999999	0.047748446278174456	
450	2015-08-24	25.17	23.610001	26.23	21.01	30106400	0.06607365243228923	1.5599990000000012	0.2140221358339045	
451	2015-08-25	24.379999	26.290001	26.33	24.379999	19918700	-0.07265127148530723	-1.9100019999999986	0.07696865995658167	
452	2015-08-26	25.030001	24.799999	25.290001	23.83	20576600	0.009274274567511029	0.23000199999999893	0.05859927754364848	
453	2015-08-27	26.459999	25.440001	26.799999	25.24	22493000	0.04009425943025714	1.019998000000001	0.060115568400770765	
454	2015-08-28	26.83	26.190001	26.93	26.059999	12426200	0.024436768826392927	0.6399989999999995	0.03281784170468041	
455	2015-08-31	27.790001	27.639999	28.49	27.35	30752000	0.005426990066099519	0.15000200000000063	0.04113296049070889	
456	2015-09-01	27.030001	27.23	28.120001	26.77	21163500	-0.0073448035255233865	-0.19999900000000181	0.0497604487696194	
457	2015-09-02	27.82	27.469999	27.83	26.870001	14402000	0.01274120905501303	0.3500009999999989	0.034725954688478104	
458	2015-09-03	28.299999	28.030001	29.00	27.809999	21349200	0.009632464872191802	0.26999800000000107	0.04225105627551922	
459	2015-09-04	28.15	27.950001	28.549999	27.799999	13537900	0.007155599028422155	0.19999899999999826	0.02673796743782589	
460	2015-09-08	27.18	28.15	28.200001	27.01	19225500	-0.034458259325044364	-0.9699999999999989	0.043014675582866396	
461	2015-09-09	27.18	27.17	27.85	26.42	19349900	0.00036805299963187376	0.00999999999999801	0.05262189512419502	
462	2015-09-10	27.709999	27.07	27.83	26.950001	11240300	0.023642371629109697	0.6399989999999995	0.032128478133049906	
463	2015-09-11	27.389999	27.629999	27.65	27.17	8830100	-0.008686210954984182	-0.240000000000002	0.01744820128855682	
464	2015-09-14	26.90	27.209999	27.549999	26.799999	11564000	-0.011392833935789605	-0.30999900000000125	0.02772130895807261	
465	2015-09-15	27.17	27.040001	27.549999	27.00	10166700	0.004807655147645946	0.12999900000000153	0.0202914218725065	
466	2015-09-16	27.75	27.139999	28.00	27.00	13335400	0.022476087784675323	0.6100010000000005	0.036436510046210784	
467	2015-09-17	27.41	27.540001	27.93	27.030001	13073200	-0.004720442820608468	-0.13000100000000003	0.03275701487248384	
468	2015-09-18	27.959999	27.040001	28.25	26.99	17505300	0.03402359341628721	0.9199979999999996	0.045818181818181876	
469	2015-09-21	27.379999	27.98	28.09	27.190001	10542000	-0.021443924231593955	-0.6000009999999989	0.0325144153272113	
470	2015-09-22	26.83	27.049999	27.48	26.620001	13461300	-0.0081330502082459	-0.2199990000000014	0.03192275486122418	
471	2015-09-23	26.790001	26.969999	27.280001	26.58	10840000	-0.006674008404672214	-0.1799980000000012	0.02604170386904763	
472	2015-09-24	26.60	26.51	26.639999	25.40	21349400	0.003394945303658991	0.08999999999999986	0.04669549990585581	
473	2015-09-25	25.290001	26.84	26.91	25.139999	14572000	-0.05774959016393442	-1.5499989999999997	0.06790719225192421	
474	2015-09-28	25.26	24.959999	25.610001	24.60	17452800	0.012019271314874722	0.30000100000000174	0.0402230593433504	
475	2015-09-29	25.59	25.23	25.76	24.92	13421600	0.014268727705112939	0.35999999999999943	0.033057851239669415	
476	2015-09-30	26.940001	25.940001	27.33	25.879999	25465000	0.03855049967037395	1.0	0.054841185520378644	
477	2015-10-01	24.68	26.469999	26.84	24.65	30953500	-0.06762368974777828	-1.7899990000000017	0.08563050020782996	
478	2015-10-02	26.309999	24.50	26.48	24.34	23542300	0.07387751020408169	1.8099990000000012	0.0842353883927453	
479	2015-10-05	28.15	26.99	28.25	26.33	31012900	0.04297888106706188	1.1600000000000001	0.06964091403699679	
480	2015-10-06	27.620001	28.16	28.40	26.75	31294500	-0.019176100852272785	-0.5399990000000017	0.05916098854139492	
481	2015-10-07	29.83	28.35	29.950001	28.01	34460700	0.052204585537918756	1.4799999999999969	0.06668961842557576	
482	2015-10-08	30.32	29.57	31.50	29.030001	36431800	0.02536354413256679	0.75	0.0824845216229755	
483	2015-10-09	30.85	30.90	31.41	30.280001	27453600	-0.0016181229773461865	-0.04999999999999716	0.03659915789473689	
484	2015-10-12	28.75	30.299999	30.77	28.60	30619500	-0.05115508419653742	-1.5499989999999997	0.07349703765447983	
485	2015-10-13	29.059999	29.549999	30.68	28.84	45783200	-0.016582064858953072	-0.48999999999999844	0.06278792229271189	
486	2015-10-14	29.379999	29.459999	29.82	28.379999	27554400	-0.002715546595911232	-0.0799999999999983	0.04894633069158156	
487	2015-10-15	29.709999	29.459999	30.280001	29.01	15838900	0.00848608311222278	0.25	0.04292719428518477	
488	2015-10-16	31.15	30.08	31.40	29.360001	44564000	0.03557180851063831	1.0700000000000003	0.06663397027600844	
489	2015-10-19	30.91	31.15	31.60	30.57	23958100	-0.007704654895666082	-0.23999999999999844	0.033193683532065775	
490	2015-10-20	30.91	30.940001	31.389999	30.41	15824400	-0.0009696509059582323	-0.030000999999998612	0.03168953869539952	
491	2015-10-21	29.299999	29.50	29.66	28.65	30359000	-0.006779694915254248	-0.20000100000000032	0.03435374208084601	
492	2015-10-22	29.15	29.24	29.799999	28.74	17424000	-0.0030779753761969856	-0.08999999999999986	0.03630755266312729	
493	2015-10-23	30.280001	29.969999	30.719999	29.610001	19855700	0.010343744088880258	0.3100019999999972	0.03684640663900418	
494	2015-10-26	30.889999	30.629999	31.219999	30.48	16787000	0.008488410332628414	0.259999999999998	0.024057185437489803	
495	2015-10-27	31.34	31.02	31.870001	30.65	44502900	0.01031592520954224	0.3200000000000003	0.03912767799871712	
496	2015-10-28	30.870001	28.129999	31.34	27.76	88974900	0.09740498035566929	2.740001999999997	0.12135593220338978	
497	2015-10-29	29.059999	30.58	30.700001	28.93	33682800	-0.04970572269457152	-1.520000999999997	0.059356171350707115	
498	2015-10-30	28.459999	29.129999	29.57	28.35	21933100	-0.023000344078281693	-0.6700000000000017	0.04236846821908203	
499	2015-11-02	29.200001	28.540001	29.290001	28.049999	18549700	0.023125437171498352	0.6600000000000001	0.042951228162409844	
500	2015-11-03	29.129999	29.09	29.629999	29.040001	16706000	0.0013750085940186206	0.03999900000000167	0.020267880801578212	
501	2015-11-04	29.360001	29.360001	30.15	29.23	18787000	0.0	0.0	0.031335148796486696	
502	2015-11-05	28.66	29.469999	29.549999	28.450001	15525300	-0.027485545554311056	-0.8099990000000012	0.03784613861768686	
503	2015-11-06	28.280001	28.58	28.700001	28.049999	13592100	-0.010496815955213425	-0.2999989999999997	0.022863242651015806	
504	2015-11-09	27.09	28.07	28.209999	26.68	25624300	-0.034912718204488796	-0.9800000000000004	0.05547494561276288	
505	2015-11-10	27.049999	26.809999	27.17	26.25	16552100	0.00895188395941374	0.23999999999999844	0.03416264516014284	
506	2015-11-11	26.50	27.08	27.139999	26.370001	12777200	-0.02141802067946818	-0.5799999999999983	0.02874199328107507	
507	2015-11-12	26.129999	26.08	26.610001	25.85	12580200	0.0019171395705522714	0.049999000000003235	0.029113235570067685	
508	2015-11-13	25.18	25.889999	26.16	25.16	14333800	-0.02742367815464187	-0.7099989999999998	0.039161935366397796	
509	2015-11-16	25.41	25.33	25.780001	25.00	12262800	0.00315831030398744	0.08000000000000185	0.030745013795821785	
510	2015-11-17	25.23	25.540001	25.690001	24.90	13259000	-0.012137861701728193	-0.31000099999999975	0.031120779375206242	
511	2015-11-18	25.90	25.17	26.09	25.16	13976000	0.02900278108859741	0.7299999999999969	0.036420599177599364	
512	2015-11-19	26.32	25.940001	26.58	25.93	14231900	0.014649151324242491	0.37999900000000153	0.02487562141454986	
513	2015-11-20	26.27	26.32	26.700001	26.030001	10835300	-0.0018996960486322458	-0.05000000000000071	0.02548012930214876	
514	2015-11-23	25.200001	26.110001	26.27	25.02	18169900	-0.034852545582054945	-0.9100000000000001	0.04872344382290221	
515	2015-11-24	25.52	25.17	25.549999	25.02	10428500	0.013905442987683665	0.34999999999999787	0.020911382915762482	
516	2015-11-25	26.059999	25.620001	26.41	25.59	13067000	0.017174004013505027	0.4399980000000028	0.03173374613003097	
517	2015-11-27	25.75	25.98	26.07	25.67	4179400	-0.008852963818321803	-0.23000000000000043	0.01546491397641595	
518	2015-11-30	25.40	25.780001	25.82	25.059999	17913600	-0.014740146829319364	-0.38000100000000003	0.029699139708887427	
519	2015-12-01	25.530001	25.389999	25.58	25.00	14799300	0.005514060870975185	0.14000199999999907	0.022780832678711636	
520	2015-12-02	25.40	25.309999	25.719999	25.17	11845600	0.00355594640679351	0.09000099999999733	0.021691934957442996	
521	2015-12-03	25.90	25.48	26.059999	24.91	23850700	0.01648351648351641	0.41999999999999815	0.04476446087971978	
522	2015-12-04	25.02	25.809999	25.85	25.01	16828200	-0.030608253801172238	-0.7899990000000017	0.033051348279585835	
523	2015-12-07	24.459999	24.99	25.16	24.129999	16872100	-0.021208523409363692	-0.5300009999999986	0.04165828193444447	
524	2015-12-08	24.99	24.040001	25.10	23.540001	23621800	0.039517427640705934	0.9499989999999983	0.06363446739476923	
525	2015-12-09	24.309999	24.98	24.98	24.190001	14683700	-0.026821497197758174	-0.6700009999999992	0.03205514368137852	
526	2015-12-10	25.91	24.360001	26.25	24.34	28323900	0.06362885617287124	1.5499989999999997	0.07598965434673455	
527	2015-12-11	24.84	25.91	26.200001	24.799999	23061300	-0.04129679660362796	-1.0700000000000003	0.05517249261083746	
528	2015-12-14	24.92	24.68	24.940001	23.700001	18108400	0.009724473257698622	0.240000000000002	0.04999999999999993	
529	2015-12-15	23.950001	24.52	24.690001	23.700001	23106600	-0.023246288743882515	-0.5699989999999993	0.04085000947286956	
530	2015-12-16	24.299999	23.959999	24.48	23.799999	24063300	0.014190317787575861	0.33999999999999986	0.028180730550382567	
531	2015-12-17	23.309999	24.469999	24.75	23.290001	17879200	-0.04740498763404118	-1.1600000000000001	0.061113397283942945	
532	2015-12-18	22.99	23.35	23.440001	22.66	23066200	-0.015417558886509763	-0.360000000000003	0.03366426413465682	
533	2015-12-21	22.139999	23.02	23.040001	21.99	22910600	-0.03822767158992181	-0.880001	0.046501373926071246	
534	2015-12-22	22.559999	22.26	22.67	22.09	13696200	0.013477044025157217	0.2999989999999997	0.025881303567186684	
535	2015-12-23	22.67	22.68	22.950001	22.370001	13167600	-0.0004409171075836865	-0.00999999999999801	0.02557883131201772	
536	2015-12-24	22.969999	22.700001	23.059999	22.549999	7910500	0.011894184498053594	0.26999800000000107	0.022334136194438428	
537	2015-12-28	22.530001	22.90	23.32	22.50	13746500	-0.0161571615720524	-0.36999899999999997	0.036099492931994444	
538	2015-12-29	22.469999	22.629999	22.82	22.309999	11211100	-0.007070261028292583	-0.16000000000000014	0.022616453331106536	
539	2015-12-30	22.23	22.450001	22.940001	22.209999	15323700	-0.009799598672623663	-0.2200009999999999	0.03267690168583474	
540	2015-12-31	23.139999	22.17	23.280001	22.15	19479400	0.04375277401894442	0.9699989999999978	0.04987865923369365	
541	2016-01-04	22.559999	22.639999	22.84	22.110001	15325000	-0.0035335690606699364	-0.0799999999999983	0.032300842137205375	
542	2016-01-05	21.92	22.790001	23.00	21.85	17077700	-0.03817468020295385	-0.8700009999999985	0.0514426291334683	
543	2016-01-06	21.389999	21.620001	22.18	21.18	14033600	-0.01063838988721596	-0.23000199999999893	0.046500813764240874	
544	2016-01-07	20.26	21.00	21.48	20.200001	20759800	-0.035238095238095166	-0.7399999999999984	0.062045516238487634	
545	2016-01-08	19.98	20.51	20.719999	19.60	21832300	-0.025841053144807464	-0.5300000000000011	0.055322252408001975	
546	2016-01-11	19.65	20.120001	20.200001	19.26	21342100	-0.02335988949503531	-0.4700009999999999	0.04727186202484626	
547	2016-01-12	19.620001	19.870001	20.41	19.32	14601300	-0.01258178094706689	-0.25	0.0552038462798761	
548	2016-01-13	18.68	19.700001	19.76	18.469999	35876000	-0.05177669787935547	-1.0200010000000006	0.06722256208383112	
549	2016-01-14	19.00	18.549999	19.16	17.27	37117100	0.024258815323925372	0.4500010000000003	0.10066578164223124	
550	2016-01-15	17.940001	18.23	18.530001	17.610001	24600000	-0.01590778935820086	-0.28999900000000167	0.05087088606936993	
551	2016-01-19	16.690001	18.18	18.18	16.43	24284700	-0.08195814081408147	-1.489999000000001	0.10037281042808115	
552	2016-01-20	17.379999	16.16	19.040001	15.48	69194900	0.07549498762376246	1.2199990000000014	0.21228390615038478	
553	2016-01-21	17.83	17.440001	18.32	16.799999	26342100	0.02236232669940785	0.38999899999999954	0.08619228561972543	
554	2016-01-22	17.84	18.290001	18.559999	17.73	15622800	-0.024603661858739117	-0.4500010000000003	0.045945141269163034	
555	2016-01-25	17.02	16.799999	17.450001	16.51	33661100	0.01309529839852966	0.2200009999999999	0.05558847000557267	
556	2016-01-26	17.01	17.219999	17.280001	16.40	22146300	-0.012195064587402113	-0.20999899999999982	0.0514169457030951	
557	2016-01-27	16.780001	17.01	17.620001	16.77	16826700	-0.013521399176954906	-0.22999900000000295	0.05031080052350391	
558	2016-01-28	16.49	17.209999	17.34	16.450001	16835100	-0.0418360861032009	-0.7199990000000014	0.052818933318069215	
559	2016-01-29	16.799999	16.639999	17.07	16.51	16882500	0.009615385193232292	0.16000000000000014	0.03349282496966648	
560	2016-02-01	17.91	17.889999	18.77	17.299999	49994400	0.0011179989445500027	0.0200010000000006	0.08212296318779226	
561	2016-02-02	16.08	17.219999	17.27	16.01	31835100	-0.06620203636481065	-1.139999000000003	0.07567567794821844	
562	2016-02-03	16.559999	16.33	16.74	15.55	24312600	0.014084445805266563	0.22999900000000295	0.07236242238864146	
563	2016-02-04	16.91	16.40	17.18	16.290001	18291800	0.031097560975609853	0.5100000000000016	0.05343734614229958	
564	2016-02-05	15.72	16.610001	16.639999	15.62	24130500	-0.05358223638878768	-0.8900009999999998	0.06309922477268097	
565	2016-02-08	14.90	15.51	15.55	14.73	24962700	-0.03932946486137972	-0.6099999999999994	0.0539296284117067	
566	2016-02-09	14.40	14.62	15.55	14.31	26824700	-0.015047879616962988	-0.21999999999999886	0.08545830461750518	
567	2016-02-10	14.98	14.55	15.28	14.52	41086100	0.029553264604810975	0.4299999999999997	0.05147307822553334	
568	2016-02-11	14.31	14.07	14.79	13.91	38657700	0.01705756929637528	0.2400000000000002	0.062015503875968915	
569	2016-02-12	15.88	14.54	15.94	14.53	35703900	0.09215955983493822	1.3400000000000016	0.09270216962524655	
570	2016-02-16	16.360001	16.09	16.40	15.67	17286100	0.016780671224362997	0.2700010000000006	0.044992294453241995	
571	2016-02-17	17.459999	16.469999	17.60	16.43	25837500	0.06010929326710939	0.9899999999999984	0.06896552130654425	
572	2016-02-18	18.43	18.10	18.549999	17.52	34586300	0.01823204419889493	0.3299999999999983	0.056391951820421574	
573	2016-02-19	18.309999	18.16	18.879999	17.77	24004200	0.008259856828193893	0.1499990000000011	0.06087189637707431	
574	2016-02-22	18.299999	18.620001	18.68	17.76	25021600	-0.017185928185503255	-0.3200019999999988	0.04983748645720466	
575	2016-02-23	18.299999	18.559999	18.959999	18.10	25768300	-0.014008621444430118	-0.26000000000000156	0.04666299764856191	
576	2016-02-24	18.00	18.00	18.09	17.110001	26694200	0.0	0.0	0.054444388888888855	
577	2016-02-25	17.59	17.93	17.950001	17.309999	22364200	-0.018962632459564966	-0.33999999999999986	0.0360361486486486	
578	2016-02-26	17.940001	17.719999	18.030001	17.50	16344100	0.012415463454597112	0.22000199999999737	0.029725238362310637	
579	2016-02-29	18.120001	17.959999	18.57	17.780001	17398700	0.008908797823429647	0.16000199999999865	0.043791518847006744	
580	2016-03-01	17.85	18.469999	18.48	17.59	19333800	-0.03356789569939879	-0.619999	0.04900881192204881	
581	2016-03-02	18.540001	17.85	18.74	17.719999	17218600	0.038655518207282843	0.6900009999999988	0.056059410385836325	
582	2016-03-03	19.309999	18.530001	19.440001	18.48	23247400	0.04209379157615818	0.7799980000000026	0.05074001057082443	
583	2016-03-04	19.360001	19.450001	20.32	19.059999	30105000	-0.004627249119421631	-0.08999999999999986	0.06493176681619336	
584	2016-03-07	19.17	19.110001	19.73	18.77	19750200	0.0031396649325136743	0.059999000000001246	0.05015673850165264	
585	2016-03-08	18.33	19.10	19.15	18.33	16402800	-0.04031413612565461	-0.7700000000000031	0.04381512156024581	
586	2016-03-09	17.66	18.610001	18.74	17.52	21555600	-0.051047874742188366	-0.9500010000000003	0.06727322670876126	
587	2016-03-10	16.610001	17.690001	17.77	16.379999	33207600	-0.06105143804118487	-1.0799999999999983	0.08104961626532839	
588	2016-03-11	16.809999	16.77	16.940001	16.459999	21494600	0.00238515205724518	0.03999900000000167	0.02858856547315555	
589	2016-03-14	17.120001	16.809999	17.32	16.790001	16524500	0.018441524000090494	0.3100019999999972	0.031240730916592994	
590	2016-03-15	16.190001	17.00	17.040001	16.139999	19717500	-0.04764700000000007	-0.8099990000000012	0.05423332165612172	
591	2016-03-16	16.700001	16.33	16.77	16.129999	24783600	0.022657746478873364	0.370001000000002	0.03875270848462875	
592	2016-03-17	16.85	16.65	17.15	16.620001	17061900	0.012012012012012184	0.20000000000000284	0.03164173134328359	
593	2016-03-18	16.85	17.08	17.379999	16.76	21159300	-0.013466042154566564	-0.22999999999999687	0.03654577070439139	
594	2016-03-21	16.889999	16.83	17.049999	16.68	12560200	0.0035650029708853984	0.059999000000001246	0.021945374316292236	
595	2016-03-22	16.860001	16.75	17.01	16.700001	9566100	0.006567223880597042	0.11000100000000046	0.018446830751358875	
596	2016-03-23	16.01	16.860001	16.91	16.01	18009200	-0.050415240188894345	-0.8500009999999989	0.05476117874167381	
597	2016-03-24	15.91	15.94	15.99	15.57	14902100	-0.0018820577164365972	-0.02999999999999936	0.026373626373626367	
598	2016-03-28	15.60	15.98	16.01	15.40	14147700	-0.023779724655819824	-0.3800000000000008	0.03863204559848013	
599	2016-03-29	15.97	15.69	15.99	15.33	17020200	0.017845761631612566	0.28000000000000114	0.04169298799747316	
600	2016-03-30	16.360001	16.16	16.719999	16.01	19380800	0.012376299504950514	0.20000100000000032	0.043665373811027856	
601	2016-03-31	16.549999	16.40	16.84	16.209999	18894800	0.009146280487804945	0.1499990000000011	0.038239819066458854	
602	2016-04-01	15.98	16.41	16.43	15.83	21009400	-0.026203534430225453	-0.4299999999999997	0.03704847175054027	
603	2016-04-04	17.09	16.00	17.540001	15.96	38258800	0.06812499999999999	1.0899999999999999	0.09549718948322751	
604	2016-04-05	17.049999	17.59	17.83	16.889999	41742200	-0.03069931779420126	-0.5400010000000002	0.054272576624496936	
605	2016-04-06	17.26	17.120001	17.48	16.90	23135700	0.008177511204584808	0.1399990000000031	0.03374054584815177	
606	2016-04-07	16.98	16.879999	17.59	16.85	23324200	0.005924230208781345	0.1000009999999989	0.04370939290340785	
607	2016-04-08	16.65	17.120001	17.25	16.41	18684000	-0.0274533278356701	-0.4700009999999999	0.049748295832149965	
608	2016-04-11	16.51	16.74	16.98	16.41	14205400	-0.013739545997610328	-0.22999999999999687	0.0342857142857143	
609	2016-04-12	16.57	16.50	16.77	16.15	14938600	0.004242424242424259	0.07000000000000028	0.037496220139098944	
610	2016-04-13	17.370001	16.68	17.40	16.68	22648300	0.04136696642685844	0.6900009999999988	0.042290747656659335	
611	2016-04-14	17.530001	17.379999	17.700001	17.139999	16225500	0.00863072546782063	0.15000199999999708	0.032082612431967965	
612	2016-04-15	17.58	17.52	17.91	17.309999	16350400	0.0034246575342465023	0.05999999999999872	0.03418809116809111	
613	2016-04-18	17.309999	17.709999	17.719999	17.059999	17313300	-0.022586110817962135	-0.3999999999999986	0.03769274915435461	
614	2016-04-19	16.92	17.370001	17.389999	16.68	24789800	-0.025906791830351467	-0.45000099999999676	0.04141143069666284	
615	2016-04-20	17.40	16.940001	17.52	16.90	17775000	0.027154602883435477	0.4599989999999998	0.03610949225074286	
616	2016-04-21	17.51	17.48	17.77	17.42	13616700	0.0017162471395881656	0.030000000000001137	0.02000571591883383	
617	2016-04-22	17.23	17.33	17.51	17.02	14878000	-0.005770340450086433	-0.09999999999999787	0.028356481481481594	
618	2016-04-25	17.09	17.200001	17.75	16.879999	18992700	-0.006395406604918248	-0.11000100000000046	0.05074371388907212	
619	2016-04-26	17.75	17.209999	17.98	17.08	44649400	0.031377166262473354	0.5400010000000002	0.05148741566039531	
620	2016-04-27	14.86	15.15	15.28	14.81	84880300	-0.019141914191419203	-0.2900000000000009	0.03132289236921019	
621	2016-04-28	14.64	14.85	15.09	14.62	34792400	-0.01414141414141408	-0.20999999999999908	0.03187521193624962	
622	2016-04-29	14.62	14.70	14.93	14.32	26882400	-0.005442176870748304	-0.08000000000000007	0.04160982264665753	
623	2016-05-02	14.40	14.73	14.77	14.17	26129200	-0.022403258655804486	-0.33000000000000007	0.04119464469618947	
624	2016-05-03	14.01	14.22	14.25	13.90	26044600	-0.014767932489451536	-0.21000000000000085	0.024796315975912125	
625	2016-05-04	14.84	13.95	14.88	13.92	41538800	0.06379928315412191	0.8900000000000006	0.0666898228551581	
626	2016-05-05	14.12	14.93	14.98	14.08	29135600	-0.05425318151373078	-0.8100000000000005	0.06196213425129091	
627	2016-05-06	14.40	14.12	14.40	13.98	21219400	0.01983002832861198	0.28000000000000114	0.02945301542776998	
628	2016-05-09	14.20	14.28	14.47	14.15	11481000	-0.005602240896358549	-0.08000000000000007	0.022471910112359574	
629	2016-05-10	14.63	14.17	14.69	14.16	14597200	0.03246294989414261	0.46000000000000085	0.03680555555555551	
630	2016-05-11	14.59	14.61	14.86	14.44	13790200	-0.0013689253935660216	-0.019999999999999574	0.02876712328767123	
631	2016-05-12	14.08	14.63	14.68	14.00	19863300	-0.03759398496240606	-0.5500000000000007	0.04737025426680597	
632	2016-05-13	14.10	14.06	14.28	14.00	12711600	0.0028449502133712054	0.03999999999999915	0.01988636363636359	
633	2016-05-16	14.29	14.09	14.37	14.06	11578600	0.014194464158977948	0.1999999999999993	0.021846370683579898	
634	2016-05-17	14.34	14.21	14.59	14.13	15580900	0.009148486980999225	0.129999999999999	0.03222416812609451	
635	2016-05-18	14.14	14.35	14.57	14.05	14290100	-0.014634146341463351	-0.20999999999999908	0.03650403650403647	
636	2016-05-19	14.15	14.15	14.31	14.04	15882200	0.0	0.0	0.01908127208480575	
637	2016-05-20	14.43	14.20	14.51	14.16	18497400	0.01619718309859158	0.23000000000000043	0.024449877750611224	
638	2016-05-23	14.41	14.40	14.60	14.33	12933400	0.0006944444444444296	0.009999999999999787	0.01874349184311	
639	2016-05-24	14.03	14.22	14.22	13.73	36233900	-0.013361462728551425	-0.19000000000000128	0.03469026548672568	
640	2016-05-25	14.41	14.07	14.57	14.06	23176700	0.024164889836531617	0.33999999999999986	0.03581460674157302	
641	2016-05-26	14.30	14.45	14.48	14.19	21131600	-0.010380622837370145	-0.14999999999999858	0.020173913043478327	
642	2016-05-27	15.10	14.25	15.10	14.23	28360000	0.05964912280701752	0.8499999999999996	0.059284497444633676	
643	2016-05-31	15.22	15.12	15.49	15.08	24296600	0.006613756613756708	0.10000000000000142	0.027027027027027035	
644	2016-06-01	15.02	15.22	15.22	14.62	18249900	-0.013140604467805588	-0.20000000000000107	0.03968253968253977	
645	2016-06-02	15.20	15.04	15.26	14.85	13186100	0.010638297872340436	0.16000000000000014	0.02711640211640213	
646	2016-06-03	15.20	15.11	15.35	14.96	15496600	0.0059563203176704075	0.08999999999999986	0.025734081161332814	
647	2016-06-06	15.27	15.22	15.45	15.18	13768500	0.00328515111695131	0.049999999999998934	0.017710724827812368	
648	2016-06-07	15.00	15.36	15.37	14.91	16518000	-0.023437499999999965	-0.35999999999999943	0.03030303030303024	
649	2016-06-08	14.95	15.07	15.12	14.81	12991000	-0.007962840079628466	-0.120000000000001	0.020652898067954614	
650	2016-06-09	14.60	14.84	14.86	14.59	12398100	-0.01617250673854449	-0.2400000000000002	0.0183423913043478	
651	2016-06-10	14.02	14.45	14.45	14.00	22092800	-0.02975778546712801	-0.4299999999999997	0.031612223393045265	
652	2016-06-13	14.55	14.63	15.30	14.51	43160900	-0.005468215994531789	-0.08000000000000007	0.05414667580534619	
653	2016-06-14	15.36	14.82	15.42	14.80	37395700	0.036437246963562694	0.5399999999999991	0.04108681245858179	
654	2016-06-15	15.96	15.71	16.440001	15.71	53535200	0.015913430935709738	0.25	0.04610047363435414	
655	2016-06-16	15.87	15.90	15.95	15.40	23618700	-0.00188679245283026	-0.030000000000001137	0.03462385898646515	
656	2016-06-17	16.10	16.16	16.370001	15.96	32254100	-0.0037128712871286338	-0.05999999999999872	0.025418536887786582	
657	2016-06-20	16.34	16.34	16.639999	16.15	22876100	0.0	0.0	0.02998769889840887	
658	2016-06-21	16.32	16.48	16.559999	16.17	15086500	-0.009708737864077678	-0.16000000000000014	0.023780426829268266	
659	2016-06-22	16.129999	16.27	16.32	16.049999	13791500	-0.008604855562384637	-0.14000099999999804	0.01666672890946698	
660	2016-06-23	17.040001	16.299999	17.07	16.280001	25373100	0.04539889849073	0.7400020000000005	0.04739046190761857	
661	2016-06-24	16.440001	16.24	16.90	16.200001	31560100	0.012315332512315291	0.20000100000000032	0.042839594772350116	
662	2016-06-27	15.84	16.290001	16.40	15.46	23461800	-0.02762436908383249	-0.4500010000000003	0.05851229198530045	
663	2016-06-28	16.42	16.24	16.639999	16.16	18717300	0.011083743842364734	0.18000000000000327	0.02939369259032452	
664	2016-06-29	16.83	16.60	17.01	16.43	18236000	0.013855421686746798	0.22999999999999687	0.03469937182171713	
665	2016-06-30	16.91	16.799999	17.00	16.73	14111000	0.0065476789611713946	0.11000100000000046	0.016018985939453726	
666	2016-07-01	17.280001	16.93	17.50	16.90	20744500	0.02067341996455989	0.3500009999999989	0.03507746170483897	
667	2016-07-05	17.139999	17.25	17.280001	16.76	15718000	-0.006376869565217418	-0.11000100000000046	0.030241408265234145	
668	2016-07-06	17.200001	17.02	17.34	16.809999	15665700	0.01057585193889546	0.18000100000000074	0.030976094945175406	
669	2016-07-07	17.370001	17.24	17.68	17.24	13492900	0.007540661252900234	0.13000100000000003	0.025426176670725973	
670	2016-07-08	18.08	17.530001	18.16	17.469999	24884000	0.031374727246165	0.5499989999999997	0.03875321430066788	
671	2016-07-11	17.709999	17.59	17.879999	17.52	24041900	0.006822001137009663	0.11999899999999997	0.020396544487154347	
672	2016-07-12	18.10	17.98	18.379999	17.92	23816200	0.006674082313681924	0.120000000000001	0.025498835920177376	
673	2016-07-13	17.74	18.209999	18.32	17.50	17931900	-0.025809941010979814	-0.4699990000000014	0.04561891642889895	
674	2016-07-14	17.959999	18.02	18.280001	17.91	19585300	-0.003329689234184226	-0.06000099999999975	0.02056703781453682	
675	2016-07-15	18.08	17.98	18.18	17.809999	17371200	0.005561735261401439	0.09999999999999787	0.020521408763172405	
676	2016-07-18	18.65	18.290001	18.75	18.049999	29731200	0.019682831072562457	0.3599989999999984	0.03789934927180973	
677	2016-07-19	18.33	18.51	18.90	18.27	27283400	-0.009724473257698717	-0.18000000000000327	0.03420195439739408	
678	2016-07-20	18.559999	18.52	18.76	18.450001	15029200	0.0021597732181426387	0.03999900000000167	0.01672055061274415	
679	2016-07-21	18.389999	18.57	18.799999	18.35	13907800	-0.009693107162089432	-0.18000100000000074	0.024350595896931615	
680	2016-07-22	18.370001	18.120001	18.389999	17.76	19639500	0.013796908730854927	0.25	0.034529951519322914	
681	2016-07-25	18.65	18.43	18.700001	18.17	21485300	0.011937059142702055	0.21999999999999886	0.028586893203883423	
682	2016-07-26	18.450001	18.52	18.65	18.16	44132800	-0.0037796436285096793	-0.06999899999999926	0.02650797872577815	
683	2016-07-27	15.77	16.34	16.59	15.69	83161900	-0.03488372093023258	-0.5700000000000003	0.0560573030208658	
684	2016-07-28	16.309999	15.89	16.34	15.88	31442400	0.026431655129011997	0.4199990000000007	0.028571429458739982	
685	2016-07-29	16.639999	16.389999	16.74	16.24	26057200	0.015253204103307145	0.25	0.030275508947956945	
686	2016-08-01	16.639999	16.65	16.85	16.40	26053200	-0.000600660660660603	-0.010000999999999038	0.027035146501506527	
687	2016-08-02	16.42	16.610001	16.700001	16.200001	16611300	-0.011438951749611499	-0.19000099999999875	0.03027550619813787	
688	2016-08-03	17.610001	16.34	17.879999	16.33	55611400	0.07772343941248473	1.2700010000000006	0.09131068950483996	
689	2016-08-04	18.129999	17.57	18.309999	17.360001	33119100	0.03187245304496308	0.5599990000000012	0.05322117796137757	
690	2016-08-05	18.26	18.190001	18.58	18.139999	22811700	0.003848213092456829	0.06999900000000281	0.02414271538703106	
691	2016-08-08	18.200001	18.25	18.48	17.93	15502800	-0.002739671232876695	-0.04999899999999968	0.030178325646685208	
692	2016-08-09	18.68	18.17	18.790001	17.969999	19105500	0.02806824435883313	0.509999999999998	0.0445048575305291	
693	2016-08-10	19.040001	18.67	19.57	18.559999	28482300	0.019817943224424126	0.37000099999999847	0.05356674480066966	
694	2016-08-11	19.780001	19.17	19.83	19.110001	30807900	0.031820605112154246	0.6100009999999969	0.036970422670849115	
695	2016-08-12	19.540001	19.709999	19.709999	19.01	28209600	-0.008624962385842823	-0.16999799999999965	0.03566873885350309	
696	2016-08-15	20.860001	19.85	21.10	19.83	58516000	0.050881662468513805	1.010000999999999	0.062392531014676365	
697	2016-08-16	20.40	20.780001	20.790001	20.290001	23230600	-0.018286861487639007	-0.38000100000000003	0.024283632241776782	
698	2016-08-17	20.17	20.43	20.440001	19.90	22721200	-0.012726382770435536	-0.259999999999998	0.026601034482758627	
699	2016-08-18	19.00	19.559999	19.60	18.92	47070200	-0.028629807189663008	-0.5599990000000012	0.03526971045823936	
700	2016-08-19	18.98	18.959999	19.309999	18.76	16962500	0.0010549051189296266	0.0200010000000006	0.0289930951236978	
701	2016-08-22	18.549999	18.950001	18.959999	18.52	17424500	-0.02110828384652859	-0.40000200000000063	0.023466613333333348	
702	2016-08-23	18.690001	18.65	18.93	18.65	14011200	0.0021448257372654253	0.040001000000000175	0.01499732150516017	
703	2016-08-24	18.25	18.799999	18.969999	18.200001	16601100	-0.029255267513578043	-0.5499989999999997	0.04156534525142638	
